Vernier Format 2
0.1.txt 1/28/2019 20:20:35
Run 1
Time	Position	Velocity	Acceleration	
T	P	V	A	
s	m	m/s	m/s^2	

0.00	0.499	-0.043	0.296	
0.03	0.498	-0.039	0.408	
0.07	0.495	-0.014	0.421	
0.10	0.497	0.003	0.126	
0.13	0.497	-0.017	0.095	
0.17	0.495	0.000	0.268	
0.20	0.497	0.017	0.062	
0.23	0.497	0.004	-0.122	
0.27	0.497	-0.001	-0.065	
0.30	0.497	-0.000	0.018	
0.33	0.497	0.002	0.059	
0.37	0.497	0.004	0.072	
0.40	0.497	0.008	0.048	
0.43	0.498	0.008	0.010	
0.47	0.498	0.008	0.003	
0.50	0.498	0.007	0.028	
0.53	0.498	0.009	0.061	
0.57	0.499	0.011	0.077	
0.60	0.499	0.015	0.080	
0.63	0.500	0.020	-0.005	
0.67	0.500	0.015	-0.099	
0.70	0.501	0.009	-0.080	
0.73	0.501	0.008	-0.027	
0.77	0.501	0.010	-0.028	
0.80	0.501	0.006	-0.025	
0.83	0.501	0.006	0.036	
0.87	0.502	0.010	0.075	
0.90	0.502	0.013	0.064	
0.93	0.503	0.013	0.070	
0.97	0.503	0.014	0.143	
1.00	0.503	0.028	0.072	
1.03	0.505	0.027	-0.218	
1.07	0.505	0.008	-0.376	
1.10	0.506	-0.003	-0.378	
1.13	0.506	-0.022	-0.223	
1.17	0.504	-0.022	0.042	
1.20	0.504	-0.011	0.100	
1.23	0.503	-0.010	0.005	
1.27	0.503	-0.013	-0.051	
1.30	0.502	-0.017	-0.013	
1.33	0.502	-0.015	0.053	
1.37	0.501	-0.011	0.049	
1.40	0.501	-0.011	0.028	
1.43	0.501	-0.011	0.068	
1.47	0.500	-0.006	0.098	
1.50	0.500	-0.001	0.040	
1.53	0.500	-0.004	-0.011	
1.57	0.500	-0.004	-0.013	
1.60	0.500	-0.004	-0.025	
1.63	0.500	-0.005	-0.046	
1.67	0.500	-0.008	-0.048	
1.70	0.499	-0.009	-0.025	
1.73	0.499	-0.010	0.011	
1.77	0.499	-0.008	0.033	
1.80	0.499	-0.007	0.047	
1.83	0.498	-0.005	0.062	
1.87	0.498	-0.003	0.065	
1.90	0.498	-0.001	0.070	
1.93	0.498	0.003	0.039	
1.97	0.498	0.001	0.032	
2.00	0.498	0.004	0.071	
2.03	0.499	0.008	0.055	
2.07	0.499	0.008	0.022	
2.10	0.499	0.008	0.017	
2.13	0.499	0.008	0.028	
2.17	0.500	0.010	0.048	
2.20	0.500	0.012	0.049	
2.23	0.500	0.012	0.063	
2.27	0.500	0.021	-0.043	
2.30	0.503	0.011	-0.161	
2.33	0.501	-0.002	0.047	
2.37	0.501	0.012	0.284	
2.40	0.502	0.029	0.194	
2.43	0.504	0.031	-0.082	
2.47	0.504	0.018	-0.212	
2.50	0.505	0.011	-0.168	
2.53	0.505	0.006	-0.090	
2.57	0.505	0.006	-0.026	
2.60	0.505	0.006	-0.005	
2.63	0.506	0.007	-0.039	
2.67	0.506	0.003	-0.078	
2.70	0.506	0.000	-0.072	
2.73	0.506	-0.002	-0.057	
2.77	0.506	-0.003	-0.069	
2.80	0.506	-0.005	-0.111	
2.83	0.505	-0.010	-0.137	
2.87	0.505	-0.021	-0.000	
2.90	0.503	-0.009	0.103	
2.93	0.505	0.000	-0.138	
2.97	0.504	-0.024	-0.226	
3.00	0.502	-0.029	0.053	
3.03	0.502	-0.017	0.255	
3.07	0.502	-0.007	0.309	
3.10	0.501	0.009	0.171	
3.13	0.503	0.010	-0.118	
3.17	0.502	-0.005	-0.229	
3.20	0.502	-0.011	-0.181	
3.23	0.501	-0.015	-0.154	
3.27	0.501	-0.026	-0.017	
3.30	0.499	-0.015	0.086	
3.33	0.501	-0.012	-0.010	
3.37	0.499	-0.022	0.049	
3.40	0.498	-0.011	0.163	
3.43	0.498	-0.005	0.127	
3.47	0.498	-0.003	0.080	
3.50	0.498	-0.001	0.058	
3.53	0.498	0.001	0.046	
3.57	0.498	0.002	0.032	
3.60	0.498	0.002	0.058	
3.63	0.498	0.005	0.113	
3.67	0.498	0.010	0.159	
3.70	0.499	0.014	0.213	
3.73	0.499	0.029	0.129	
3.77	0.501	0.030	-0.119	
3.80	0.501	0.015	-0.208	
3.83	0.502	0.010	-0.149	
3.87	0.502	0.008	-0.150	
3.90	0.502	0.003	-0.203	
3.93	0.503	-0.012	-0.073	
3.97	0.501	-0.010	0.267	
4.00	0.501	0.011	0.442	
4.03	0.502	0.033	0.234	
4.07	0.504	0.031	-0.126	
4.10	0.504	0.015	-0.236	
4.13	0.505	0.009	-0.147	
4.17	0.505	0.007	-0.075	
4.20	0.505	0.006	-0.041	
4.23	0.505	0.005	-0.035	
4.27	0.506	0.004	-0.049	
4.30	0.506	0.001	-0.049	
4.33	0.506	0.000	-0.035	
4.37	0.506	-0.001	-0.035	
4.40	0.506	-0.002	-0.039	
4.43	0.505	-0.003	-0.045	
4.47	0.506	-0.005	-0.049	
4.50	0.505	-0.007	-0.035	
4.53	0.505	-0.008	-0.020	
4.57	0.505	-0.008	-0.016	
4.60	0.505	-0.008	-0.021	
4.63	0.504	-0.010	-0.012	
4.67	0.504	-0.010	0.013	
4.70	0.503	-0.009	0.035	
4.73	0.503	-0.006	0.007	
4.77	0.503	-0.008	-0.039	
4.80	0.503	-0.010	-0.040	
4.83	0.502	-0.011	-0.009	
4.87	0.502	-0.010	0.021	
4.90	0.502	-0.009	0.022	
4.93	0.501	-0.009	0.026	
4.97	0.501	-0.008	0.038	
5.00	0.501	-0.006	0.031	
5.03	0.501	-0.005	0.020	
5.07	0.500	-0.005	0.020	
5.10	0.500	-0.004	0.034	
5.13	0.500	-0.003	0.041	
5.17	0.500	-0.001	0.027	
5.20	0.500	-0.001	0.009	
5.23	0.500	-0.001	0.017	
5.27	0.500	0.000	0.036	
5.30	0.500	0.002	0.030	
5.33	0.500	0.003	-0.002	
5.37	0.500	0.003	-0.043	
5.40	0.500	-0.001	-0.050	
5.43	0.501	-0.007	0.109	
5.47	0.499	0.007	0.241	
5.50	0.501	0.021	0.061	
5.53	0.501	0.009	-0.085	
5.57	0.501	0.007	-0.041	
5.60	0.502	0.008	-0.018	
5.63	0.502	0.008	-0.020	
5.67	0.502	0.006	-0.014	
5.70	0.502	0.007	-0.011	
5.73	0.503	0.006	-0.013	
5.77	0.503	0.006	-0.012	
5.80	0.503	0.006	-0.033	
5.83	0.503	0.003	-0.045	
5.87	0.503	0.001	-0.022	
5.90	0.503	0.002	-0.005	
5.93	0.504	0.002	-0.009	
5.97	0.503	0.001	-0.005	
6.00	0.504	0.002	-0.004	
6.03	0.504	0.001	-0.009	
6.07	0.504	0.001	-0.023	
6.10	0.504	-0.000	-0.045	
6.13	0.504	-0.002	-0.046	
6.17	0.504	-0.004	-0.029	
6.20	0.503	-0.004	-0.020	
6.23	0.503	-0.005	-0.020	
6.27	0.503	-0.006	-0.001	
6.30	0.503	-0.004	-0.003	
6.33	0.503	-0.005	-0.031	
6.37	0.502	-0.007	-0.060	
6.40	0.502	-0.008	-0.099	
6.43	0.502	-0.014	-0.098	
6.47	0.501	-0.023	0.100	
6.50	0.500	-0.006	0.268	
6.53	0.501	0.008	0.088	
6.57	0.501	-0.002	-0.077	
6.60	0.501	-0.004	-0.061	
6.63	0.501	-0.006	-0.027	
6.67	0.500	-0.006	0.022	
6.70	0.500	-0.003	0.044	
6.73	0.500	-0.002	0.043	
6.77	0.500	-0.000	0.034	
6.80	0.500	0.000	0.021	
6.83	0.500	0.001	0.008	
6.87	0.500	-0.000	0.017	
6.90	0.500	0.002	0.034	
6.93	0.500	0.003	0.020	
6.97	0.500	0.002	0.019	
7.00	0.500	0.004	0.025	
7.03	0.501	0.005	0.000	
7.07	0.501	0.003	0.011	
7.10	0.501	0.005	0.042	
7.13	0.501	0.008	0.021	
7.17	0.501	0.007	-0.001	
7.20	0.502	0.007	-0.008	
7.23	0.502	0.007	-0.021	
7.27	0.502	0.005	-0.005	
7.30	0.502	0.006	0.023	
7.33	0.502	0.008	0.007	
7.37	0.503	0.006	-0.009	
7.40	0.503	0.006	0.001	
7.43	0.503	0.007	-0.005	
7.47	0.503	0.007	-0.031	
7.50	0.504	0.004	-0.040	
7.53	0.504	0.004	-0.041	
7.57	0.504	0.001	-0.038	
7.60	0.504	0.001	-0.019	
7.63	0.504	0.001	-0.023	
7.67	0.504	-0.001	-0.022	
7.70	0.504	-0.001	-0.004	
7.73	0.504	0.000	-0.023	
7.77	0.504	-0.003	-0.050	
7.80	0.503	-0.005	-0.029	
7.83	0.503	-0.004	-0.012	
7.87	0.503	-0.005	-0.018	
7.90	0.503	-0.006	-0.008	
7.93	0.503	-0.005	-0.018	
7.97	0.503	-0.007	-0.031	
8.00	0.502	-0.008	-0.007	
8.03	0.502	-0.007	0.002	
8.07	0.502	-0.008	0.001	
8.10	0.502	-0.008	0.026	
8.13	0.501	-0.006	0.038	
8.17	0.501	-0.003	-0.001	
8.20	0.501	-0.007	-0.010	
8.23	0.501	-0.005	0.017	
8.27	0.501	-0.004	0.011	
8.30	0.500	-0.005	0.021	
8.33	0.500	-0.003	0.035	
8.37	0.500	-0.002	0.015	
8.40	0.500	-0.003	0.015	
8.43	0.500	-0.001	0.024	
8.47	0.500	-0.001	0.015	
8.50	0.500	-0.001	0.026	
8.53	0.500	0.001	0.031	
8.57	0.500	0.002	0.019	
8.60	0.500	0.002	0.027	
8.63	0.500	0.004	0.032	
8.67	0.501	0.005	0.022	
8.70	0.500	0.004	0.033	
8.73	0.501	0.007	0.037	
8.77	0.501	0.008	0.010	
8.80	0.501	0.007	0.003	
8.83	0.501	0.007	0.027	
8.87	0.502	0.011	-0.004	
8.90	0.502	0.007	-0.038	
8.93	0.502	0.006	-0.018	
8.97	0.503	0.007	-0.014	
9.00	0.503	0.006	-0.018	
9.03	0.503	0.005	-0.018	
9.07	0.503	0.005	-0.023	
9.10	0.503	0.003	-0.020	
9.13	0.503	0.003	-0.011	
9.17	0.504	0.003	-0.020	
9.20	0.504	0.001	-0.024	
9.23	0.504	0.001	-0.008	
9.27	0.504	0.002	-0.027	
9.30	0.504	-0.001	-0.042	
9.33	0.503	-0.002	-0.025	
9.37	0.504	-0.002	-0.028	
9.40	0.503	-0.004	-0.022	
9.43	0.503	-0.004	0.003	
9.47	0.503	-0.003	0.005	
9.50	0.503	-0.002	-0.031	
9.53	0.503	-0.006	-0.049	
9.57	0.503	-0.006	-0.040	
9.60	0.503	-0.009	-0.016	
9.63	0.502	-0.008	0.028	
9.67	0.502	-0.005	0.022	
9.70	0.502	-0.006	-0.012	
9.73	0.502	-0.008	-0.002	
9.77	0.501	-0.006	0.017	
9.80	0.501	-0.006	0.014	
9.83	0.501	-0.006	0.026	
9.87	0.501	-0.004	0.030	
9.90	0.501	-0.003	0.015	
9.93	0.501	-0.004	0.017	
9.97	0.500	-0.002	0.013	
10.00	0.501	-0.002	0.008	
10.03	0.500	-0.003	0.038	
10.07	0.500	0.001	0.048	
10.10	0.500	0.002	0.029	
10.13	0.500	0.002	0.039	
10.17	0.500	0.004	0.067	
10.20	0.501	0.008	0.059	
10.23	0.501	0.007	0.051	
10.27	0.501	0.010	0.051	
10.30	0.502	0.013	-0.005	
10.33	0.502	0.011	-0.088	
10.37	0.502	0.007	-0.163	
10.40	0.502	0.001	-0.230	
10.43	0.503	-0.015	-0.108	
10.47	0.501	-0.013	0.177	
10.50	0.501	0.004	0.278	
10.53	0.502	0.010	0.260	
10.57	0.502	0.018	0.274	
10.60	0.502	0.035	0.078	
10.63	0.505	0.031	-0.297	
10.67	0.505	0.007	-0.426	
10.70	0.505	-0.012	-0.167	
10.73	0.504	-0.009	0.198	
10.77	0.504	0.018	0.121	
10.80	0.506	0.014	-0.339	
10.83	0.506	-0.021	-0.389	
10.87	0.503	-0.026	-0.065	
10.90	0.504	-0.013	0.011	
10.93	0.503	-0.021	-0.006	
10.97	0.502	-0.027	0.268	
11.00	0.500	0.001	0.418	
11.03	0.503	0.019	0.107	
11.07	0.502	0.005	-0.154	
11.10	0.503	-0.001	-0.148	
11.13	0.502	-0.009	0.012	
11.17	0.502	-0.002	0.192	
11.20	0.502	0.016	0.050	
11.23	0.504	0.002	-0.114	
11.27	0.502	-0.003	-0.014	
11.30	0.503	0.008	-0.071	
11.33	0.503	-0.005	-0.165	
11.37	0.502	-0.010	-0.096	
11.40	0.502	-0.011	-0.036	
11.43	0.502	-0.011	0.001	
11.47	0.502	-0.011	0.035	
11.50	0.501	-0.009	0.067	
11.53	0.501	-0.004	0.034	
11.57	0.501	-0.006	-0.005	
11.60	0.500	-0.007	0.011	
11.63	0.500	-0.006	0.033	
11.67	0.500	-0.004	0.054	
11.70	0.500	-0.002	0.070	
11.73	0.500	0.001	0.056	
11.77	0.500	0.002	0.025	
11.80	0.500	0.002	0.008	
11.83	0.500	0.002	0.010	
11.87	0.500	0.002	0.041	
11.90	0.500	0.005	0.067	
11.93	0.501	0.008	0.046	
11.97	0.501	0.008	0.023	
12.00	0.501	0.009	0.031	
12.03	0.502	0.010	0.037	
12.07	0.502	0.012	0.018	
12.10	0.502	0.012	-0.016	
12.13	0.503	0.010	-0.028	
12.17	0.503	0.009	-0.007	
12.20	0.503	0.009	0.028	
12.23	0.504	0.013	0.012	
12.27	0.504	0.011	-0.027	
12.30	0.504	0.010	-0.044	
12.33	0.505	0.008	-0.051	
12.37	0.505	0.006	-0.039	
12.40	0.505	0.005	-0.027	
12.43	0.505	0.005	-0.029	
12.47	0.506	0.003	-0.032	
12.50	0.505	0.002	-0.038	
12.53	0.506	0.001	-0.057	
12.57	0.506	-0.002	-0.061	
12.60	0.506	-0.004	-0.038	
12.63	0.505	-0.004	-0.028	
12.67	0.505	-0.005	-0.033	
12.70	0.505	-0.007	-0.028	
12.73	0.505	-0.006	-0.035	
12.77	0.505	-0.008	-0.049	
12.80	0.504	-0.011	-0.027	
12.83	0.504	-0.011	0.018	
12.87	0.504	-0.008	0.013	
12.90	0.503	-0.010	-0.012	
12.93	0.503	-0.010	-0.010	
12.97	0.503	-0.010	-0.007	
13.00	0.502	-0.010	-0.006	
13.03	0.502	-0.010	-0.016	
13.07	0.501	-0.011	-0.051	
13.10	0.501	-0.013	-0.104	
13.13	0.501	-0.016	-0.164	
13.17	0.501	-0.029	-0.085	
13.20	0.498	-0.028	0.150	
13.23	0.498	-0.013	0.241	
13.27	0.498	-0.007	0.175	
13.30	0.498	-0.003	0.108	
13.33	0.498	-0.000	0.059	
13.37	0.498	0.001	0.027	
13.40	0.498	0.001	0.027	
13.43	0.498	0.001	0.089	
13.47	0.498	0.006	0.178	
13.50	0.498	0.012	0.264	
13.53	0.498	0.029	0.186	
13.57	0.501	0.032	-0.095	
13.60	0.501	0.016	-0.204	
13.63	0.501	0.012	-0.118	
13.67	0.502	0.010	-0.060	
13.70	0.502	0.010	-0.063	
13.73	0.502	0.007	-0.118	
13.77	0.502	0.003	-0.185	
13.80	0.503	-0.011	-0.078	
13.83	0.501	-0.010	0.237	
13.87	0.502	0.010	0.402	
13.90	0.502	0.029	0.226	
13.93	0.504	0.030	-0.105	
13.97	0.504	0.014	-0.232	
14.00	0.505	0.007	-0.148	
14.03	0.505	0.005	-0.065	
14.07	0.505	0.005	-0.029	
14.10	0.505	0.004	-0.034	
14.13	0.505	0.003	-0.045	
14.17	0.505	0.001	-0.042	
14.20	0.505	0.001	-0.053	
14.23	0.505	-0.003	-0.053	
14.27	0.505	-0.003	-0.043	
14.30	0.505	-0.005	-0.053	
14.33	0.505	-0.007	-0.075	
14.37	0.505	-0.009	-0.131	
14.40	0.504	-0.014	-0.212	
14.43	0.504	-0.028	-0.152	
14.47	0.502	-0.032	0.116	
14.50	0.501	-0.017	0.298	
14.53	0.501	-0.007	0.309	
14.57	0.501	0.008	0.164	
14.60	0.502	0.009	-0.115	
14.63	0.502	-0.006	-0.233	
14.67	0.501	-0.011	-0.215	
14.70	0.501	-0.017	-0.230	
14.73	0.501	-0.031	-0.110	
14.77	0.499	-0.030	0.151	
14.80	0.498	-0.014	0.247	
14.83	0.498	-0.007	0.168	
14.87	0.498	-0.005	0.115	
14.90	0.498	-0.000	0.069	
14.93	0.498	0.000	0.022	
14.97	0.498	0.000	0.010	
15.00	0.498	0.000	0.014	
15.03	0.498	0.001	0.030	
15.07	0.498	0.002	0.038	
15.10	0.498	0.004	0.027	
15.13	0.498	0.004	0.027	
15.17	0.498	0.005	0.039	
15.20	0.499	0.007	0.036	
15.23	0.499	0.007	0.052	
15.27	0.499	0.009	0.107	
15.30	0.499	0.013	0.185	
15.33	0.499	0.028	0.074	
15.37	0.501	0.026	-0.249	
15.40	0.502	0.006	-0.413	
15.43	0.502	-0.014	-0.238	
15.47	0.500	-0.015	0.089	
15.50	0.500	-0.000	0.219	
15.53	0.501	0.007	0.128	
15.57	0.501	0.008	0.022	
15.60	0.501	0.007	-0.038	
15.63	0.501	0.004	-0.044	
15.67	0.501	0.003	-0.016	
15.70	0.502	0.003	0.027	
15.73	0.501	0.004	0.086	
15.77	0.502	0.008	0.137	
15.80	0.502	0.019	0.019	
15.83	0.504	0.015	-0.260	
15.87	0.503	-0.003	-0.395	
15.90	0.503	-0.022	-0.207	
15.93	0.501	-0.023	0.167	
15.97	0.501	-0.005	0.365	
16.00	0.501	0.013	0.207	
16.03	0.503	0.013	-0.098	
16.07	0.502	-0.001	-0.200	
16.10	0.502	-0.006	-0.116	
16.13	0.502	-0.008	-0.037	
16.17	0.502	-0.007	0.003	
16.20	0.501	-0.006	-0.013	
16.23	0.501	-0.005	-0.115	
16.27	0.501	-0.013	-0.230	
16.30	0.501	-0.028	-0.140	
16.33	0.499	-0.028	0.114	
16.37	0.498	-0.014	0.211	
16.40	0.498	-0.009	0.148	
16.43	0.498	-0.005	0.089	
16.47	0.498	-0.003	0.043	
16.50	0.498	-0.003	0.021	
16.53	0.498	-0.002	0.016	
16.57	0.497	-0.002	0.024	
16.60	0.498	-0.001	0.026	
16.63	0.497	0.000	0.023	
16.67	0.498	0.001	0.027	
16.70	0.497	0.002	0.030	
16.73	0.498	0.003	0.038	
16.77	0.498	0.003	0.092	
16.80	0.498	0.007	0.181	
16.83	0.498	0.015	0.260	
16.87	0.498	0.032	0.124	
16.90	0.501	0.029	-0.165	
16.93	0.501	0.013	-0.229	
16.97	0.501	0.007	-0.114	
17.00	0.501	0.007	-0.030	
17.03	0.502	0.008	-0.004	
17.07	0.502	0.008	-0.013	
17.10	0.502	0.007	-0.032	
17.13	0.502	0.005	-0.041	
17.17	0.502	0.003	-0.026	
17.20	0.502	0.003	-0.005	
17.23	0.503	0.004	-0.006	
17.27	0.503	0.003	-0.016	
17.30	0.503	0.003	-0.019	
17.33	0.503	0.002	-0.026	
17.37	0.503	0.001	-0.027	
17.40	0.503	0.000	-0.023	
17.43	0.503	-0.001	-0.026	
17.47	0.503	-0.002	-0.020	
17.50	0.503	-0.002	-0.008	
17.53	0.503	-0.002	-0.005	
17.57	0.503	-0.002	-0.023	
17.60	0.503	-0.004	-0.034	
17.63	0.502	-0.005	-0.023	
17.67	0.502	-0.005	-0.019	
17.70	0.502	-0.006	-0.025	
17.73	0.502	-0.007	-0.032	
17.77	0.501	-0.008	-0.057	
17.80	0.501	-0.009	-0.124	
17.83	0.501	-0.014	-0.209	
17.87	0.501	-0.029	-0.136	
17.90	0.499	-0.030	0.115	
17.93	0.498	-0.016	0.233	
17.97	0.498	-0.009	0.211	
18.00	0.498	-0.004	0.215	
18.03	0.498	0.003	0.245	
18.07	0.498	0.018	0.139	
18.10	0.499	0.018	-0.103	
18.13	0.499	0.004	-0.171	
18.17	0.499	0.000	-0.071	
18.20	0.499	0.002	-0.022	
18.23	0.499	0.001	-0.017	
18.27	0.499	0.000	-0.008	
18.30	0.499	0.001	-0.024	
18.33	0.499	0.001	-0.084	
18.37	0.500	-0.003	-0.168	
18.40	0.499	-0.016	-0.100	
18.43	0.498	-0.016	0.121	
18.47	0.498	-0.003	0.203	
18.50	0.498	0.003	0.131	
18.53	0.498	0.005	0.063	
18.57	0.499	0.006	0.037	
18.60	0.499	0.007	0.036	
18.63	0.499	0.008	0.058	
18.67	0.499	0.010	0.117	
18.70	0.500	0.015	0.175	
18.73	0.500	0.026	0.092	
18.77	0.502	0.025	-0.109	
18.80	0.502	0.014	-0.173	
18.83	0.502	0.011	-0.139	
18.87	0.503	0.005	-0.097	
18.90	0.502	0.004	-0.038	
18.93	0.503	0.004	-0.028	
18.97	0.503	0.002	-0.040	
19.00	0.503	0.001	-0.040	
19.03	0.503	-0.000	-0.034	
19.07	0.503	-0.002	-0.021	
19.10	0.503	-0.002	-0.006	
19.13	0.503	-0.001	-0.018	
19.17	0.503	-0.003	-0.046	
19.20	0.503	-0.005	-0.075	
19.23	0.502	-0.007	-0.103	
19.27	0.502	-0.012	-0.099	
19.30	0.502	-0.021	0.085	
19.33	0.500	-0.006	0.248	
19.37	0.501	0.008	0.070	
19.40	0.501	-0.002	-0.116	
19.43	0.501	-0.006	-0.130	
19.47	0.501	-0.010	-0.107	
19.50	0.501	-0.020	0.095	
19.53	0.499	-0.003	0.245	
19.57	0.501	0.010	0.058	
19.60	0.500	-0.001	-0.100	
19.63	0.500	-0.005	-0.065	
19.67	0.500	-0.005	-0.003	
19.70	0.500	-0.003	0.025	
19.73	0.500	-0.003	0.023	
19.77	0.500	-0.002	0.019	
19.80	0.499	-0.001	-0.017	
19.83	0.500	-0.002	-0.092	
19.87	0.499	-0.006	-0.168	
19.90	0.500	-0.018	-0.088	
19.93	0.498	-0.018	0.152	
19.97	0.498	-0.002	0.255	
20.00	0.498	0.003	0.244	
20.03	0.498	0.010	0.282	
20.07	0.498	0.027	0.179	
20.10	0.501	0.028	-0.074	
20.13	0.501	0.015	-0.158	
20.17	0.501	0.014	-0.118	
20.20	0.502	0.009	-0.105	
20.23	0.502	0.007	-0.094	
20.27	0.502	0.005	-0.117	
20.30	0.502	-0.007	0.011	
20.33	0.501	0.005	0.126	
20.37	0.503	0.009	0.028	
20.40	0.502	0.007	-0.068	
20.43	0.504	0.003	-0.124	
20.47	0.502	-0.008	-0.003	
20.50	0.502	0.004	0.096	
20.53	0.503	0.005	0.027	
20.57	0.503	0.004	-0.005	
20.60	0.503	0.003	-0.004	
20.63	0.503	0.004	-0.008	
20.67	0.503	0.004	-0.034	
20.70	0.503	0.001	-0.036	
20.73	0.503	0.000	0.005	
20.77	0.503	0.001	0.054	
20.80	0.503	0.003	0.103	
20.83	0.503	0.014	-0.014	
20.87	0.505	0.004	-0.196	
20.90	0.503	-0.004	-0.227	
20.93	0.505	-0.012	-0.185	
20.97	0.503	-0.024	0.038	
21.00	0.502	-0.010	0.246	
21.03	0.502	0.006	0.125	
21.07	0.504	-0.002	-0.005	
21.10	0.501	-0.003	0.048	
21.13	0.503	0.007	-0.036	
21.17	0.503	-0.004	-0.151	
21.20	0.502	-0.008	-0.142	
21.23	0.502	-0.012	-0.158	
21.27	0.502	-0.016	-0.198	
21.30	0.501	-0.030	-0.099	
21.33	0.499	-0.029	0.142	
21.37	0.499	-0.014	0.212	
21.40	0.499	-0.009	0.135	
21.43	0.499	-0.007	0.086	
21.47	0.498	-0.006	0.083	
21.50	0.498	-0.000	0.061	
21.53	0.498	-0.000	0.017	
21.57	0.498	-0.001	0.018	
21.60	0.498	0.000	0.038	
21.63	0.498	0.002	0.050	
21.67	0.498	0.003	0.085	
21.70	0.498	0.006	0.154	
21.73	0.499	0.012	0.232	
21.77	0.499	0.028	0.146	
21.80	0.501	0.028	-0.106	
21.83	0.501	0.014	-0.189	
21.87	0.501	0.009	-0.105	
21.90	0.501	0.008	-0.036	
21.93	0.502	0.010	-0.043	
21.97	0.502	0.008	-0.125	
22.00	0.503	0.002	-0.201	
22.03	0.503	-0.012	-0.069	
22.07	0.501	-0.010	0.259	
22.10	0.501	0.010	0.419	
22.13	0.502	0.031	0.204	
22.17	0.504	0.028	-0.154	
22.20	0.504	0.012	-0.286	
22.23	0.505	0.004	-0.227	
22.27	0.505	-0.009	-0.003	
22.30	0.503	0.005	0.183	
22.33	0.505	0.017	0.021	
22.37	0.505	0.005	-0.139	
22.40	0.505	0.001	-0.127	
22.43	0.505	-0.004	-0.078	
22.47	0.505	-0.004	-0.025	
22.50	0.505	-0.004	-0.022	
22.53	0.505	-0.005	-0.044	
22.57	0.505	-0.007	-0.074	
22.60	0.504	-0.009	-0.125	
22.63	0.504	-0.014	-0.171	
22.67	0.504	-0.027	-0.024	
22.70	0.502	-0.024	0.305	
22.73	0.501	0.004	0.339	
22.77	0.503	0.012	0.007	
22.80	0.503	-0.003	-0.170	
22.83	0.502	-0.008	-0.112	
22.87	0.502	-0.008	-0.079	
22.90	0.501	-0.010	-0.126	
22.93	0.501	-0.015	-0.212	
22.97	0.501	-0.030	-0.124	
23.00	0.499	-0.030	0.146	
23.03	0.498	-0.014	0.253	
23.07	0.498	-0.007	0.181	
23.10	0.498	-0.003	0.104	
23.13	0.498	-0.001	0.049	
23.17	0.498	-0.000	0.024	
23.20	0.498	0.000	0.030	
23.23	0.498	0.001	0.080	
23.27	0.498	0.004	0.164	
23.30	0.498	0.011	0.243	
23.33	0.499	0.026	0.158	
23.37	0.500	0.028	-0.085	
23.40	0.501	0.014	-0.170	
23.43	0.501	0.010	-0.087	
23.47	0.501	0.011	-0.043	
23.50	0.502	0.009	-0.058	
23.53	0.502	0.008	-0.123	
23.57	0.502	0.003	-0.220	
23.60	0.503	-0.013	-0.136	
23.63	0.501	-0.014	0.164	
23.67	0.501	0.003	0.341	
23.70	0.502	0.014	0.337	
23.73	0.502	0.030	0.163	
23.77	0.504	0.030	-0.139	
23.80	0.504	0.014	-0.240	
23.83	0.505	0.007	-0.150	
23.87	0.505	0.005	-0.065	
23.90	0.505	0.005	-0.030	
23.93	0.505	0.004	-0.040	
23.97	0.505	0.002	-0.054	
24.00	0.505	0.000	-0.050	
24.03	0.505	-0.002	-0.028	
24.07	0.505	-0.002	-0.010	
24.10	0.505	-0.000	-0.039	
24.13	0.505	-0.004	-0.068	
24.17	0.505	-0.007	-0.051	
24.20	0.505	-0.008	-0.029	
24.23	0.504	-0.008	-0.018	
24.27	0.504	-0.009	-0.005	
24.30	0.504	-0.008	-0.001	
24.33	0.504	-0.008	-0.015	
24.37	0.503	-0.010	-0.018	
24.40	0.503	-0.010	-0.007	
24.43	0.502	-0.010	0.006	
24.47	0.502	-0.010	0.017	
24.50	0.502	-0.008	0.012	
24.53	0.502	-0.008	-0.006	
24.57	0.501	-0.010	-0.002	
24.60	0.501	-0.009	0.025	
24.63	0.501	-0.008	0.051	
24.67	0.501	-0.005	0.058	
24.70	0.500	-0.004	0.060	
24.73	0.500	-0.000	0.031	
24.77	0.500	-0.002	0.003	
24.80	0.500	-0.002	0.017	
24.83	0.500	-0.000	0.032	
24.87	0.500	0.001	0.044	
24.90	0.500	0.003	0.052	
24.93	0.500	0.005	0.046	
24.97	0.501	0.006	0.038	
25.00	0.501	0.007	0.026	
25.03	0.501	0.008	0.009	
25.07	0.501	0.008	-0.003	
25.10	0.502	0.007	-0.011	
25.13	0.502	0.006	-0.003	
25.17	0.502	0.007	0.003	
25.20	0.502	0.007	-0.005	
25.23	0.502	0.006	-0.003	
25.27	0.502	0.007	-0.004	
25.30	0.503	0.007	-0.020	
25.33	0.503	0.005	-0.013	
25.37	0.503	0.006	-0.014	
25.40	0.504	0.005	-0.037	
25.43	0.504	0.003	-0.039	
25.47	0.504	0.001	-0.019	
25.50	0.504	0.002	-0.009	
25.53	0.504	0.002	-0.027	
25.57	0.504	0.000	-0.042	
25.60	0.504	-0.002	-0.037	
25.63	0.504	-0.003	-0.027	
25.67	0.504	-0.003	-0.027	
25.70	0.503	-0.005	-0.024	
25.73	0.503	-0.005	-0.016	
25.77	0.503	-0.005	-0.016	
25.80	0.503	-0.006	-0.024	
25.83	0.503	-0.007	-0.025	
25.87	0.502	-0.008	-0.016	
25.90	0.502	-0.008	-0.005	
25.93	0.502	-0.009	0.021	
25.97	0.501	-0.007	0.043	
26.00	0.501	-0.004	0.007	
26.03	0.501	-0.006	-0.028	
26.07	0.501	-0.007	-0.017	
26.10	0.501	-0.008	0.002	
26.13	0.500	-0.007	0.021	
26.17	0.500	-0.006	0.027	
26.20	0.500	-0.005	0.027	
26.23	0.500	-0.004	0.037	
26.27	0.500	-0.003	0.042	
26.30	0.500	-0.001	0.027	
26.33	0.500	-0.001	0.009	
26.37	0.500	-0.001	0.016	
26.40	0.500	0.000	0.034	
26.43	0.500	0.002	0.030	
26.47	0.500	0.002	0.020	
26.50	0.500	0.003	0.020	
26.53	0.500	0.003	0.035	
26.57	0.500	0.005	0.047	
26.60	0.500	0.007	0.043	
26.63	0.501	0.008	0.036	
26.67	0.501	0.009	0.033	
26.70	0.501	0.012	-0.010	
26.73	0.502	0.008	-0.050	
26.77	0.502	0.006	-0.032	
26.80	0.502	0.006	-0.000	
26.83	0.502	0.007	0.011	
26.87	0.503	0.007	-0.005	
26.90	0.503	0.007	-0.025	
26.93	0.503	0.005	-0.033	
26.97	0.503	0.004	-0.015	
27.00	0.503	0.005	-0.005	
27.03	0.503	0.004	-0.017	
27.07	0.504	0.003	-0.023	
27.10	0.504	0.003	-0.022	
27.13	0.504	0.002	-0.027	
27.17	0.504	0.001	-0.028	
27.20	0.504	0.000	-0.025	
27.23	0.504	-0.001	-0.028	
27.27	0.504	-0.002	-0.024	
27.30	0.504	-0.003	-0.001	
27.33	0.504	-0.001	-0.016	
27.37	0.504	-0.004	-0.042	
27.40	0.503	-0.005	-0.034	
27.43	0.503	-0.006	-0.032	
27.47	0.503	-0.007	-0.025	
27.50	0.503	-0.008	-0.015	
27.53	0.502	-0.008	-0.011	
27.57	0.502	-0.008	-0.012	
27.60	0.502	-0.009	-0.003	
27.63	0.502	-0.008	0.004	
27.67	0.501	-0.008	-0.004	
27.70	0.501	-0.009	0.004	
27.73	0.501	-0.008	0.017	
27.77	0.501	-0.008	0.023	
27.80	0.500	-0.007	0.037	
27.83	0.500	-0.005	0.047	
27.87	0.500	-0.003	0.044	
27.90	0.500	-0.002	0.041	
27.93	0.500	-0.001	0.049	
27.97	0.500	0.002	0.024	
28.00	0.500	0.001	-0.005	
28.03	0.500	0.000	0.005	
28.07	0.500	0.001	0.027	
28.10	0.500	0.003	0.039	
28.13	0.500	0.004	0.023	
28.17	0.500	0.004	-0.002	
28.20	0.500	0.003	-0.002	
28.23	0.500	0.003	0.023	
28.27	0.501	0.005	0.040	
28.30	0.501	0.007	0.033	
28.33	0.501	0.008	0.015	
28.37	0.501	0.008	0.005	
28.40	0.502	0.008	0.000	
28.43	0.502	0.008	-0.004	
28.47	0.502	0.008	-0.009	
28.50	0.502	0.007	-0.013	
28.53	0.503	0.006	-0.005	
28.57	0.502	0.006	0.010	
28.60	0.503	0.009	-0.027	
28.63	0.503	0.004	-0.060	
28.67	0.503	0.003	-0.043	
28.70	0.504	0.002	-0.033	
28.73	0.503	0.001	-0.019	
28.77	0.504	0.001	-0.006	
28.80	0.503	0.001	-0.020	
28.83	0.504	-0.000	-0.045	
28.87	0.503	-0.002	-0.052	
28.90	0.504	-0.004	-0.040	
28.93	0.503	-0.005	-0.024	
28.97	0.503	-0.006	-0.020	
29.00	0.503	-0.007	-0.012	
29.03	0.503	-0.006	-0.008	
29.07	0.502	-0.007	-0.008	
29.10	0.502	-0.007	0.001	
29.13	0.502	-0.006	-0.003	
29.17	0.502	-0.007	-0.005	
29.20	0.501	-0.008	0.022	
29.23	0.501	-0.005	0.019	
29.27	0.501	-0.006	-0.011	
29.30	0.501	-0.007	-0.010	
29.33	0.501	-0.007	0.010	
29.37	0.500	-0.006	0.022	
29.40	0.500	-0.005	0.022	
29.43	0.500	-0.005	0.027	
29.47	0.500	-0.003	0.027	
29.50	0.500	-0.003	0.023	
29.53	0.500	-0.002	0.027	
29.57	0.500	-0.001	0.027	
29.60	0.500	0.000	0.022	
29.63	0.500	0.001	0.023	
29.67	0.500	0.002	0.017	
29.70	0.500	0.002	0.005	
29.73	0.500	0.001	0.017	
29.77	0.500	0.003	0.040	
29.80	0.500	0.005	0.044	
29.83	0.500	0.006	0.037	
29.87	0.500	0.008	0.009	
29.90	0.501	0.006	-0.010	
29.93	0.501	0.006	0.005	
29.97	0.501	0.007	0.009	
30.00	0.501	0.007	0.003	
30.03	0.502	0.006	0.014	
30.07	0.502	0.008	0.029	
30.10	0.502	0.009	0.016	
30.13	0.502	0.010	-0.016	
30.17	0.503	0.008	-0.038	
30.20	0.503	0.007	-0.047	
30.23	0.503	0.004	-0.030	
30.27	0.503	0.004	0.010	
30.30	0.504	0.006	0.017	
30.33	0.504	0.006	0.005	
30.37	0.504	0.006	0.002	
30.40	0.504	0.006	-0.014	
30.43	0.504	0.005	-0.031	
30.47	0.504	0.003	-0.012	
30.50	0.504	0.005	-0.016	
30.53	0.505	0.003	-0.046	
30.57	0.505	0.001	-0.049	
30.60	0.505	-0.001	-0.048	
30.63	0.505	-0.002	-0.043	
30.67	0.505	-0.004	-0.027	
30.70	0.504	-0.004	-0.022	
30.73	0.504	-0.005	-0.023	
30.77	0.504	-0.006	-0.002	
30.80	0.504	-0.005	0.014	
30.83	0.504	-0.004	-0.005	
30.87	0.504	-0.005	-0.030	
30.90	0.503	-0.007	-0.028	
30.93	0.503	-0.008	-0.013	
30.97	0.503	-0.008	0.001	
31.00	0.503	-0.008	0.020	
31.03	0.502	-0.007	0.049	
31.07	0.502	-0.004	0.067	
31.10	0.502	-0.001	0.036	
31.13	0.502	0.001	-0.073	
31.17	0.502	-0.007	-0.141	
31.20	0.502	-0.011	-0.102	
31.23	0.502	-0.021	0.116	
31.27	0.499	-0.003	0.304	
31.30	0.501	0.013	0.125	
31.33	0.501	0.005	-0.080	
31.37	0.501	0.002	-0.123	
31.40	0.501	-0.003	-0.119	
31.43	0.502	-0.013	0.079	
31.47	0.499	0.001	0.278	
31.50	0.502	0.019	0.130	
31.53	0.502	0.011	-0.057	
31.57	0.502	0.007	-0.065	
31.60	0.502	0.006	-0.026	
31.63	0.502	0.007	-0.000	
31.67	0.502	0.006	0.005	
31.70	0.503	0.007	0.004	
31.73	0.503	0.007	-0.012	
31.77	0.503	0.006	-0.033	
31.80	0.503	0.005	-0.048	
31.83	0.504	0.005	-0.083	
31.87	0.504	-0.008	0.052	
31.90	0.502	0.006	0.228	
31.93	0.505	0.021	0.068	
31.97	0.505	0.010	-0.100	
32.00	0.505	0.007	-0.090	
32.03	0.505	0.005	-0.062	
32.07	0.505	0.003	-0.036	
32.10	0.505	0.003	-0.028	
32.13	0.505	0.002	-0.038	
32.17	0.505	0.000	-0.045	
32.20	0.505	-0.002	-0.034	
32.23	0.505	-0.002	-0.016	
32.27	0.505	-0.003	-0.010	
32.30	0.505	-0.003	-0.018	
32.33	0.505	-0.003	-0.040	
32.37	0.505	-0.005	-0.073	
32.40	0.505	-0.008	-0.089	
32.43	0.504	-0.011	-0.073	
32.47	0.504	-0.019	0.081	
32.50	0.502	-0.006	0.227	
32.53	0.504	0.008	0.068	
32.57	0.504	-0.002	-0.090	
32.60	0.503	-0.005	-0.061	
32.63	0.503	-0.006	-0.028	
32.67	0.503	-0.006	-0.019	
32.70	0.503	-0.007	-0.019	
32.73	0.502	-0.008	-0.006	
32.77	0.502	-0.008	0.007	
32.80	0.502	-0.007	0.022	
32.83	0.502	-0.006	0.026	
32.87	0.501	-0.005	0.023	
32.90	0.501	-0.005	0.027	
32.93	0.501	-0.003	0.028	
32.97	0.501	-0.003	0.025	
33.00	0.501	-0.002	0.037	
33.03	0.501	-0.000	0.049	
33.07	0.501	0.001	0.055	
33.10	0.501	0.005	0.027	
33.13	0.501	0.003	-0.005	
33.17	0.501	0.003	0.001	
33.20	0.502	0.003	0.017	
33.23	0.501	0.005	0.024	
33.27	0.502	0.005	0.018	
33.30	0.502	0.006	0.015	
33.33	0.502	0.007	-0.000	
33.37	0.502	0.006	-0.019	
33.40	0.503	0.005	-0.045	
33.43	0.503	0.004	-0.093	
33.47	0.503	-0.000	-0.123	
33.50	0.503	-0.011	0.022	
33.53	0.502	-0.005	0.292	
33.57	0.502	0.020	0.255	
33.60	0.504	0.022	-0.031	
33.63	0.504	0.010	-0.147	
33.67	0.504	0.006	-0.103	
33.70	0.504	0.004	-0.042	
33.73	0.504	0.005	-0.030	
33.77	0.505	0.003	-0.050	
33.80	0.505	0.001	-0.041	
33.83	0.505	0.000	-0.030	
33.87	0.505	-0.001	-0.030	
33.90	0.505	-0.002	-0.037	
33.93	0.504	-0.003	-0.071	
33.97	0.505	-0.005	-0.153	
34.00	0.504	-0.011	-0.242	
34.03	0.504	-0.027	-0.143	
34.07	0.502	-0.028	0.152	
34.10	0.502	-0.012	0.319	
34.13	0.501	-0.002	0.330	
34.17	0.501	0.015	0.174	
34.20	0.503	0.015	-0.121	
34.23	0.503	-0.001	-0.212	
34.27	0.502	-0.006	-0.116	
34.30	0.502	-0.007	-0.027	
34.33	0.502	-0.006	0.023	
34.37	0.502	-0.003	0.003	
34.40	0.502	-0.006	-0.020	
34.43	0.501	-0.007	0.005	
34.47	0.501	-0.006	0.024	
34.50	0.501	-0.005	0.032	
34.53	0.501	-0.003	0.030	
34.57	0.501	-0.003	0.023	
34.60	0.501	-0.002	0.027	
34.63	0.501	-0.001	0.024	
34.67	0.501	-0.000	0.016	
34.70	0.501	0.000	0.020	
34.73	0.501	0.001	0.034	
34.77	0.501	0.003	0.044	
34.80	0.501	0.004	0.034	
34.83	0.501	0.005	0.017	
34.87	0.501	0.005	0.010	
34.90	0.501	0.005	0.018	
34.93	0.502	0.006	0.032	
34.97	0.502	0.008	0.031	
35.00	0.502	0.010	-0.018	
35.03	0.502	0.007	-0.072	
35.07	0.502	0.004	-0.091	
35.10	0.503	0.001	-0.096	
35.13	0.503	-0.008	0.020	
35.17	0.501	0.003	0.087	
35.20	0.503	0.011	-0.150	
35.23	0.504	-0.014	-0.191	
35.27	0.501	-0.017	0.142	
35.30	0.502	0.001	0.351	
35.33	0.501	0.020	0.200	
35.37	0.504	0.020	-0.129	
35.40	0.503	0.003	-0.234	
35.43	0.503	-0.003	-0.132	
35.47	0.503	-0.004	-0.061	
35.50	0.503	-0.005	-0.032	
35.53	0.503	-0.006	-0.006	
35.57	0.503	-0.005	0.011	
35.60	0.502	-0.005	0.009	
35.63	0.502	-0.004	-0.013	
35.67	0.502	-0.006	-0.025	
35.70	0.502	-0.006	-0.025	
35.73	0.502	-0.008	-0.026	
35.77	0.501	-0.009	-0.003	
35.80	0.501	-0.008	0.010	
35.83	0.501	-0.006	-0.029	
35.87	0.501	-0.009	-0.083	
35.90	0.500	-0.012	-0.121	
35.93	0.500	-0.023	-0.013	
35.97	0.498	-0.012	0.077	
36.00	0.500	-0.011	-0.000	
36.03	0.498	-0.018	0.074	
36.07	0.498	-0.006	0.140	
36.10	0.498	-0.004	0.079	
36.13	0.498	-0.002	0.048	
36.17	0.497	-0.002	0.049	
36.20	0.498	0.000	0.072	
36.23	0.497	0.003	0.086	
36.27	0.498	0.007	0.082	
36.30	0.498	0.007	0.110	
36.33	0.498	0.012	0.189	
36.37	0.498	0.026	0.118	
36.40	0.500	0.026	-0.109	
36.43	0.501	0.012	-0.176	
36.47	0.501	0.009	-0.094	
36.50	0.501	0.008	-0.037	
36.53	0.501	0.008	-0.015	
36.57	0.502	0.007	-0.019	
36.60	0.502	0.006	-0.012	
36.63	0.502	0.006	0.007	
36.67	0.502	0.007	0.007	
36.70	0.502	0.007	-0.013	
36.73	0.502	0.006	-0.022	
36.77	0.503	0.005	-0.020	
36.80	0.503	0.005	-0.020	
36.83	0.503	0.003	-0.013	
36.87	0.503	0.003	-0.001	
36.90	0.503	0.005	-0.027	
36.93	0.504	0.001	-0.050	
36.97	0.503	0.000	-0.040	
37.00	0.504	-0.001	-0.041	
37.03	0.503	-0.002	-0.040	
37.07	0.503	-0.004	-0.026	
37.10	0.503	-0.004	-0.023	
37.13	0.503	-0.005	-0.028	
37.17	0.503	-0.006	-0.012	
37.20	0.503	-0.006	-0.004	
37.23	0.502	-0.006	-0.016	
37.27	0.502	-0.007	-0.022	
37.30	0.502	-0.008	-0.018	
37.33	0.502	-0.008	-0.017	
37.37	0.501	-0.009	-0.012	
37.40	0.501	-0.008	-0.030	
37.43	0.501	-0.010	-0.064	
37.47	0.501	-0.013	-0.054	
37.50	0.500	-0.021	0.133	
37.53	0.498	-0.003	0.260	
37.57	0.500	0.010	0.037	
37.60	0.500	-0.002	-0.158	
37.63	0.500	-0.008	-0.144	
37.67	0.499	-0.019	0.072	
37.70	0.498	-0.003	0.268	
37.73	0.499	0.013	0.104	
37.77	0.499	0.003	-0.056	
37.80	0.499	0.002	-0.033	
37.83	0.499	0.002	-0.005	
37.87	0.499	0.002	0.004	
37.90	0.500	0.003	-0.017	
37.93	0.499	0.002	-0.040	
37.97	0.500	0.000	-0.049	
38.00	0.500	-0.008	0.094	
38.03	0.498	0.006	0.241	
38.07	0.500	0.020	0.094	
38.10	0.501	0.012	-0.060	
38.13	0.501	0.009	-0.039	
38.17	0.501	0.010	-0.021	
38.20	0.501	0.008	-0.026	
38.23	0.501	0.008	-0.024	
38.27	0.502	0.007	-0.031	
38.30	0.502	0.006	-0.030	
38.33	0.502	0.005	-0.020	
38.37	0.502	0.004	-0.001	
38.40	0.502	0.005	0.009	
38.43	0.503	0.006	-0.016	
38.47	0.503	0.004	-0.034	
38.50	0.503	0.003	-0.029	
38.53	0.503	0.002	-0.030	
38.57	0.503	0.001	-0.029	
38.60	0.503	0.000	-0.027	
38.63	0.503	-0.001	-0.037	
38.67	0.503	-0.003	-0.044	
38.70	0.503	-0.004	-0.027	
38.73	0.503	-0.005	-0.001	
38.77	0.502	-0.004	0.016	
38.80	0.502	-0.002	-0.006	
38.83	0.502	-0.004	-0.036	
38.87	0.502	-0.006	-0.044	
38.90	0.502	-0.008	-0.040	
38.93	0.502	-0.009	-0.017	
38.97	0.501	-0.008	-0.010	
39.00	0.501	-0.008	-0.047	
39.03	0.501	-0.011	-0.099	
39.07	0.500	-0.014	-0.131	
39.10	0.500	-0.026	0.022	
39.13	0.498	-0.020	0.335	
39.17	0.498	0.008	0.318	
39.20	0.500	0.012	0.001	
39.23	0.500	0.001	-0.137	
39.27	0.499	-0.004	-0.086	
39.30	0.499	-0.005	-0.011	
39.33	0.499	-0.003	0.035	
39.37	0.499	-0.002	0.055	
39.40	0.499	0.001	0.063	
39.43	0.499	0.004	0.024	
39.47	0.499	0.002	-0.005	
39.50	0.499	0.002	0.006	
39.53	0.499	0.003	0.013	
39.57	0.499	0.003	0.025	
39.60	0.500	0.005	0.027	
39.63	0.500	0.005	0.023	
39.67	0.500	0.006	0.026	
39.70	0.500	0.007	0.023	
39.73	0.500	0.008	0.011	
39.77	0.500	0.008	0.003	
39.80	0.501	0.008	-0.003	
39.83	0.501	0.008	-0.010	
39.87	0.501	0.007	-0.018	
39.90	0.501	0.006	-0.011	
39.93	0.502	0.006	0.008	
39.97	0.502	0.007	0.013	
40.00	0.502	0.007	0.002	
40.03	0.502	0.007	-0.001	
40.07	0.503	0.008	-0.022	
40.10	0.503	0.005	-0.049	
40.13	0.503	0.003	-0.041	
40.17	0.503	0.003	-0.026	
40.20	0.503	0.002	-0.021	
40.23	0.503	0.001	-0.016	
40.27	0.503	0.001	-0.019	
40.30	0.504	0.000	-0.030	
40.33	0.503	-0.001	-0.018	
40.37	0.503	-0.001	-0.007	
40.40	0.503	-0.002	0.005	
40.43	0.503	-0.001	0.023	
40.47	0.503	0.001	-0.010	
40.50	0.503	-0.000	-0.080	
40.53	0.503	-0.005	-0.109	
40.57	0.503	-0.016	0.068	
40.60	0.501	-0.001	0.254	
40.63	0.503	0.016	0.064	
40.67	0.503	0.003	-0.165	
40.70	0.503	-0.002	-0.218	
40.73	0.503	-0.009	-0.262	
40.77	0.503	-0.025	-0.144	
40.80	0.501	-0.025	0.118	
40.83	0.501	-0.010	0.197	
40.87	0.501	-0.006	0.112	
40.90	0.500	-0.005	0.053	
40.93	0.500	-0.004	0.020	
40.97	0.500	-0.004	0.018	
41.00	0.500	-0.003	0.023	
41.03	0.500	-0.001	0.006	
41.07	0.500	-0.002	-0.003	
41.10	0.500	-0.003	0.024	
41.13	0.500	-0.001	0.046	
41.17	0.500	0.001	0.035	
41.20	0.500	0.001	0.030	
41.23	0.500	0.003	0.032	
41.27	0.500	0.005	0.001	
41.30	0.500	0.002	-0.012	
41.33	0.500	0.003	0.004	
41.37	0.500	0.004	-0.011	
41.40	0.500	0.002	-0.031	
41.43	0.501	0.001	-0.026	
41.47	0.500	0.000	-0.001	
41.50	0.501	0.000	0.036	
41.53	0.500	0.002	0.080	
41.57	0.501	0.007	0.088	
41.60	0.501	0.010	0.034	
41.63	0.501	0.009	-0.004	
41.67	0.501	0.008	0.020	
41.70	0.502	0.009	0.082	
41.73	0.502	0.012	0.159	
41.77	0.502	0.025	0.071	
41.80	0.504	0.023	-0.192	
41.83	0.504	0.006	-0.310	
41.87	0.504	-0.001	-0.294	
41.90	0.505	-0.015	-0.205	
41.93	0.503	-0.020	0.012	
41.97	0.503	-0.010	0.124	
42.00	0.503	-0.007	0.107	
42.03	0.502	-0.003	0.073	
42.07	0.502	-0.002	0.015	
42.10	0.502	-0.003	-0.021	
42.13	0.502	-0.004	-0.021	
42.17	0.502	-0.005	-0.004	
42.20	0.502	-0.004	-0.005	
42.23	0.502	-0.005	-0.012	
42.27	0.502	-0.005	-0.008	
42.30	0.501	-0.005	-0.007	
42.33	0.501	-0.005	-0.011	
42.37	0.501	-0.006	-0.018	
42.40	0.501	-0.007	-0.009	
42.43	0.500	-0.007	0.021	
42.47	0.500	-0.005	0.040	
42.50	0.500	-0.004	0.045	
42.53	0.500	-0.001	0.016	
42.57	0.500	-0.003	0.001	
42.60	0.500	-0.003	0.037	
42.63	0.500	0.001	0.035	
42.67	0.500	0.001	-0.008	
42.70	0.500	-0.001	-0.021	
42.73	0.500	-0.002	0.003	
42.77	0.500	-0.001	0.018	
42.80	0.500	0.000	0.022	
42.83	0.500	0.001	0.030	
42.87	0.500	0.002	0.033	
42.90	0.500	0.003	0.029	
42.93	0.500	0.004	0.015	
42.97	0.500	0.004	-0.010	
43.00	0.500	0.003	-0.017	
43.03	0.501	0.003	-0.003	
43.07	0.500	0.003	0.021	
43.10	0.501	0.004	0.050	
43.13	0.501	0.006	0.065	
43.17	0.501	0.011	0.011	
43.20	0.502	0.007	-0.043	
43.23	0.501	0.006	-0.035	
43.27	0.502	0.005	-0.025	
43.30	0.502	0.004	-0.008	
43.33	0.502	0.005	-0.004	
43.37	0.502	0.004	-0.016	
43.40	0.502	0.003	0.008	
43.43	0.502	0.002	0.091	
43.47	0.502	0.007	0.190	
43.50	0.502	0.022	0.073	
43.53	0.505	0.020	-0.263	
43.57	0.504	-0.000	-0.439	
43.60	0.505	-0.022	-0.232	
43.63	0.502	-0.022	0.140	
43.67	0.502	-0.004	0.271	
43.70	0.502	0.010	0.036	
43.73	0.504	-0.003	-0.194	
43.77	0.502	-0.017	-0.059	
43.80	0.502	-0.005	0.073	
43.83	0.502	-0.005	0.036	
43.87	0.502	-0.005	0.025	
43.90	0.502	-0.005	0.049	
43.93	0.501	-0.003	0.123	
43.97	0.501	0.002	0.194	
44.00	0.501	0.015	0.108	
44.03	0.503	0.015	-0.108	
44.07	0.502	0.003	-0.179	
44.10	0.503	-0.002	-0.116	
44.13	0.502	-0.004	-0.048	
44.17	0.502	-0.004	0.003	
44.20	0.502	-0.003	0.017	
44.23	0.502	-0.003	0.011	
44.27	0.502	-0.003	0.009	
44.30	0.502	-0.002	0.014	
44.33	0.502	-0.002	0.032	
44.37	0.502	-0.000	0.044	
44.40	0.502	0.001	0.045	
44.43	0.502	0.004	0.008	
44.47	0.502	0.001	-0.020	
44.50	0.502	0.001	0.004	
44.53	0.502	0.002	0.019	
44.57	0.502	0.003	0.021	
44.60	0.502	0.004	0.008	
44.63	0.502	0.003	0.001	
44.67	0.502	0.003	0.014	
44.70	0.502	0.005	0.015	
44.73	0.503	0.005	0.000	
44.77	0.503	0.005	-0.014	
44.80	0.503	0.003	-0.010	
44.83	0.503	0.003	0.011	
44.87	0.503	0.005	0.017	
44.90	0.503	0.005	0.007	
44.93	0.504	0.005	-0.006	
44.97	0.504	0.005	-0.015	
45.00	0.504	0.003	-0.012	
45.03	0.504	0.003	-0.002	
45.07	0.504	0.005	-0.030	
45.10	0.504	0.001	-0.056	
45.13	0.504	-0.000	-0.049	
45.17	0.504	-0.002	-0.038	
45.20	0.504	-0.003	-0.029	
45.23	0.504	-0.003	-0.037	
45.27	0.504	-0.005	-0.041	
45.30	0.504	-0.007	-0.024	
45.33	0.503	-0.007	-0.002	
45.37	0.503	-0.006	-0.005	
45.40	0.503	-0.006	-0.030	
45.43	0.503	-0.009	-0.032	
45.47	0.502	-0.010	-0.007	
45.50	0.502	-0.009	0.002	
45.53	0.502	-0.009	0.007	
45.57	0.502	-0.008	0.010	
45.60	0.501	-0.008	0.007	
45.63	0.501	-0.009	0.025	
45.67	0.501	-0.007	0.045	
45.70	0.501	-0.004	0.012	
45.73	0.501	-0.006	-0.014	
45.77	0.500	-0.007	0.013	
45.80	0.500	-0.005	0.035	
45.83	0.500	-0.003	0.036	
45.87	0.500	-0.003	0.027	
45.90	0.500	-0.002	0.031	
45.93	0.500	-0.000	0.035	
45.97	0.500	0.000	0.034	
46.00	0.500	0.002	0.030	
46.03	0.500	0.003	0.020	
46.07	0.500	0.003	0.020	
46.10	0.500	0.004	0.017	
46.13	0.500	0.004	0.024	
46.17	0.500	0.005	0.044	
46.20	0.501	0.007	0.045	
46.23	0.501	0.008	0.040	
46.27	0.501	0.011	0.012	
46.30	0.501	0.009	-0.010	
46.33	0.502	0.009	-0.014	
46.37	0.502	0.008	-0.018	
46.40	0.502	0.008	-0.009	
46.43	0.503	0.008	-0.008	
46.47	0.503	0.008	-0.012	
46.50	0.503	0.007	-0.023	
46.53	0.503	0.006	-0.026	
46.57	0.504	0.005	-0.023	
46.60	0.504	0.005	-0.027	
46.63	0.504	0.003	-0.027	
46.67	0.504	0.003	-0.023	
46.70	0.504	0.002	-0.027	
46.73	0.504	0.001	-0.028	
46.77	0.504	0.000	-0.025	
46.80	0.504	-0.001	-0.031	
46.83	0.504	-0.002	-0.031	
46.87	0.504	-0.004	-0.013	
46.90	0.504	-0.002	-0.020	
46.93	0.504	-0.004	-0.038	
46.97	0.503	-0.005	-0.038	
47.00	0.503	-0.007	-0.033	
47.03	0.503	-0.008	-0.023	
47.07	0.503	-0.008	-0.023	
47.10	0.502	-0.010	-0.013	
47.13	0.502	-0.010	0.007	
47.17	0.502	-0.008	0.008	
47.20	0.502	-0.008	-0.008	
47.23	0.501	-0.010	-0.007	
47.27	0.501	-0.010	0.013	
47.30	0.500	-0.008	0.023	
47.33	0.500	-0.008	0.026	
47.37	0.500	-0.007	0.038	
47.40	0.500	-0.005	0.047	
47.43	0.500	-0.003	0.044	
47.47	0.500	-0.002	0.041	
47.50	0.499	-0.001	0.049	
47.53	0.500	0.002	0.024	
47.57	0.500	0.001	-0.005	
47.60	0.500	0.000	0.005	
47.63	0.500	0.001	0.028	
47.67	0.500	0.003	0.043	
47.70	0.500	0.004	0.033	
47.73	0.500	0.005	0.016	
47.77	0.500	0.005	0.009	
47.80	0.500	0.005	0.012	
47.83	0.501	0.006	0.022	
47.87	0.501	0.007	0.022	
47.90	0.501	0.008	0.011	
47.93	0.501	0.008	0.004	
47.97	0.502	0.008	0.001	
48.00	0.502	0.008	-0.000	
48.03	0.502	0.008	-0.003	
48.07	0.502	0.008	-0.005	
48.10	0.503	0.007	-0.008	
48.13	0.503	0.007	-0.001	
48.17	0.503	0.008	-0.015	
48.20	0.503	0.006	-0.037	
48.23	0.503	0.005	-0.038	
48.27	0.504	0.003	-0.033	
48.30	0.504	0.003	-0.025	
48.33	0.504	0.002	-0.031	
48.37	0.504	0.000	-0.034	
48.40	0.504	-0.000	-0.034	
48.43	0.504	-0.002	-0.031	
48.47	0.504	-0.003	-0.024	
48.50	0.504	-0.003	-0.031	
48.53	0.504	-0.005	-0.034	
48.57	0.503	-0.006	-0.034	
48.60	0.503	-0.007	-0.026	
48.63	0.503	-0.008	-0.012	
48.67	0.503	-0.008	-0.003	
48.70	0.502	-0.008	0.005	
48.73	0.502	-0.007	0.011	
48.77	0.502	-0.007	0.015	
48.80	0.502	-0.005	-0.011	
48.83	0.501	-0.008	-0.022	
48.87	0.501	-0.008	-0.003	
48.90	0.501	-0.008	0.001	
48.93	0.500	-0.008	0.007	
48.97	0.500	-0.008	0.016	
49.00	0.500	-0.007	0.034	
49.03	0.500	-0.005	0.044	
49.07	0.500	-0.003	0.034	
49.10	0.500	-0.003	0.016	
49.13	0.499	-0.003	0.010	
49.17	0.500	-0.002	0.016	
49.20	0.499	-0.002	0.034	
49.23	0.499	0.000	0.045	
49.27	0.499	0.002	0.038	
49.30	0.500	0.003	0.029	
49.33	0.499	0.003	0.038	
49.37	0.500	0.005	0.048	
49.40	0.500	0.006	0.052	
49.43	0.500	0.010	0.020	
49.47	0.501	0.008	-0.017	
49.50	0.501	0.007	-0.004	
49.53	0.501	0.008	0.013	
49.57	0.501	0.009	-0.001	
49.60	0.502	0.008	-0.019	
49.63	0.502	0.006	-0.007	
49.67	0.502	0.007	0.007	
49.70	0.502	0.008	0.002	
49.73	0.502	0.008	-0.008	
49.77	0.503	0.007	-0.022	
49.80	0.503	0.006	-0.027	
49.83	0.503	0.005	-0.026	
49.87	0.503	0.004	-0.031	
49.90	0.503	0.003	-0.025	
49.93	0.504	0.002	0.005	
49.97	0.503	0.003	0.024	
50.00	0.504	0.006	-0.024	
50.03	0.504	0.001	-0.066	
50.07	0.504	-0.001	-0.043	
50.10	0.504	-0.001	-0.026	
50.13	0.504	-0.002	-0.022	
50.17	0.504	-0.003	-0.019	
50.20	0.504	-0.003	-0.022	
50.23	0.504	-0.004	-0.012	
50.27	0.503	-0.004	0.007	
50.30	0.503	-0.003	0.007	
50.33	0.503	-0.003	-0.012	
50.37	0.503	-0.005	-0.018	
50.40	0.503	-0.005	-0.010	
50.43	0.503	-0.005	-0.004	
50.47	0.502	-0.005	0.000	
50.50	0.502	-0.005	0.006	
50.53	0.502	-0.005	0.021	
50.57	0.502	-0.004	0.044	
50.60	0.502	-0.002	0.059	
50.63	0.502	0.002	0.022	
50.67	0.502	-0.001	-0.009	
50.70	0.502	-0.000	-0.005	
50.73	0.502	-0.001	-0.005	
50.77	0.502	-0.001	0.013	
50.80	0.502	0.000	0.033	
50.83	0.502	0.002	0.029	
50.87	0.502	0.002	0.015	
50.90	0.502	0.003	0.006	
50.93	0.502	0.003	0.006	
50.97	0.502	0.003	0.015	
51.00	0.502	0.003	0.029	
51.03	0.502	0.005	0.030	
51.07	0.503	0.006	0.004	
51.10	0.503	0.005	-0.019	
51.13	0.503	0.004	-0.017	
51.17	0.503	0.005	-0.034	
51.20	0.503	0.003	-0.079	
51.23	0.503	-0.001	-0.112	
51.27	0.504	-0.010	0.004	
51.30	0.502	-0.001	0.141	
51.33	0.504	0.004	0.142	
51.37	0.502	0.008	0.138	
51.40	0.504	0.018	-0.002	
51.43	0.504	0.007	-0.126	
51.47	0.504	0.004	-0.095	
51.50	0.504	0.002	-0.069	
51.53	0.504	0.000	-0.045	
51.57	0.504	-0.002	-0.017	
51.60	0.504	-0.001	0.013	
51.63	0.504	0.001	-0.001	
51.67	0.504	-0.000	-0.063	
51.70	0.504	-0.003	-0.131	
51.73	0.504	-0.008	-0.187	
51.77	0.504	-0.023	-0.042	
51.80	0.502	-0.019	0.277	
51.83	0.502	0.009	0.247	
51.87	0.504	0.010	-0.085	
51.90	0.504	-0.011	-0.074	
51.93	0.501	-0.003	0.132	
51.97	0.503	0.011	0.034	
52.00	0.503	0.000	-0.098	
52.03	0.503	-0.002	-0.087	
52.07	0.503	-0.005	-0.060	
52.10	0.502	-0.006	-0.015	
52.13	0.502	-0.006	0.010	
52.17	0.502	-0.005	0.018	
52.20	0.502	-0.005	0.026	
52.23	0.502	-0.003	0.027	
52.27	0.502	-0.003	0.023	
52.30	0.502	-0.002	0.027	
52.33	0.502	-0.001	0.025	
52.37	0.502	-0.000	0.022	
52.40	0.502	0.000	0.029	
52.43	0.502	0.001	0.041	
52.47	0.502	0.005	0.016	
52.50	0.502	0.003	-0.018	
52.53	0.502	0.002	-0.003	
52.57	0.502	0.003	0.017	
52.60	0.502	0.004	0.010	
52.63	0.502	0.003	0.003	
52.67	0.502	0.003	0.012	
52.70	0.503	0.004	0.008	
52.73	0.503	0.004	-0.007	
52.77	0.503	0.003	-0.007	
52.80	0.503	0.003	0.012	
52.83	0.503	0.005	0.017	
52.87	0.503	0.005	0.006	
52.90	0.504	0.005	-0.007	
52.93	0.504	0.005	-0.021	
52.97	0.504	0.003	-0.021	
53.00	0.504	0.003	-0.005	
53.03	0.504	0.003	0.010	
53.07	0.504	0.003	0.020	
53.10	0.504	0.005	-0.005	
53.13	0.504	0.003	-0.038	
53.17	0.504	0.002	-0.055	
53.20	0.505	0.000	-0.085	
53.23	0.504	-0.003	-0.110	
53.27	0.504	-0.007	-0.133	
53.30	0.504	-0.017	-0.016	
53.33	0.502	-0.009	0.129	
53.37	0.504	-0.004	0.149	
53.40	0.502	0.001	0.148	
53.43	0.504	0.011	-0.005	
53.47	0.504	-0.000	-0.126	
53.50	0.503	-0.004	-0.086	
53.53	0.503	-0.005	-0.048	
53.57	0.503	-0.006	-0.026	
53.60	0.503	-0.007	-0.011	
53.63	0.502	-0.007	0.018	
53.67	0.502	-0.005	0.032	
53.70	0.502	-0.004	0.032	
53.73	0.502	-0.002	0.005	
53.77	0.502	-0.004	-0.017	
53.80	0.502	-0.005	-0.003	
53.83	0.502	-0.005	0.016	
53.87	0.501	-0.003	0.025	
53.90	0.502	-0.003	0.022	
53.93	0.501	-0.002	0.026	
53.97	0.501	-0.001	0.023	
54.00	0.501	-0.000	0.012	
54.03	0.501	0.000	0.008	
54.07	0.501	0.000	0.012	
54.10	0.501	0.001	0.023	
54.13	0.501	0.002	0.026	
54.17	0.502	0.003	0.023	
54.20	0.501	0.003	0.027	
54.23	0.502	0.005	0.024	
54.27	0.502	0.005	0.018	
54.30	0.502	0.005	0.018	
54.33	0.502	0.006	0.022	
54.37	0.502	0.008	-0.005	
54.40	0.503	0.006	-0.041	
54.43	0.503	0.005	-0.077	
54.47	0.503	0.002	-0.132	
54.50	0.503	-0.003	-0.186	
54.53	0.503	-0.016	-0.100	
54.57	0.501	-0.015	0.122	
54.60	0.502	-0.001	0.163	
54.63	0.502	0.001	0.063	
54.67	0.502	-0.000	0.059	
54.70	0.502	0.002	0.134	
54.73	0.502	0.008	0.211	
54.77	0.502	0.022	0.109	
54.80	0.504	0.021	-0.149	
54.83	0.504	0.006	-0.257	
54.87	0.504	-0.000	-0.243	
54.90	0.504	-0.007	-0.247	
54.93	0.504	-0.020	-0.142	
54.97	0.502	-0.023	0.114	
55.00	0.502	-0.009	0.276	
55.03	0.502	-0.000	0.294	
55.07	0.501	0.015	0.154	
55.10	0.503	0.015	-0.123	
55.13	0.503	0.001	-0.220	
55.17	0.503	-0.006	-0.141	
55.20	0.502	-0.008	-0.068	
55.23	0.502	-0.008	-0.041	
55.27	0.502	-0.010	-0.059	
55.30	0.502	-0.011	-0.112	
55.33	0.501	-0.015	-0.197	
55.37	0.501	-0.029	-0.137	
55.40	0.499	-0.031	0.114	
55.43	0.499	-0.016	0.226	
55.47	0.498	-0.010	0.159	
55.50	0.498	-0.007	0.099	
55.53	0.498	-0.005	0.069	
55.57	0.498	-0.002	0.037	
55.60	0.498	-0.002	0.009	
55.63	0.498	-0.002	0.009	
55.67	0.498	-0.002	0.020	
55.70	0.497	-0.001	0.022	
55.73	0.498	-0.000	0.015	
55.77	0.497	0.000	0.016	
55.80	0.498	0.001	0.024	
55.83	0.497	0.002	0.027	
55.87	0.498	0.003	0.028	
55.90	0.498	0.003	0.047	
55.93	0.498	0.005	0.091	
55.97	0.498	0.009	0.153	
56.00	0.498	0.014	0.224	
56.03	0.498	0.029	0.142	
56.07	0.501	0.030	-0.109	
56.10	0.501	0.016	-0.209	
56.13	0.501	0.010	-0.130	
56.17	0.501	0.007	-0.034	
56.20	0.502	0.010	-0.007	
56.23	0.502	0.008	-0.031	
56.27	0.502	0.007	-0.042	
56.30	0.503	0.005	-0.049	
56.33	0.503	0.004	-0.061	
56.37	0.503	0.003	-0.116	
56.40	0.503	-0.002	-0.200	
56.43	0.503	-0.017	-0.094	
56.47	0.501	-0.015	0.194	
56.50	0.502	0.001	0.326	
56.53	0.501	0.016	0.182	
56.57	0.503	0.018	-0.091	
56.60	0.503	0.004	-0.194	
56.63	0.503	-0.001	-0.122	
56.67	0.503	-0.003	-0.060	
56.70	0.503	-0.004	-0.021	
56.73	0.503	-0.004	-0.002	
56.77	0.503	-0.003	-0.027	
56.80	0.503	-0.006	-0.049	
56.83	0.502	-0.007	-0.038	
56.87	0.502	-0.008	-0.038	
56.90	0.502	-0.010	-0.058	
56.93	0.501	-0.011	-0.109	
56.97	0.501	-0.015	-0.190	
57.00	0.501	-0.029	-0.126	
57.03	0.499	-0.030	0.117	
57.07	0.498	-0.016	0.221	
57.10	0.498	-0.009	0.156	
57.13	0.498	-0.006	0.082	
57.17	0.498	-0.005	0.039	
57.20	0.498	-0.004	0.036	
57.23	0.497	-0.003	0.035	
57.27	0.497	-0.001	0.019	
57.30	0.497	-0.002	0.019	
57.33	0.497	-0.001	0.047	
57.37	0.497	0.001	0.067	
57.40	0.497	0.006	0.019	
57.43	0.498	0.003	-0.035	
57.47	0.497	0.000	-0.005	
57.50	0.498	0.002	0.037	
57.53	0.498	0.004	0.048	
57.57	0.498	0.005	0.077	
57.60	0.498	0.007	0.150	
57.63	0.498	0.014	0.232	
57.67	0.498	0.029	0.131	
57.70	0.501	0.029	-0.126	
57.73	0.501	0.014	-0.204	
57.77	0.501	0.009	-0.119	
57.80	0.501	0.008	-0.049	
57.83	0.502	0.008	-0.021	
57.87	0.502	0.007	-0.024	
57.90	0.502	0.006	-0.024	
57.93	0.502	0.005	-0.013	
57.97	0.503	0.005	-0.005	
58.00	0.502	0.004	0.009	
58.03	0.503	0.007	-0.016	
58.07	0.503	0.004	-0.051	
58.10	0.503	0.002	-0.052	
58.13	0.503	0.000	-0.047	
58.17	0.503	-0.001	-0.025	
58.20	0.503	-0.001	-0.017	
58.23	0.503	-0.002	-0.020	
58.27	0.503	-0.003	-0.020	
58.30	0.503	-0.003	-0.030	
58.33	0.503	-0.005	-0.034	
58.37	0.502	-0.006	-0.034	
58.40	0.502	-0.007	-0.030	
58.43	0.502	-0.008	-0.020	
58.47	0.502	-0.008	-0.023	
58.50	0.501	-0.009	-0.040	
58.53	0.501	-0.009	-0.094	
58.57	0.501	-0.013	-0.179	
58.60	0.501	-0.026	-0.132	
58.63	0.499	-0.029	0.101	
58.67	0.498	-0.015	0.250	
58.70	0.498	-0.008	0.265	
58.73	0.498	0.000	0.277	
58.77	0.498	0.015	0.152	
58.80	0.499	0.016	-0.097	
58.83	0.499	0.003	-0.181	
58.87	0.499	-0.002	-0.093	
58.90	0.499	-0.002	-0.007	
58.93	0.499	-0.001	0.020	
58.97	0.499	-0.000	0.008	
59.00	0.499	0.000	-0.029	
59.03	0.499	-0.001	-0.095	
59.07	0.499	-0.004	-0.182	
59.10	0.499	-0.018	-0.112	
59.13	0.497	-0.019	0.146	
59.17	0.497	-0.003	0.263	
59.20	0.497	0.004	0.208	
59.23	0.498	0.010	0.144	
59.27	0.498	0.012	0.130	
59.30	0.498	0.016	0.179	
59.33	0.499	0.029	0.096	
59.37	0.501	0.028	-0.131	
59.40	0.501	0.014	-0.202	
59.43	0.501	0.009	-0.117	
59.47	0.502	0.008	-0.049	
59.50	0.502	0.008	-0.021	
59.53	0.502	0.007	-0.024	
59.57	0.502	0.006	-0.026	
59.60	0.503	0.005	-0.023	
59.63	0.503	0.005	-0.027	
59.67	0.503	0.003	-0.027	
59.70	0.503	0.003	-0.023	
59.73	0.503	0.002	-0.026	
59.77	0.503	0.001	-0.021	
59.80	0.503	0.000	-0.012	
59.83	0.503	0.000	-0.013	
59.87	0.503	0.000	-0.039	
59.90	0.503	-0.003	-0.053	
59.93	0.503	-0.004	-0.058	
59.97	0.503	-0.006	-0.091	
60.00	0.502	-0.011	-0.121	
