Vernier Format 2
0.2.txt 1/28/2019 20:19:15
Run 1
Time	Position	Velocity	Acceleration	
T	P	V	A	
s	m	m/s	m/s^2	

0.00	0.500	-0.022	0.110	
0.03	0.499	-0.013	-0.091	
0.07	0.500	-0.019	-0.326	
0.10	0.499	-0.047	-0.268	
0.13	0.496	-0.049	0.096	
0.17	0.495	-0.032	0.260	
0.20	0.494	-0.023	0.180	
0.23	0.493	-0.021	0.103	
0.27	0.492	-0.019	0.107	
0.30	0.492	-0.014	0.117	
0.33	0.492	-0.010	0.114	
0.37	0.491	-0.007	0.123	
0.40	0.491	-0.002	0.135	
0.43	0.491	0.002	0.138	
0.47	0.491	0.007	0.129	
0.50	0.492	0.011	0.123	
0.53	0.492	0.015	0.118	
0.57	0.493	0.019	0.102	
0.60	0.493	0.021	0.121	
0.63	0.494	0.026	0.171	
0.67	0.495	0.033	0.193	
0.70	0.496	0.046	0.035	
0.73	0.499	0.035	-0.103	
0.77	0.498	0.025	0.083	
0.80	0.499	0.047	0.111	
0.83	0.502	0.046	-0.154	
0.87	0.503	0.023	-0.103	
0.90	0.502	0.033	0.081	
0.93	0.505	0.044	-0.093	
0.97	0.506	0.029	-0.321	
1.00	0.507	0.009	-0.200	
1.03	0.506	0.007	0.154	
1.07	0.507	0.031	0.203	
1.10	0.509	0.033	-0.101	
1.13	0.510	0.017	-0.256	
1.17	0.510	0.009	-0.220	
1.20	0.510	0.004	-0.190	
1.23	0.510	-0.002	-0.203	
1.27	0.510	-0.009	-0.254	
1.30	0.510	-0.017	-0.327	
1.33	0.510	-0.036	-0.242	
1.37	0.507	-0.040	0.018	
1.40	0.506	-0.029	0.124	
1.43	0.505	-0.025	0.049	
1.47	0.505	-0.026	-0.029	
1.50	0.504	-0.030	-0.052	
1.53	0.503	-0.031	-0.036	
1.57	0.501	-0.031	-0.028	
1.60	0.501	-0.033	-0.014	
1.63	0.499	-0.033	0.011	
1.67	0.498	-0.032	0.027	
1.70	0.497	-0.031	0.049	
1.73	0.496	-0.028	0.053	
1.77	0.495	-0.027	0.047	
1.80	0.494	-0.025	0.061	
1.83	0.494	-0.023	0.072	
1.87	0.493	-0.021	0.084	
1.90	0.492	-0.018	0.100	
1.93	0.492	-0.014	0.122	
1.97	0.491	-0.009	0.127	
2.00	0.491	-0.005	0.116	
2.03	0.491	-0.002	0.123	
2.07	0.491	0.003	0.135	
2.10	0.491	0.008	0.137	
2.13	0.491	0.012	0.125	
2.17	0.492	0.016	0.112	
2.20	0.492	0.020	0.094	
2.23	0.493	0.022	0.071	
2.27	0.494	0.024	0.069	
2.30	0.495	0.026	0.080	
2.33	0.496	0.030	0.069	
2.37	0.497	0.032	0.032	
2.40	0.498	0.031	0.016	
2.43	0.499	0.032	0.028	
2.47	0.500	0.034	0.032	
2.50	0.501	0.036	-0.010	
2.53	0.502	0.033	-0.048	
2.57	0.503	0.032	-0.066	
2.60	0.505	0.028	-0.083	
2.63	0.505	0.025	-0.064	
2.67	0.506	0.025	-0.063	
2.70	0.507	0.022	-0.097	
2.73	0.508	0.018	-0.126	
2.77	0.508	0.013	-0.135	
2.80	0.509	0.008	-0.126	
2.83	0.509	0.005	-0.117	
2.87	0.509	0.001	-0.110	
2.90	0.509	-0.003	-0.106	
2.93	0.509	-0.006	-0.119	
2.97	0.508	-0.010	-0.133	
3.00	0.508	-0.015	-0.129	
3.03	0.507	-0.020	-0.104	
3.07	0.507	-0.022	-0.072	
3.10	0.506	-0.024	-0.056	
3.13	0.505	-0.026	-0.047	
3.17	0.504	-0.028	-0.014	
3.20	0.503	-0.026	-0.010	
3.23	0.502	-0.028	-0.034	
3.27	0.501	-0.029	-0.042	
3.30	0.501	-0.031	-0.043	
3.33	0.499	-0.032	-0.022	
3.37	0.498	-0.032	-0.004	
3.40	0.497	-0.033	0.018	
3.43	0.496	-0.032	0.065	
3.47	0.495	-0.027	0.093	
3.50	0.494	-0.026	0.114	
3.53	0.493	-0.019	0.124	
3.57	0.493	-0.016	0.094	
3.60	0.492	-0.016	0.126	
3.63	0.492	-0.008	0.174	
3.67	0.492	-0.001	0.146	
3.70	0.492	0.001	0.128	
3.73	0.492	0.005	0.160	
3.77	0.492	0.013	0.152	
3.80	0.493	0.018	0.076	
3.83	0.494	0.018	0.017	
3.87	0.494	0.017	0.024	
3.90	0.495	0.018	0.069	
3.93	0.495	0.021	0.122	
3.97	0.496	0.027	0.162	
4.00	0.497	0.033	0.159	
4.03	0.498	0.040	0.081	
4.07	0.500	0.039	-0.006	
4.10	0.501	0.038	-0.048	
4.13	0.502	0.035	-0.067	
4.17	0.503	0.032	-0.040	
4.20	0.504	0.034	-0.037	
4.23	0.506	0.031	-0.087	
4.27	0.506	0.026	-0.092	
4.30	0.507	0.025	-0.076	
4.33	0.508	0.021	-0.077	
4.37	0.508	0.020	-0.092	
4.40	0.510	0.016	-0.141	
4.43	0.510	0.010	-0.179	
4.47	0.510	0.003	-0.183	
4.50	0.510	-0.002	-0.173	
4.53	0.510	-0.008	-0.161	
4.57	0.509	-0.013	-0.136	
4.60	0.509	-0.019	-0.064	
4.63	0.508	-0.018	0.000	
4.67	0.508	-0.015	-0.042	
4.70	0.507	-0.021	-0.089	
4.73	0.506	-0.022	-0.103	
4.77	0.506	-0.027	-0.107	
4.80	0.505	-0.030	-0.080	
4.83	0.504	-0.033	-0.055	
4.87	0.502	-0.034	-0.042	
4.90	0.501	-0.035	-0.049	
4.93	0.500	-0.038	-0.040	
4.97	0.499	-0.039	-0.002	
5.00	0.497	-0.036	-0.023	
5.03	0.497	-0.038	-0.097	
5.07	0.495	-0.043	-0.113	
5.10	0.494	-0.053	0.071	
5.13	0.491	-0.044	0.380	
5.17	0.490	-0.013	0.296	
5.20	0.491	-0.019	0.056	
5.23	0.489	-0.018	0.029	
5.27	0.490	-0.017	0.034	
5.30	0.488	-0.023	0.250	
5.33	0.488	-0.001	0.447	
5.37	0.488	0.020	0.288	
5.40	0.490	0.023	-0.042	
5.43	0.490	0.003	-0.013	
5.47	0.488	0.014	0.276	
5.50	0.491	0.037	0.178	
5.53	0.492	0.030	-0.021	
5.57	0.493	0.028	-0.028	
5.60	0.494	0.027	0.020	
5.63	0.494	0.029	0.074	
5.67	0.496	0.034	0.065	
5.70	0.497	0.034	0.036	
5.73	0.498	0.036	0.013	
5.77	0.499	0.036	-0.026	
5.80	0.500	0.034	-0.069	
5.83	0.502	0.030	-0.089	
5.87	0.502	0.025	-0.032	
5.90	0.503	0.029	0.007	
5.93	0.505	0.029	-0.038	
5.97	0.505	0.026	-0.079	
6.00	0.506	0.023	-0.104	
6.03	0.507	0.019	-0.114	
6.07	0.507	0.016	-0.135	
6.10	0.508	0.009	-0.142	
6.13	0.508	0.005	-0.126	
6.17	0.508	0.002	-0.126	
6.20	0.508	-0.003	-0.126	
6.23	0.508	-0.008	-0.101	
6.27	0.507	-0.009	-0.094	
6.30	0.507	-0.012	-0.130	
6.33	0.507	-0.019	-0.136	
6.37	0.506	-0.023	-0.105	
6.40	0.505	-0.026	-0.077	
6.43	0.504	-0.028	-0.054	
6.47	0.503	-0.029	-0.048	
6.50	0.502	-0.031	-0.053	
6.53	0.501	-0.032	-0.064	
6.57	0.500	-0.035	-0.058	
6.60	0.499	-0.037	-0.017	
6.63	0.498	-0.036	0.027	
6.67	0.496	-0.035	0.066	
6.70	0.495	-0.032	0.105	
6.73	0.494	-0.027	0.110	
6.77	0.494	-0.024	0.091	
6.80	0.493	-0.022	0.098	
6.83	0.492	-0.018	0.123	
6.87	0.492	-0.014	0.149	
6.90	0.491	-0.007	0.139	
6.93	0.491	-0.003	0.092	
6.97	0.491	-0.001	0.058	
7.00	0.491	-0.001	0.071	
7.03	0.491	0.002	0.129	
7.07	0.491	0.009	0.161	
7.10	0.492	0.014	0.163	
7.13	0.492	0.019	0.160	
7.17	0.493	0.026	0.103	
7.20	0.494	0.026	0.048	
7.23	0.494	0.026	0.074	
7.27	0.496	0.032	0.084	
7.30	0.497	0.034	0.039	
7.33	0.498	0.034	0.001	
7.37	0.499	0.033	-0.015	
7.40	0.500	0.033	-0.026	
7.43	0.501	0.031	-0.029	
7.47	0.502	0.031	-0.030	
7.50	0.503	0.030	-0.046	
7.53	0.504	0.028	-0.061	
7.57	0.505	0.025	-0.048	
7.60	0.506	0.025	-0.042	
7.63	0.507	0.023	-0.068	
7.67	0.507	0.021	-0.117	
7.70	0.508	0.015	-0.155	
7.73	0.508	0.009	-0.137	
7.77	0.509	0.005	-0.083	
7.80	0.509	0.004	-0.060	
7.83	0.509	0.003	-0.099	
7.87	0.509	-0.002	-0.141	
7.90	0.509	-0.008	-0.154	
7.93	0.508	-0.013	-0.151	
7.97	0.508	-0.018	-0.134	
8.00	0.507	-0.022	-0.104	
8.03	0.507	-0.025	-0.071	
8.07	0.506	-0.026	-0.055	
8.10	0.505	-0.028	-0.050	
8.13	0.504	-0.030	-0.035	
8.17	0.503	-0.031	-0.016	
8.20	0.502	-0.031	-0.008	
8.23	0.501	-0.031	-0.005	
8.27	0.500	-0.031	0.003	
8.30	0.499	-0.032	0.035	
8.33	0.497	-0.029	0.076	
8.37	0.497	-0.024	0.060	
8.40	0.496	-0.026	0.050	
8.43	0.495	-0.023	0.078	
8.47	0.494	-0.019	0.079	
8.50	0.494	-0.017	0.084	
8.53	0.493	-0.015	0.109	
8.57	0.493	-0.010	0.133	
8.60	0.493	-0.005	0.140	
8.63	0.492	-0.000	0.131	
8.67	0.493	0.004	0.112	
8.70	0.493	0.006	0.111	
8.73	0.493	0.011	0.123	
8.77	0.493	0.016	0.102	
8.80	0.494	0.018	0.082	
8.83	0.494	0.019	0.122	
8.87	0.495	0.025	0.183	
8.90	0.496	0.032	0.217	
8.93	0.497	0.046	0.092	
8.97	0.500	0.037	-0.009	
9.00	0.499	0.038	0.068	
9.03	0.502	0.048	-0.003	
9.07	0.503	0.040	-0.129	
9.10	0.505	0.034	-0.122	
9.13	0.505	0.031	-0.086	
9.17	0.507	0.030	-0.078	
9.20	0.507	0.026	-0.083	
9.23	0.508	0.023	-0.078	
9.27	0.509	0.021	-0.077	
9.30	0.510	0.019	-0.099	
9.33	0.510	0.015	-0.134	
9.37	0.511	0.009	-0.157	
9.40	0.511	0.005	-0.186	
9.43	0.511	-0.002	-0.206	
9.47	0.511	-0.016	-0.043	
9.50	0.509	-0.006	0.110	
9.53	0.511	0.004	-0.085	
9.57	0.510	-0.010	-0.316	
9.60	0.510	-0.023	-0.379	
9.63	0.509	-0.042	-0.235	
9.67	0.506	-0.044	0.059	
9.70	0.506	-0.030	0.145	
9.73	0.505	-0.028	0.068	
9.77	0.504	-0.027	-0.005	
9.80	0.503	-0.030	-0.043	
9.83	0.502	-0.031	-0.037	
9.87	0.501	-0.033	-0.018	
9.90	0.500	-0.033	0.010	
9.93	0.499	-0.031	0.024	
9.97	0.498	-0.031	0.032	
10.00	0.497	-0.030	0.060	
10.03	0.495	-0.027	0.093	
10.07	0.495	-0.023	0.099	
10.10	0.494	-0.019	0.056	
10.13	0.494	-0.020	0.031	
10.17	0.493	-0.020	0.089	
10.20	0.492	-0.014	0.151	
10.23	0.492	-0.008	0.193	
10.27	0.492	-0.002	0.266	
10.30	0.491	0.008	0.338	
10.33	0.492	0.027	0.225	
10.37	0.494	0.029	-0.029	
10.40	0.494	0.017	-0.091	
10.43	0.494	0.017	0.009	
10.47	0.495	0.020	0.076	
10.50	0.496	0.024	0.097	
10.53	0.497	0.028	0.064	
10.57	0.498	0.028	0.037	
10.60	0.499	0.030	0.028	
10.63	0.500	0.030	0.006	
10.67	0.501	0.029	0.007	
10.70	0.502	0.030	0.011	
10.73	0.503	0.031	0.002	
10.77	0.504	0.031	-0.013	
10.80	0.505	0.030	-0.039	
10.83	0.506	0.028	-0.065	
10.87	0.507	0.026	-0.083	
10.90	0.508	0.023	-0.094	
10.93	0.508	0.019	-0.089	
10.97	0.509	0.016	-0.071	
11.00	0.509	0.015	-0.076	
11.03	0.510	0.012	-0.105	
11.07	0.510	0.008	-0.134	
11.10	0.510	0.003	-0.146	
11.13	0.510	-0.003	-0.141	
11.17	0.510	-0.007	-0.119	
11.20	0.510	-0.011	-0.083	
11.23	0.509	-0.012	-0.072	
11.27	0.509	-0.015	-0.087	
11.30	0.508	-0.018	-0.095	
11.33	0.508	-0.021	-0.104	
11.37	0.507	-0.025	-0.096	
11.40	0.506	-0.029	-0.058	
11.43	0.505	-0.029	-0.031	
11.47	0.504	-0.030	-0.035	
11.50	0.503	-0.032	-0.020	
11.53	0.502	-0.032	0.019	
11.57	0.501	-0.030	0.031	
11.60	0.500	-0.029	0.019	
11.63	0.499	-0.029	0.032	
11.67	0.498	-0.028	0.063	
11.70	0.497	-0.024	0.072	
11.73	0.496	-0.023	0.076	
11.77	0.495	-0.020	0.093	
11.80	0.495	-0.016	0.102	
11.83	0.494	-0.013	0.110	
11.87	0.494	-0.009	0.130	
11.90	0.494	-0.004	0.148	
11.93	0.494	0.002	0.123	
11.97	0.494	0.004	0.098	
12.00	0.494	0.008	0.105	
12.03	0.495	0.011	0.111	
12.07	0.495	0.015	0.110	
12.10	0.496	0.019	0.083	
12.13	0.496	0.021	0.062	
12.17	0.497	0.022	0.073	
12.20	0.498	0.026	0.081	
12.23	0.499	0.029	0.052	
12.27	0.500	0.029	0.026	
12.30	0.501	0.029	0.024	
12.33	0.501	0.031	0.002	
12.37	0.503	0.030	-0.031	
12.40	0.504	0.028	-0.024	
12.43	0.505	0.028	-0.013	
12.47	0.505	0.029	-0.046	
12.50	0.507	0.025	-0.085	
12.53	0.507	0.021	-0.079	
12.57	0.508	0.019	-0.047	
12.60	0.508	0.019	-0.028	
12.63	0.509	0.020	-0.072	
12.67	0.510	0.014	-0.121	
12.70	0.510	0.010	-0.132	
12.73	0.511	0.005	-0.138	
12.77	0.510	0.001	-0.137	
12.80	0.511	-0.003	-0.171	
12.83	0.510	-0.009	-0.240	
12.87	0.510	-0.018	-0.299	
12.90	0.509	-0.036	-0.165	
12.93	0.507	-0.037	0.154	
12.97	0.506	-0.020	0.293	
13.00	0.506	-0.004	0.064	
13.03	0.507	-0.010	-0.308	
13.07	0.506	-0.040	-0.271	
13.10	0.503	-0.042	0.126	
13.13	0.502	-0.016	0.150	
13.17	0.503	-0.017	-0.195	
13.20	0.502	-0.044	-0.198	
13.23	0.499	-0.044	0.149	
13.27	0.498	-0.019	0.152	
13.30	0.499	-0.027	-0.024	
13.33	0.496	-0.035	0.128	
13.37	0.496	-0.021	0.335	
13.40	0.495	-0.001	0.261	
13.43	0.496	0.003	0.009	
13.47	0.496	-0.007	-0.088	
13.50	0.495	-0.009	-0.013	
13.53	0.495	-0.007	0.064	
13.57	0.495	-0.003	0.105	
13.60	0.495	0.001	0.110	
13.63	0.495	0.005	0.086	
13.67	0.495	0.008	0.036	
13.70	0.496	0.007	0.018	
13.73	0.496	0.002	0.166	
13.77	0.495	0.018	0.299	
13.80	0.497	0.034	0.116	
13.83	0.498	0.027	-0.116	
13.87	0.499	0.021	-0.184	
13.90	0.500	0.008	-0.042	
13.93	0.499	0.012	0.230	
13.97	0.500	0.037	0.131	
14.00	0.502	0.027	-0.126	
14.03	0.502	0.015	-0.040	
14.07	0.502	0.024	0.071	
14.10	0.504	0.028	-0.005	
14.13	0.505	0.022	-0.062	
14.17	0.505	0.019	-0.023	
14.20	0.506	0.022	-0.002	
14.23	0.506	0.022	-0.065	
14.27	0.507	0.017	-0.129	
14.30	0.508	0.011	-0.118	
14.33	0.508	0.009	-0.092	
14.37	0.508	0.006	-0.103	
14.40	0.508	0.002	-0.104	
14.43	0.508	-0.001	-0.107	
14.47	0.508	-0.004	-0.142	
14.50	0.508	-0.010	-0.169	
14.53	0.508	-0.017	-0.163	
14.57	0.507	-0.021	-0.140	
14.60	0.506	-0.026	-0.102	
14.63	0.505	-0.031	-0.007	
14.67	0.504	-0.026	0.058	
14.70	0.504	-0.021	-0.016	
14.73	0.503	-0.027	-0.095	
14.77	0.502	-0.031	-0.078	
14.80	0.501	-0.032	-0.037	
14.83	0.500	-0.035	0.025	
14.87	0.498	-0.030	0.063	
14.90	0.498	-0.026	-0.028	
14.93	0.497	-0.032	-0.129	
14.97	0.495	-0.038	-0.134	
15.00	0.494	-0.047	0.016	
15.03	0.492	-0.034	0.118	
15.07	0.493	-0.031	0.028	
15.10	0.490	-0.039	0.106	
15.13	0.489	-0.027	0.265	
15.17	0.488	-0.017	0.315	
15.20	0.488	-0.004	0.318	
15.23	0.488	0.003	0.338	
15.27	0.488	0.012	0.476	
15.30	0.488	0.043	0.373	
15.33	0.492	0.051	-0.074	
15.37	0.493	0.029	-0.271	
15.40	0.493	0.022	-0.159	
15.43	0.494	0.018	-0.007	
15.47	0.494	0.022	0.120	
15.50	0.495	0.032	0.079	
15.53	0.497	0.030	-0.043	
15.57	0.497	0.024	-0.032	
15.60	0.498	0.025	0.059	
15.63	0.499	0.031	0.057	
15.67	0.500	0.030	0.015	
15.70	0.501	0.032	-0.017	
15.73	0.502	0.030	-0.058	
15.77	0.503	0.026	-0.052	
15.80	0.504	0.027	-0.052	
15.83	0.505	0.024	-0.087	
15.87	0.506	0.019	-0.084	
15.90	0.506	0.017	-0.028	
15.93	0.507	0.018	0.003	
15.97	0.507	0.018	-0.018	
16.00	0.508	0.024	-0.220	
16.03	0.510	0.002	-0.388	
16.07	0.508	-0.016	-0.191	
16.10	0.508	-0.008	-0.030	
16.13	0.508	-0.011	-0.022	
16.17	0.507	-0.011	-0.007	
16.20	0.507	-0.009	-0.063	
16.23	0.507	-0.015	-0.122	
16.27	0.506	-0.020	-0.126	
16.30	0.505	-0.024	-0.110	
16.33	0.504	-0.027	-0.074	
16.37	0.503	-0.029	-0.019	
16.40	0.502	-0.028	0.017	
16.43	0.501	-0.026	-0.004	
16.47	0.500	-0.027	-0.065	
16.50	0.500	-0.030	-0.116	
16.53	0.499	-0.040	-0.019	
16.57	0.497	-0.037	0.217	
16.60	0.496	-0.019	0.280	
16.63	0.496	-0.011	0.123	
16.67	0.495	-0.013	-0.007	
16.70	0.495	-0.016	-0.016	
16.73	0.494	-0.015	0.030	
16.77	0.494	-0.013	0.065	
16.80	0.493	-0.010	0.088	
16.83	0.493	-0.007	0.109	
16.87	0.493	-0.003	0.129	
16.90	0.493	0.004	0.094	
16.93	0.493	0.003	0.053	
16.97	0.493	0.004	0.082	
17.00	0.493	0.008	0.121	
17.03	0.494	0.014	0.127	
17.07	0.494	0.018	0.112	
17.10	0.495	0.020	0.117	
17.13	0.496	0.026	0.098	
17.17	0.497	0.029	0.037	
17.20	0.498	0.027	0.021	
17.23	0.498	0.028	0.060	
17.27	0.499	0.032	0.096	
17.30	0.501	0.035	0.111	
17.33	0.502	0.037	0.154	
17.37	0.502	0.051	0.027	
17.40	0.506	0.048	-0.327	
17.43	0.506	0.024	-0.512	
17.47	0.507	0.000	-0.325	
17.50	0.506	-0.004	0.030	
17.53	0.506	0.011	0.157	
17.57	0.507	0.015	0.052	
17.60	0.508	0.013	-0.040	
17.63	0.508	0.009	-0.038	
17.67	0.508	0.009	0.010	
17.70	0.508	0.009	0.059	
17.73	0.508	0.020	-0.067	
17.77	0.511	0.004	-0.188	
17.80	0.508	-0.002	-0.089	
17.83	0.510	0.005	-0.162	
17.87	0.509	-0.010	-0.277	
17.90	0.509	-0.019	-0.238	
17.93	0.508	-0.033	-0.019	
17.97	0.506	-0.019	0.174	
18.00	0.507	-0.008	0.005	
18.03	0.506	-0.021	-0.130	
18.07	0.505	-0.024	-0.080	
18.10	0.505	-0.025	-0.051	
18.13	0.504	-0.026	-0.040	
18.17	0.503	-0.028	-0.016	
18.20	0.502	-0.029	0.048	
18.23	0.501	-0.025	0.106	
18.27	0.500	-0.019	0.099	
18.30	0.500	-0.016	0.032	
18.33	0.499	-0.019	0.000	
18.37	0.498	-0.018	0.029	
18.40	0.498	-0.017	0.077	
18.43	0.497	-0.013	0.136	
18.47	0.497	-0.006	0.149	
18.50	0.497	-0.002	0.106	
18.53	0.497	0.000	0.069	
18.57	0.497	0.002	0.057	
18.60	0.497	0.003	0.068	
18.63	0.497	0.006	0.094	
18.67	0.498	0.011	0.097	
18.70	0.498	0.012	0.103	
18.73	0.498	0.017	0.117	
18.77	0.499	0.023	0.053	
18.80	0.500	0.021	-0.015	
18.83	0.500	0.018	0.014	
18.87	0.501	0.021	0.062	
18.90	0.502	0.025	0.064	
18.93	0.503	0.027	0.024	
18.97	0.504	0.025	0.002	
19.00	0.504	0.027	-0.043	
19.03	0.505	0.025	-0.146	
19.07	0.506	0.019	-0.275	
19.10	0.507	0.000	-0.223	
19.13	0.506	-0.005	0.088	
19.17	0.506	0.011	0.283	
19.20	0.507	0.020	0.284	
19.23	0.507	0.035	0.100	
19.27	0.510	0.032	-0.226	
19.30	0.510	0.012	-0.336	
19.33	0.510	0.002	-0.242	
19.37	0.510	-0.003	-0.160	
19.40	0.510	-0.006	-0.150	
19.43	0.510	-0.011	-0.190	
19.47	0.509	-0.018	-0.214	
19.50	0.509	-0.031	-0.080	
19.53	0.506	-0.030	0.186	
19.57	0.506	-0.007	0.152	
19.60	0.507	-0.008	-0.168	
19.63	0.506	-0.034	-0.115	
19.67	0.503	-0.024	0.155	
19.70	0.505	-0.007	0.040	
19.73	0.504	-0.019	-0.168	
19.77	0.503	-0.026	-0.197	
19.80	0.502	-0.033	-0.144	
19.83	0.501	-0.042	0.062	
19.87	0.498	-0.026	0.166	
19.90	0.499	-0.016	-0.087	
19.93	0.499	-0.040	-0.144	
19.97	0.496	-0.040	0.169	
20.00	0.495	-0.023	0.360	
20.03	0.495	-0.010	0.368	
20.07	0.494	0.008	0.181	
20.10	0.496	0.007	-0.122	
20.13	0.496	-0.015	-0.049	
20.17	0.493	-0.003	0.202	
20.20	0.495	0.014	0.081	
20.23	0.495	0.005	-0.129	
20.27	0.496	-0.000	-0.200	
20.30	0.496	-0.014	-0.060	
20.33	0.494	-0.011	0.279	
20.37	0.494	0.010	0.440	
20.40	0.495	0.025	0.358	
20.43	0.496	0.040	0.087	
20.47	0.498	0.036	-0.290	
20.50	0.499	0.007	-0.269	
20.53	0.498	0.004	0.135	
20.57	0.499	0.023	0.344	
20.60	0.499	0.042	0.137	
20.63	0.502	0.039	-0.243	
20.67	0.503	0.011	-0.222	
20.70	0.502	0.009	0.183	
20.73	0.502	0.037	0.248	
20.77	0.505	0.040	-0.075	
20.80	0.506	0.024	-0.245	
20.83	0.507	0.016	-0.189	
20.87	0.507	0.012	-0.114	
20.90	0.507	0.010	-0.084	
20.93	0.507	0.008	-0.086	
20.97	0.508	0.005	-0.097	
21.00	0.508	0.001	-0.093	
21.03	0.508	-0.002	-0.074	
21.07	0.508	-0.004	-0.060	
21.10	0.508	-0.005	-0.078	
21.13	0.507	-0.009	-0.100	
21.17	0.507	-0.013	-0.095	
21.20	0.507	-0.016	-0.089	
21.23	0.506	-0.018	-0.082	
21.27	0.505	-0.022	-0.064	
21.30	0.504	-0.022	-0.066	
21.33	0.504	-0.023	-0.138	
21.37	0.503	-0.030	-0.229	
21.40	0.502	-0.046	-0.109	
21.43	0.499	-0.046	0.229	
21.47	0.499	-0.025	0.391	
21.50	0.498	-0.005	0.154	
21.53	0.499	-0.009	-0.242	
21.57	0.498	-0.036	-0.223	
21.60	0.496	-0.038	0.190	
21.63	0.495	-0.017	0.445	
21.67	0.494	0.005	0.325	
21.70	0.496	0.010	0.019	
21.73	0.496	-0.001	-0.093	
21.77	0.495	-0.003	-0.016	
21.80	0.495	0.000	0.024	
21.83	0.495	0.001	0.002	
21.87	0.495	0.001	-0.054	
21.90	0.496	-0.001	-0.127	
21.93	0.496	-0.013	-0.040	
21.97	0.494	-0.010	0.212	
22.00	0.494	0.007	0.330	
22.03	0.495	0.017	0.290	
22.07	0.495	0.026	0.201	
22.10	0.497	0.037	-0.061	
22.13	0.499	0.020	-0.239	
22.17	0.498	0.006	-0.031	
22.20	0.498	0.020	0.141	
22.23	0.500	0.026	0.066	
22.27	0.500	0.024	-0.018	
22.30	0.501	0.021	-0.016	
22.33	0.502	0.022	0.008	
22.37	0.503	0.023	-0.008	
22.40	0.503	0.022	-0.047	
22.43	0.504	0.020	-0.103	
22.47	0.505	0.014	-0.104	
22.50	0.505	0.012	-0.070	
22.53	0.506	0.010	-0.063	
22.57	0.506	0.008	-0.061	
22.60	0.506	0.007	-0.077	
22.63	0.506	0.003	-0.091	
22.67	0.506	0.000	-0.091	
22.70	0.506	-0.003	-0.091	
22.73	0.506	-0.007	-0.077	
22.77	0.506	-0.008	-0.063	
22.80	0.506	-0.010	-0.063	
22.83	0.505	-0.012	-0.062	
22.87	0.505	-0.014	-0.072	
22.90	0.504	-0.017	-0.075	
22.93	0.504	-0.020	-0.053	
22.97	0.503	-0.021	-0.032	
23.00	0.502	-0.022	-0.012	
23.03	0.501	-0.021	-0.001	
23.07	0.501	-0.021	-0.007	
23.10	0.500	-0.023	0.018	
23.13	0.499	-0.020	0.034	
23.17	0.499	-0.020	0.027	
23.20	0.498	-0.018	0.026	
23.23	0.497	-0.018	0.022	
23.27	0.496	-0.017	0.031	
23.30	0.496	-0.016	0.040	
23.33	0.495	-0.015	0.055	
23.37	0.495	-0.013	0.080	
23.40	0.495	-0.010	0.103	
23.43	0.494	-0.005	0.114	
23.47	0.494	-0.001	0.102	
23.50	0.494	0.001	0.096	
23.53	0.494	0.005	0.097	
23.57	0.495	0.009	0.074	
23.60	0.495	0.009	0.066	
23.63	0.495	0.012	0.073	
23.67	0.496	0.015	0.061	
23.70	0.496	0.016	0.051	
23.73	0.497	0.019	0.025	
23.77	0.498	0.018	-0.002	
23.80	0.498	0.018	0.004	
23.83	0.499	0.017	0.039	
23.87	0.499	0.020	0.077	
23.90	0.500	0.026	0.030	
23.93	0.501	0.023	-0.038	
23.97	0.502	0.019	-0.015	
24.00	0.502	0.022	0.006	
24.03	0.503	0.023	-0.047	
24.07	0.504	0.019	-0.094	
24.10	0.504	0.015	-0.098	
24.13	0.505	0.011	-0.060	
24.17	0.505	0.011	-0.028	
24.20	0.506	0.010	-0.038	
24.23	0.506	0.009	-0.054	
24.27	0.506	0.008	-0.107	
24.30	0.506	0.003	-0.174	
24.33	0.507	-0.007	-0.152	
24.37	0.506	-0.010	-0.057	
24.40	0.506	-0.009	-0.020	
24.43	0.505	-0.008	-0.084	
24.47	0.505	-0.012	-0.199	
24.50	0.505	-0.025	-0.207	
24.53	0.504	-0.037	0.086	
24.57	0.501	-0.018	0.331	
24.60	0.502	0.003	0.106	
24.63	0.502	-0.011	-0.144	
24.67	0.501	-0.018	-0.114	
24.70	0.501	-0.019	-0.037	
24.73	0.500	-0.018	0.001	
24.77	0.500	-0.018	0.012	
24.80	0.499	-0.018	0.024	
24.83	0.499	-0.017	0.045	
24.87	0.498	-0.014	0.044	
24.90	0.498	-0.013	0.024	
24.93	0.497	-0.013	0.013	
24.97	0.497	-0.013	0.018	
25.00	0.496	-0.012	0.037	
25.03	0.496	-0.010	0.054	
25.07	0.495	-0.008	0.060	
25.10	0.495	-0.006	0.067	
25.13	0.495	-0.005	0.112	
25.17	0.495	0.001	0.161	
25.20	0.495	0.008	0.137	
25.23	0.496	0.012	0.053	
25.27	0.496	0.010	0.004	
25.30	0.496	0.011	-0.009	
25.33	0.497	0.010	-0.023	
25.37	0.497	0.009	-0.001	
25.40	0.498	0.009	0.042	
25.43	0.497	0.012	0.063	
25.47	0.498	0.015	0.048	
25.50	0.498	0.015	0.031	
25.53	0.499	0.016	0.030	
25.57	0.499	0.017	0.034	
25.60	0.501	0.018	0.038	
25.63	0.501	0.020	0.040	
25.67	0.502	0.023	-0.011	
25.70	0.502	0.021	-0.103	
25.73	0.503	0.014	-0.133	
25.77	0.503	0.008	-0.067	
25.80	0.504	0.010	-0.002	
25.83	0.504	0.010	0.020	
25.87	0.504	0.013	-0.028	
25.90	0.505	0.008	-0.097	
25.93	0.505	0.004	-0.101	
25.97	0.505	0.002	-0.114	
26.00	0.505	-0.004	-0.113	
26.03	0.505	-0.007	-0.075	
26.07	0.505	-0.008	-0.057	
26.10	0.504	-0.009	-0.067	
26.13	0.504	-0.013	-0.072	
26.17	0.504	-0.016	-0.038	
26.20	0.503	-0.014	-0.020	
26.23	0.503	-0.016	-0.033	
26.27	0.502	-0.017	-0.032	
26.30	0.501	-0.018	-0.030	
26.33	0.501	-0.019	-0.038	
26.37	0.500	-0.021	-0.043	
26.40	0.499	-0.022	-0.023	
26.43	0.499	-0.023	0.016	
26.47	0.498	-0.022	0.066	
26.50	0.497	-0.018	0.088	
26.53	0.496	-0.014	0.056	
26.57	0.496	-0.012	-0.013	
26.60	0.496	-0.018	0.006	
26.63	0.495	-0.015	0.114	
26.67	0.495	-0.008	0.147	
26.70	0.494	-0.003	0.112	
26.73	0.495	-0.000	0.070	
26.77	0.494	0.001	0.038	
26.80	0.495	0.001	0.045	
26.83	0.494	0.003	0.099	
26.87	0.495	0.009	0.122	
26.90	0.495	0.012	0.096	
26.93	0.496	0.015	0.060	
26.97	0.496	0.017	0.015	
27.00	0.497	0.016	-0.014	
27.03	0.497	0.015	-0.016	
27.07	0.498	0.014	0.009	
27.10	0.498	0.015	0.055	
27.13	0.499	0.019	0.066	
27.17	0.499	0.020	0.043	
27.20	0.500	0.021	0.026	
27.23	0.501	0.022	0.001	
27.27	0.502	0.022	-0.037	
27.30	0.502	0.019	-0.053	
27.33	0.503	0.018	-0.053	
27.37	0.504	0.016	-0.057	
27.40	0.504	0.014	-0.069	
27.43	0.505	0.011	-0.075	
27.47	0.505	0.008	-0.058	
27.50	0.505	0.007	-0.048	
27.53	0.505	0.006	-0.048	
27.57	0.505	0.004	-0.058	
27.60	0.505	0.002	-0.076	
27.63	0.506	-0.001	-0.071	
27.67	0.505	-0.003	-0.052	
27.70	0.505	-0.005	-0.015	
27.73	0.505	-0.006	0.058	
27.77	0.505	-0.002	0.110	
27.80	0.504	0.009	-0.043	
27.83	0.506	0.003	-0.372	
27.87	0.506	-0.028	-0.376	
27.90	0.503	-0.035	-0.017	
27.93	0.502	-0.023	0.217	
27.97	0.502	-0.013	0.231	
28.00	0.502	-0.008	0.188	
28.03	0.501	0.005	-0.015	
28.07	0.503	-0.002	-0.360	
28.10	0.502	-0.033	-0.330	
28.13	0.500	-0.036	0.047	
28.17	0.499	-0.022	0.257	
28.20	0.499	-0.013	0.284	
28.23	0.498	-0.005	0.295	
28.27	0.498	0.011	0.178	
28.30	0.499	0.013	-0.068	
28.33	0.499	0.000	-0.158	
28.37	0.499	-0.004	-0.083	
28.40	0.499	-0.004	-0.001	
28.43	0.499	-0.002	0.052	
28.47	0.499	0.000	0.070	
28.50	0.499	0.003	0.070	
28.53	0.499	0.005	0.055	
28.57	0.499	0.007	0.010	
28.60	0.499	0.007	-0.052	
28.63	0.499	0.003	-0.077	
28.67	0.500	-0.004	0.057	
28.70	0.499	0.000	0.351	
28.73	0.499	0.030	0.349	
28.77	0.502	0.036	0.001	
28.80	0.502	0.023	-0.208	
28.83	0.503	0.015	-0.216	
28.87	0.503	0.009	-0.154	
28.90	0.504	-0.001	0.064	
28.93	0.502	0.013	0.249	
28.97	0.505	0.029	0.083	
29.00	0.505	0.019	-0.109	
29.03	0.506	0.014	-0.123	
29.07	0.506	0.010	-0.096	
29.10	0.506	0.008	-0.065	
29.13	0.506	0.007	-0.062	
29.17	0.507	0.005	-0.071	
29.20	0.507	0.001	-0.055	
29.23	0.507	0.000	-0.028	
29.27	0.507	0.000	-0.022	
29.30	0.507	0.000	-0.051	
29.33	0.507	-0.004	-0.072	
29.37	0.506	-0.005	-0.070	
29.40	0.506	-0.008	-0.081	
29.43	0.506	-0.010	-0.116	
29.47	0.506	-0.014	-0.173	
29.50	0.505	-0.021	-0.199	
29.53	0.505	-0.035	-0.013	
29.57	0.502	-0.030	0.331	
29.60	0.502	0.000	0.310	
29.63	0.503	0.004	-0.067	
29.67	0.503	-0.011	-0.292	
29.70	0.502	-0.022	-0.308	
29.73	0.501	-0.038	-0.103	
29.77	0.499	-0.035	0.260	
29.80	0.499	-0.015	0.442	
29.83	0.498	0.006	0.295	
29.87	0.500	0.010	-0.016	
29.90	0.499	-0.002	-0.140	
29.93	0.499	-0.006	-0.071	
29.97	0.499	-0.006	0.009	
30.00	0.499	-0.003	0.030	
30.03	0.499	-0.004	0.023	
30.07	0.498	-0.002	0.039	
30.10	0.498	-0.001	0.043	
30.13	0.498	0.001	0.048	
30.17	0.498	0.003	0.053	
30.20	0.498	0.005	0.045	
30.23	0.499	0.006	0.029	
30.27	0.499	0.007	-0.012	
30.30	0.499	0.006	-0.082	
30.33	0.499	0.002	-0.122	
30.37	0.500	-0.009	0.034	
30.40	0.498	-0.003	0.361	
30.43	0.499	0.027	0.361	
30.47	0.501	0.033	0.018	
30.50	0.501	0.021	-0.171	
30.53	0.502	0.015	-0.175	
30.57	0.502	0.011	-0.184	
30.60	0.503	0.006	-0.225	
30.63	0.503	-0.011	-0.078	
30.67	0.501	-0.008	0.261	
30.70	0.502	0.014	0.383	
30.73	0.502	0.030	0.170	
30.77	0.505	0.029	-0.144	
30.80	0.505	0.012	-0.244	
30.83	0.505	0.006	-0.159	
30.87	0.505	0.003	-0.088	
30.90	0.505	0.002	-0.056	
30.93	0.505	0.000	-0.055	
30.97	0.505	-0.002	-0.052	
31.00	0.505	-0.003	-0.061	
31.03	0.505	-0.005	-0.096	
31.07	0.505	-0.009	-0.127	
31.10	0.504	-0.014	-0.120	
31.13	0.504	-0.024	0.065	
31.17	0.502	-0.010	0.239	
31.20	0.504	0.004	0.080	
31.23	0.503	-0.004	-0.105	
31.27	0.503	-0.009	-0.124	
31.30	0.502	-0.014	-0.075	
31.33	0.502	-0.015	-0.004	
31.37	0.501	-0.014	0.046	
31.40	0.501	-0.010	0.047	
31.43	0.501	-0.010	0.023	
31.47	0.500	-0.010	0.024	
31.50	0.500	-0.008	0.024	
31.53	0.500	-0.008	0.019	
31.57	0.500	-0.007	0.020	
31.60	0.499	-0.006	0.017	
31.63	0.499	-0.007	0.028	
31.67	0.499	-0.005	0.053	
31.70	0.499	-0.003	0.065	
31.73	0.499	-0.000	0.064	
31.77	0.499	0.002	0.054	
31.80	0.499	0.003	0.050	
31.83	0.499	0.005	0.049	
31.87	0.499	0.007	0.035	
31.90	0.500	0.008	0.018	
31.93	0.500	0.008	0.016	
31.97	0.500	0.008	0.027	
32.00	0.500	0.009	0.048	
32.03	0.501	0.013	0.034	
32.07	0.501	0.012	0.016	
32.10	0.501	0.013	0.022	
32.13	0.502	0.013	0.018	
32.17	0.502	0.015	-0.002	
32.20	0.503	0.014	-0.043	
32.23	0.503	0.011	-0.058	
32.27	0.504	0.009	-0.034	
32.30	0.504	0.008	-0.006	
32.33	0.504	0.009	-0.006	
32.37	0.504	0.009	-0.032	
32.40	0.505	0.006	-0.038	
32.43	0.505	0.006	-0.027	
32.47	0.505	0.006	-0.042	
32.50	0.505	0.003	-0.060	
32.53	0.505	0.001	-0.048	
32.57	0.505	-0.000	-0.031	
32.60	0.505	-0.001	-0.013	
32.63	0.505	-0.001	-0.006	
32.67	0.505	-0.001	-0.024	
32.70	0.505	-0.003	-0.024	
32.73	0.505	-0.002	-0.037	
32.77	0.505	-0.005	-0.059	
32.80	0.505	-0.007	-0.050	
32.83	0.505	-0.009	-0.022	
32.87	0.504	-0.008	-0.003	
32.90	0.504	-0.008	-0.010	
32.93	0.504	-0.009	-0.015	
32.97	0.503	-0.009	-0.025	
33.00	0.503	-0.011	-0.037	
33.03	0.503	-0.013	-0.011	
33.07	0.502	-0.011	0.011	
33.10	0.502	-0.011	0.004	
33.13	0.501	-0.012	0.012	
33.17	0.501	-0.011	0.028	
33.20	0.501	-0.010	0.043	
33.23	0.500	-0.008	0.057	
33.27	0.500	-0.006	0.060	
33.30	0.500	-0.004	0.063	
33.33	0.500	-0.001	0.033	
33.37	0.500	-0.000	-0.034	
33.40	0.500	-0.003	-0.080	
33.43	0.500	-0.013	0.039	
33.47	0.498	0.000	0.128	
33.50	0.500	0.013	-0.183	
33.53	0.501	-0.021	-0.235	
33.57	0.498	-0.025	0.292	
33.60	0.498	0.003	0.703	
33.63	0.498	0.042	0.547	
33.67	0.502	0.054	-0.038	
33.70	0.502	0.030	-0.381	
33.73	0.503	0.014	-0.305	
33.77	0.503	0.008	-0.128	
33.80	0.504	0.009	-0.026	
33.83	0.504	0.008	-0.003	
33.87	0.504	0.008	0.010	
33.90	0.504	0.009	0.007	
33.93	0.505	0.009	0.004	
33.97	0.505	0.010	-0.002	
34.00	0.505	0.009	-0.027	
34.03	0.505	0.007	-0.035	
34.07	0.506	0.008	-0.061	
34.10	0.506	0.004	-0.113	
34.13	0.506	-0.000	-0.161	
34.17	0.506	-0.005	-0.233	
34.20	0.506	-0.021	-0.137	
34.23	0.504	-0.022	0.152	
34.27	0.504	-0.005	0.265	
34.30	0.504	0.011	-0.020	
34.33	0.506	-0.007	-0.292	
34.37	0.503	-0.026	-0.112	
34.40	0.503	-0.016	0.129	
34.43	0.503	-0.010	0.173	
34.47	0.502	-0.003	0.141	
34.50	0.502	0.007	-0.089	
34.53	0.504	-0.010	-0.286	
34.57	0.501	-0.026	-0.123	
34.60	0.501	-0.017	0.033	
34.63	0.501	-0.017	0.025	
34.67	0.500	-0.017	0.041	
34.70	0.500	-0.016	0.093	
34.73	0.499	-0.010	0.139	
34.77	0.499	-0.004	0.119	
34.80	0.499	-0.001	0.082	
34.83	0.499	0.000	0.064	
34.87	0.499	0.000	0.085	
34.90	0.498	0.013	-0.057	
34.93	0.501	-0.001	-0.243	
34.97	0.498	-0.016	-0.101	
35.00	0.499	-0.008	0.056	
35.03	0.498	-0.006	0.060	
35.07	0.498	-0.004	0.055	
35.10	0.498	-0.003	0.037	
35.13	0.498	-0.001	-0.024	
35.17	0.498	-0.002	-0.112	
35.20	0.498	-0.007	-0.168	
35.23	0.498	-0.026	0.098	
35.27	0.495	-0.006	0.468	
35.30	0.497	0.026	0.300	
35.33	0.498	0.019	-0.018	
35.37	0.498	0.012	-0.032	
35.40	0.499	0.012	0.106	
35.43	0.499	0.021	0.193	
35.47	0.500	0.036	-0.026	
35.50	0.502	0.027	-0.422	
35.53	0.502	-0.007	-0.417	
35.57	0.501	-0.015	-0.040	
35.60	0.501	-0.002	0.149	
35.63	0.501	0.003	0.109	
35.67	0.501	0.005	0.041	
35.70	0.501	0.005	-0.006	
35.73	0.501	0.004	-0.036	
35.77	0.502	0.002	-0.054	
35.80	0.501	0.000	-0.048	
35.83	0.502	-0.002	-0.019	
35.87	0.501	-0.001	0.018	
35.90	0.501	0.001	0.021	
35.93	0.501	0.000	0.011	
35.97	0.501	0.001	0.018	
36.00	0.501	0.002	0.014	
36.03	0.502	0.002	-0.007	
36.07	0.502	0.002	-0.030	
36.10	0.502	-0.001	-0.013	
36.13	0.502	-0.002	0.083	
36.17	0.501	0.003	0.207	
36.20	0.501	0.019	0.125	
36.23	0.503	0.019	-0.172	
36.27	0.503	-0.001	-0.260	
36.30	0.503	-0.006	-0.133	
36.33	0.503	-0.006	-0.053	
36.37	0.502	-0.007	-0.019	
36.40	0.502	-0.008	-0.003	
36.43	0.502	-0.008	0.011	
36.47	0.502	-0.007	0.029	
36.50	0.501	-0.005	0.034	
36.53	0.501	-0.004	0.016	
36.57	0.501	-0.005	0.005	
36.60	0.501	-0.004	0.020	
36.63	0.501	-0.003	0.031	
36.67	0.501	-0.002	0.036	
36.70	0.501	-0.001	0.040	
36.73	0.501	0.000	0.045	
36.77	0.501	0.002	0.060	
36.80	0.501	0.006	0.027	
36.83	0.501	0.004	-0.010	
36.87	0.501	0.004	0.002	
36.90	0.501	0.004	0.007	
36.93	0.501	0.005	0.002	
36.97	0.502	0.004	0.012	
37.00	0.502	0.005	0.027	
37.03	0.502	0.007	0.018	
37.07	0.502	0.006	0.011	
37.10	0.502	0.007	0.008	
37.13	0.503	0.007	-0.004	
37.17	0.503	0.006	-0.005	
37.20	0.503	0.007	-0.010	
37.23	0.504	0.006	-0.034	
37.27	0.504	0.004	-0.035	
37.30	0.504	0.003	-0.015	
37.33	0.504	0.004	-0.018	
37.37	0.504	0.002	-0.028	
37.40	0.504	0.001	-0.008	
37.43	0.504	0.001	0.028	
37.47	0.504	0.003	0.046	
37.50	0.504	0.007	-0.001	
37.53	0.505	0.003	-0.051	
37.57	0.504	0.001	-0.047	
37.60	0.505	0.000	-0.033	
37.63	0.504	-0.001	-0.028	
37.67	0.505	-0.002	-0.023	
37.70	0.504	-0.002	-0.011	
37.73	0.504	-0.003	-0.004	
37.77	0.504	-0.003	-0.001	
37.80	0.504	-0.003	-0.000	
37.83	0.504	-0.003	-0.000	
37.87	0.504	-0.003	-0.000	
37.90	0.504	-0.003	-0.000	
37.93	0.504	-0.003	-0.000	
37.97	0.504	-0.003	0.000	
38.00	0.504	-0.003	0.002	
38.03	0.503	-0.003	0.010	
38.07	0.504	-0.002	0.021	
38.10	0.503	-0.001	0.028	
38.13	0.503	0.002	-0.011	
38.17	0.504	-0.002	-0.054	
38.20	0.503	-0.004	-0.039	
38.23	0.503	-0.005	-0.006	
38.27	0.503	-0.004	0.027	
38.30	0.503	-0.003	0.043	
38.33	0.503	-0.001	0.033	
38.37	0.503	-0.000	0.015	
38.40	0.503	0.000	0.002	
38.43	0.503	-0.000	-0.005	
38.47	0.503	-0.000	-0.007	
38.50	0.503	-0.001	0.007	
38.53	0.502	0.000	0.023	
38.57	0.503	0.001	0.011	
38.60	0.503	0.001	0.004	
38.63	0.503	0.001	0.017	
38.67	0.503	0.002	0.023	
38.70	0.503	0.003	0.022	
38.73	0.503	0.003	0.028	
38.77	0.503	0.005	0.023	
38.80	0.503	0.005	0.004	
38.83	0.504	0.006	-0.030	
38.87	0.504	0.002	-0.036	
38.90	0.504	0.002	-0.019	
38.93	0.504	0.002	-0.022	
38.97	0.504	0.001	-0.021	
39.00	0.504	0.000	-0.017	
39.03	0.504	0.000	-0.042	
39.07	0.504	-0.001	-0.109	
39.10	0.504	-0.005	-0.204	
39.13	0.504	-0.020	-0.131	
39.17	0.502	-0.022	0.161	
39.20	0.502	-0.005	0.330	
39.23	0.502	0.005	0.333	
39.27	0.502	0.022	0.166	
39.30	0.504	0.022	-0.143	
39.33	0.504	0.005	-0.240	
39.37	0.504	-0.001	-0.144	
39.40	0.504	-0.003	-0.062	
39.43	0.504	-0.004	-0.004	
39.47	0.504	-0.003	0.024	
39.50	0.503	-0.002	0.029	
39.53	0.503	0.000	0.003	
39.57	0.504	-0.002	-0.025	
39.60	0.503	-0.002	-0.025	
39.63	0.503	-0.003	-0.029	
39.67	0.503	-0.005	-0.024	
39.70	0.503	-0.005	-0.011	
39.73	0.503	-0.005	-0.003	
39.77	0.503	-0.005	0.003	
39.80	0.502	-0.005	0.011	
39.83	0.502	-0.005	0.022	
39.87	0.502	-0.003	0.021	
39.90	0.502	-0.003	0.008	
39.93	0.502	-0.003	-0.002	
39.97	0.502	-0.003	-0.007	
40.00	0.502	-0.004	0.007	
40.03	0.502	-0.003	0.020	
40.07	0.501	-0.001	0.007	
40.10	0.502	-0.002	-0.004	
40.13	0.501	-0.003	0.016	
40.17	0.501	-0.000	0.012	
40.20	0.501	-0.002	-0.005	
40.23	0.501	-0.002	0.006	
40.27	0.501	-0.001	-0.004	
40.30	0.501	-0.001	-0.053	
40.33	0.501	-0.003	-0.126	
40.37	0.501	-0.008	-0.197	
40.40	0.501	-0.022	-0.119	
40.43	0.499	-0.022	0.119	
40.47	0.499	-0.008	0.213	
40.50	0.499	-0.002	0.134	
40.53	0.499	-0.000	0.055	
40.57	0.499	0.000	0.014	
40.60	0.499	0.000	0.005	
40.63	0.499	0.000	0.007	
40.67	0.499	0.000	0.012	
40.70	0.499	0.001	0.004	
40.73	0.499	0.001	0.002	
40.77	0.499	0.001	0.021	
40.80	0.499	0.002	0.029	
40.83	0.499	0.003	0.021	
40.87	0.499	0.005	-0.017	
40.90	0.500	0.001	-0.036	
40.93	0.499	0.001	0.001	
40.97	0.500	0.001	0.065	
41.00	0.499	0.004	0.139	
41.03	0.500	0.011	0.172	
41.07	0.500	0.021	0.058	
41.10	0.502	0.018	-0.144	
41.13	0.501	0.005	-0.187	
41.17	0.502	0.001	-0.103	
41.20	0.501	0.000	-0.038	
41.23	0.502	0.000	-0.009	
41.27	0.501	0.000	-0.005	
41.30	0.502	-0.000	-0.010	
41.33	0.501	-0.001	-0.018	
41.37	0.502	-0.002	-0.010	
41.40	0.501	-0.002	0.013	
41.43	0.501	-0.000	0.022	
41.47	0.501	0.000	0.013	
41.50	0.501	0.001	-0.011	
41.53	0.501	-0.001	-0.021	
41.57	0.501	-0.001	-0.018	
41.60	0.501	-0.002	-0.018	
41.63	0.501	-0.002	-0.005	
41.67	0.501	-0.002	0.007	
41.70	0.501	-0.002	0.016	
41.73	0.501	-0.001	0.004	
41.77	0.501	-0.001	-0.043	
41.80	0.501	-0.003	-0.081	
41.83	0.501	-0.007	-0.081	
41.87	0.501	-0.015	0.077	
41.90	0.499	-0.002	0.225	
41.93	0.501	0.012	0.038	
41.97	0.501	0.002	-0.197	
42.00	0.501	-0.007	-0.269	
42.03	0.500	-0.022	-0.139	
42.07	0.499	-0.021	0.132	
42.10	0.499	-0.006	0.217	
42.13	0.499	-0.001	0.142	
42.17	0.499	0.001	0.087	
42.20	0.499	0.004	0.049	
42.23	0.499	0.003	0.050	
42.27	0.499	0.006	0.078	
42.30	0.499	0.016	-0.081	
42.33	0.501	0.002	-0.258	
42.37	0.499	-0.014	-0.102	
42.40	0.499	-0.006	0.096	
42.43	0.499	-0.001	0.151	
42.47	0.499	0.004	0.191	
42.50	0.499	0.010	0.224	
42.53	0.499	0.024	0.122	
42.57	0.501	0.024	-0.114	
42.60	0.501	0.010	-0.197	
42.63	0.502	0.005	-0.116	
42.67	0.501	0.003	-0.030	
42.70	0.502	0.005	0.006	
42.73	0.502	0.005	-0.001	
42.77	0.502	0.005	-0.013	
42.80	0.502	0.003	-0.004	
42.83	0.502	0.004	0.021	
42.87	0.502	0.005	0.028	
42.90	0.503	0.007	-0.013	
42.93	0.503	0.004	-0.044	
42.97	0.503	0.003	-0.035	
43.00	0.503	0.002	-0.030	
43.03	0.503	0.001	-0.017	
43.07	0.503	0.001	-0.001	
43.10	0.503	0.001	-0.005	
43.13	0.503	0.000	-0.015	
43.17	0.503	0.000	-0.015	
43.20	0.503	-0.000	-0.018	
43.23	0.503	-0.002	-0.012	
43.27	0.503	-0.001	-0.011	
43.30	0.503	-0.002	-0.015	
43.33	0.503	-0.002	-0.009	
43.37	0.503	-0.003	-0.006	
43.40	0.503	-0.003	-0.006	
43.43	0.503	-0.003	-0.003	
43.47	0.503	-0.004	0.009	
43.50	0.502	-0.002	-0.008	
43.53	0.502	-0.001	-0.102	
43.57	0.503	-0.008	-0.189	
43.60	0.502	-0.022	-0.068	
43.63	0.500	-0.012	0.042	
43.67	0.502	-0.011	-0.025	
43.70	0.500	-0.020	0.063	
43.73	0.500	-0.008	0.154	
43.77	0.500	-0.004	0.103	
43.80	0.499	-0.002	0.063	
43.83	0.500	-0.001	0.031	
43.87	0.499	-0.000	0.013	
43.90	0.500	0.000	0.004	
43.93	0.499	0.000	0.002	
43.97	0.500	0.000	0.004	
44.00	0.499	0.000	0.011	
44.03	0.500	0.001	0.022	
44.07	0.499	0.002	0.022	
44.10	0.500	0.002	0.013	
44.13	0.500	0.003	0.011	
44.17	0.500	0.003	0.017	
44.20	0.500	0.003	0.035	
44.23	0.500	0.006	0.056	
44.27	0.500	0.006	0.115	
44.30	0.500	0.011	0.200	
44.33	0.501	0.025	0.104	
44.37	0.502	0.025	-0.180	
44.40	0.503	0.008	-0.327	
44.43	0.503	-0.002	-0.313	
44.47	0.503	-0.016	-0.165	
44.50	0.501	-0.017	0.101	
44.53	0.501	-0.003	0.189	
44.57	0.501	0.002	0.093	
44.60	0.502	0.001	0.018	
44.63	0.501	0.001	0.001	
44.67	0.502	0.001	-0.006	
44.70	0.501	0.000	-0.013	
44.73	0.502	0.000	-0.009	
44.77	0.501	-0.000	-0.004	
44.80	0.502	-0.000	0.000	
44.83	0.501	-0.001	0.009	
44.87	0.501	0.002	-0.024	
44.90	0.502	-0.001	-0.084	
44.93	0.501	-0.006	-0.082	
44.97	0.501	-0.008	-0.040	
45.00	0.501	-0.009	0.011	
45.03	0.501	-0.007	0.049	
45.07	0.500	-0.003	0.025	
45.10	0.501	-0.005	-0.014	
45.13	0.500	-0.006	-0.015	
45.17	0.500	-0.005	-0.038	
45.20	0.500	-0.007	-0.080	
45.23	0.500	-0.013	-0.055	
45.27	0.499	-0.013	0.027	
45.30	0.499	-0.009	0.065	
45.33	0.498	-0.007	0.045	
45.37	0.498	-0.007	0.028	
45.40	0.498	-0.005	0.027	
45.43	0.498	-0.004	0.015	
45.47	0.498	-0.005	0.038	
45.50	0.498	-0.002	0.077	
45.53	0.498	0.001	0.085	
45.57	0.498	0.005	0.043	
45.60	0.498	0.004	-0.020	
45.63	0.498	0.002	-0.033	
45.67	0.498	0.002	-0.022	
45.70	0.498	0.000	-0.005	
45.73	0.498	0.000	0.043	
45.77	0.498	0.004	0.062	
45.80	0.498	0.006	0.029	
45.83	0.498	0.006	0.001	
45.87	0.499	0.005	-0.004	
45.90	0.499	0.005	0.002	
45.93	0.499	0.005	0.014	
45.97	0.499	0.006	0.029	
46.00	0.499	0.008	0.033	
46.03	0.500	0.009	0.011	
46.07	0.500	0.008	-0.009	
46.10	0.500	0.008	-0.010	
46.13	0.501	0.007	-0.008	
46.17	0.501	0.007	0.006	
46.20	0.501	0.009	-0.001	
46.23	0.501	0.007	-0.028	
46.27	0.501	0.006	-0.034	
46.30	0.502	0.005	-0.037	
46.33	0.502	0.004	-0.050	
46.37	0.502	0.001	-0.049	
46.40	0.502	0.000	-0.034	
46.43	0.502	-0.001	-0.030	
46.47	0.502	-0.002	-0.024	
46.50	0.502	-0.002	-0.012	
46.53	0.502	-0.003	-0.008	
46.57	0.502	-0.003	-0.012	
46.60	0.501	-0.003	-0.023	
46.63	0.501	-0.005	-0.026	
46.67	0.501	-0.005	-0.022	
46.70	0.501	-0.006	-0.023	
46.73	0.501	-0.007	-0.017	
46.77	0.501	-0.007	-0.007	
46.80	0.500	-0.007	-0.019	
46.83	0.500	-0.008	-0.037	
46.87	0.500	-0.011	-0.018	
46.90	0.499	-0.009	0.002	
46.93	0.499	-0.010	0.011	
46.97	0.499	-0.009	0.039	
47.00	0.499	-0.007	0.060	
47.03	0.498	-0.004	0.045	
47.07	0.498	-0.003	0.009	
47.10	0.498	-0.004	-0.002	
47.13	0.498	-0.004	0.010	
47.17	0.498	-0.003	0.016	
47.20	0.498	-0.003	0.014	
47.23	0.498	-0.003	0.034	
47.27	0.498	-0.001	0.049	
47.30	0.498	0.001	0.030	
47.33	0.498	0.001	0.020	
47.37	0.498	0.002	0.021	
47.40	0.498	0.003	0.022	
47.43	0.498	0.003	0.036	
47.47	0.498	0.005	0.049	
47.50	0.498	0.006	0.056	
47.53	0.498	0.010	0.032	
47.57	0.499	0.009	0.012	
47.60	0.499	0.009	0.061	
47.63	0.499	0.011	0.141	
47.67	0.500	0.017	0.217	
47.70	0.500	0.033	0.090	
47.73	0.502	0.031	-0.244	
47.77	0.503	0.011	-0.411	
47.80	0.503	-0.008	-0.243	
47.83	0.502	-0.010	0.067	
47.87	0.502	0.005	0.159	
47.90	0.502	0.007	0.072	
47.93	0.502	0.007	0.038	
47.97	0.503	0.007	0.058	
48.00	0.503	0.009	0.114	
48.03	0.503	0.015	0.159	
48.07	0.504	0.026	0.049	
48.10	0.506	0.022	-0.174	
48.13	0.505	0.008	-0.234	
48.17	0.506	0.002	-0.152	
48.20	0.505	-0.001	-0.077	
48.23	0.506	-0.001	-0.068	
48.27	0.506	-0.006	-0.072	
48.30	0.505	-0.007	-0.039	
48.33	0.505	-0.008	-0.019	
48.37	0.505	-0.008	-0.014	
48.40	0.505	-0.008	-0.023	
48.43	0.504	-0.010	-0.022	
48.47	0.504	-0.010	-0.012	
48.50	0.503	-0.010	-0.008	
48.53	0.503	-0.010	-0.013	
48.57	0.503	-0.011	-0.031	
48.60	0.502	-0.012	-0.063	
48.63	0.502	-0.014	-0.115	
48.67	0.502	-0.019	-0.177	
48.70	0.501	-0.031	-0.080	
48.73	0.499	-0.031	0.199	
48.77	0.498	-0.014	0.369	
48.80	0.498	-0.001	0.377	
48.83	0.498	0.016	0.218	
48.87	0.500	0.019	-0.087	
48.90	0.500	0.004	-0.231	
48.93	0.500	-0.002	-0.214	
48.97	0.500	-0.008	-0.207	
49.00	0.500	-0.019	-0.091	
49.03	0.498	-0.019	0.153	
49.07	0.498	-0.004	0.243	
49.10	0.498	0.003	0.158	
49.13	0.498	0.006	0.087	
49.17	0.499	0.007	0.057	
49.20	0.499	0.008	0.081	
49.23	0.499	0.011	0.146	
49.27	0.499	0.017	0.220	
49.30	0.500	0.031	0.140	
49.33	0.502	0.033	-0.116	
49.37	0.502	0.018	-0.250	
49.40	0.503	0.011	-0.240	
49.43	0.503	0.005	-0.232	
49.47	0.503	-0.009	-0.087	
49.50	0.502	-0.008	0.218	
49.53	0.502	0.010	0.373	
49.57	0.503	0.029	0.182	
49.60	0.505	0.026	-0.124	
49.63	0.505	0.013	-0.220	
49.67	0.505	0.006	-0.156	
49.70	0.505	0.003	-0.085	
49.73	0.506	0.002	-0.051	
49.77	0.505	0.000	-0.044	
49.80	0.506	-0.001	-0.047	
49.83	0.505	-0.003	-0.053	
49.87	0.505	-0.005	-0.047	
49.90	0.505	-0.006	-0.043	
49.93	0.505	-0.007	-0.042	
49.97	0.505	-0.008	-0.042	
50.00	0.505	-0.010	-0.039	
50.03	0.504	-0.012	-0.021	
50.07	0.504	-0.011	-0.019	
50.10	0.503	-0.012	-0.044	
50.13	0.503	-0.014	-0.074	
50.17	0.502	-0.017	-0.095	
50.20	0.502	-0.018	-0.146	
50.23	0.502	-0.033	-0.020	
50.27	0.499	-0.029	0.321	
50.30	0.499	0.001	0.331	
50.33	0.500	0.006	0.008	
50.37	0.500	-0.006	-0.146	
50.40	0.499	-0.011	-0.123	
50.43	0.499	-0.012	-0.121	
50.47	0.498	-0.016	-0.161	
50.50	0.498	-0.028	-0.066	
50.53	0.496	-0.026	0.179	
50.57	0.496	-0.011	0.296	
50.60	0.496	-0.002	0.295	
50.63	0.496	0.006	0.311	
50.67	0.496	0.023	0.193	
50.70	0.498	0.025	-0.064	
50.73	0.498	0.012	-0.148	
50.77	0.498	0.009	-0.064	
50.80	0.498	0.010	0.001	
50.83	0.499	0.011	0.032	
50.87	0.499	0.012	0.048	
50.90	0.500	0.015	0.027	
50.93	0.500	0.014	0.001	
50.97	0.500	0.014	0.012	
51.00	0.501	0.015	0.015	
51.03	0.501	0.015	0.005	
51.07	0.502	0.015	-0.012	
51.10	0.502	0.015	-0.033	
51.13	0.503	0.013	-0.044	
51.17	0.503	0.011	-0.034	
51.20	0.504	0.010	-0.020	
51.23	0.504	0.010	-0.021	
51.27	0.505	0.010	-0.035	
51.30	0.505	0.008	-0.049	
51.33	0.505	0.006	-0.049	
51.37	0.505	0.005	-0.050	
51.40	0.505	0.003	-0.053	
51.43	0.505	0.001	-0.044	
51.47	0.505	-0.000	-0.039	
51.50	0.505	-0.002	-0.039	
51.53	0.505	-0.002	-0.057	
51.57	0.505	-0.006	-0.064	
51.60	0.505	-0.007	-0.043	
51.63	0.505	-0.008	-0.039	
51.67	0.504	-0.010	-0.040	
51.70	0.504	-0.011	-0.045	
51.73	0.504	-0.013	-0.048	
51.77	0.503	-0.015	-0.034	
51.80	0.502	-0.015	-0.015	
51.83	0.502	-0.015	-0.001	
51.87	0.501	-0.015	0.010	
51.90	0.501	-0.015	0.022	
51.93	0.500	-0.013	0.023	
51.97	0.500	-0.013	0.016	
52.00	0.500	-0.013	0.020	
52.03	0.499	-0.012	0.037	
52.07	0.499	-0.010	0.055	
52.10	0.499	-0.008	0.060	
52.13	0.498	-0.006	0.064	
52.17	0.498	-0.003	0.044	
52.20	0.498	-0.004	0.029	
52.23	0.498	-0.002	0.050	
52.27	0.498	0.000	0.062	
52.30	0.498	0.002	0.064	
52.33	0.498	0.005	0.058	
52.37	0.498	0.006	0.060	
52.40	0.499	0.008	0.068	
52.43	0.499	0.011	0.046	
52.47	0.499	0.012	0.010	
52.50	0.500	0.011	0.003	
52.53	0.500	0.011	0.029	
52.57	0.500	0.013	0.055	
52.60	0.501	0.015	0.061	
52.63	0.501	0.018	0.045	
52.67	0.502	0.019	0.008	
52.70	0.503	0.018	-0.020	
52.73	0.503	0.017	-0.015	
52.77	0.504	0.017	-0.005	
52.80	0.505	0.016	0.005	
52.83	0.505	0.017	0.018	
52.87	0.506	0.020	-0.024	
52.90	0.506	0.016	-0.082	
52.93	0.507	0.013	-0.100	
52.97	0.507	0.008	-0.090	
53.00	0.507	0.006	-0.060	
53.03	0.507	0.005	-0.047	
53.07	0.507	0.004	-0.058	
53.10	0.508	0.001	-0.062	
53.13	0.507	-0.001	-0.043	
53.17	0.508	-0.001	-0.047	
53.20	0.507	-0.003	-0.077	
53.23	0.507	-0.007	-0.090	
53.27	0.507	-0.010	-0.081	
53.30	0.507	-0.013	-0.061	
53.33	0.506	-0.015	-0.033	
53.37	0.506	-0.015	-0.008	
53.40	0.505	-0.014	-0.009	
53.43	0.505	-0.015	-0.027	
53.47	0.504	-0.016	-0.057	
53.50	0.504	-0.016	-0.161	
53.53	0.503	-0.026	-0.267	
53.57	0.502	-0.042	-0.130	
53.60	0.500	-0.042	0.220	
53.63	0.499	-0.022	0.423	
53.67	0.499	-0.007	0.409	
53.70	0.498	0.011	0.201	
53.73	0.500	0.010	-0.108	
53.77	0.499	-0.005	-0.173	
53.80	0.499	-0.008	-0.058	
53.83	0.499	-0.006	-0.012	
53.87	0.499	-0.004	-0.057	
53.90	0.499	-0.010	-0.079	
53.93	0.499	-0.020	0.157	
53.97	0.496	0.000	0.391	
54.00	0.499	0.022	0.217	
54.03	0.499	0.015	0.003	
54.07	0.499	0.014	-0.026	
54.10	0.500	0.014	-0.026	
54.13	0.500	0.012	0.006	
54.17	0.500	0.013	0.063	
54.20	0.501	0.018	0.063	
54.23	0.502	0.019	-0.002	
54.27	0.502	0.019	-0.086	
54.30	0.503	0.013	-0.130	
54.33	0.503	0.000	0.080	
54.37	0.502	0.018	0.282	
54.40	0.505	0.035	0.057	
54.43	0.505	0.023	-0.217	
54.47	0.506	0.014	-0.312	
54.50	0.507	-0.005	-0.199	
54.53	0.505	0.002	-0.091	
54.57	0.507	-0.006	-0.115	
54.60	0.504	-0.016	0.113	
54.63	0.505	0.005	0.228	
54.67	0.505	0.010	0.051	
54.70	0.506	0.007	-0.101	
54.73	0.506	-0.001	-0.144	
54.77	0.506	-0.005	-0.103	
54.80	0.506	-0.008	-0.051	
54.83	0.505	-0.007	-0.043	
54.87	0.505	-0.008	-0.097	
54.90	0.505	-0.015	-0.102	
54.93	0.504	-0.017	-0.046	
54.97	0.504	-0.018	-0.002	
55.00	0.503	-0.017	0.022	
55.03	0.502	-0.014	-0.008	
55.07	0.502	-0.018	-0.023	
55.10	0.501	-0.017	0.001	
55.13	0.501	-0.016	-0.012	
55.17	0.500	-0.017	-0.055	
55.20	0.500	-0.021	-0.077	
55.23	0.499	-0.024	-0.036	
55.27	0.498	-0.025	0.051	
55.30	0.497	-0.019	0.095	
55.33	0.497	-0.016	0.059	
55.37	0.496	-0.016	0.046	
55.40	0.496	-0.014	0.081	
55.43	0.495	-0.011	0.114	
55.47	0.495	-0.004	0.085	
55.50	0.495	-0.005	0.044	
55.53	0.495	-0.005	0.081	
55.57	0.494	0.000	0.118	
55.60	0.495	0.006	0.076	
55.63	0.495	0.006	0.021	
55.67	0.495	0.006	0.014	
55.70	0.495	0.007	0.020	
55.73	0.495	0.007	0.048	
55.77	0.496	0.009	0.093	
55.80	0.496	0.014	0.100	
55.83	0.497	0.017	0.068	
55.87	0.497	0.018	0.042	
55.90	0.498	0.020	0.030	
55.93	0.499	0.019	0.045	
55.97	0.499	0.022	0.076	
56.00	0.500	0.026	0.054	
56.03	0.501	0.027	-0.009	
56.07	0.502	0.025	-0.050	
56.10	0.503	0.022	-0.023	
56.13	0.503	0.021	0.049	
56.17	0.504	0.026	0.078	
56.20	0.505	0.035	-0.100	
56.23	0.507	0.018	-0.266	
56.27	0.506	0.009	-0.212	
56.30	0.508	0.005	-0.130	
56.33	0.506	-0.007	0.121	
56.37	0.506	0.018	0.195	
56.40	0.508	0.021	-0.117	
56.43	0.508	0.004	-0.272	
56.47	0.508	-0.005	-0.208	
56.50	0.508	-0.010	-0.115	
56.53	0.507	-0.011	-0.066	
56.57	0.507	-0.013	-0.056	
56.60	0.507	-0.015	-0.046	
56.63	0.506	-0.016	-0.038	
56.67	0.506	-0.017	-0.030	
56.70	0.505	-0.018	-0.018	
56.73	0.504	-0.018	-0.016	
56.77	0.504	-0.019	-0.011	
56.80	0.503	-0.018	-0.024	
56.83	0.502	-0.021	-0.018	
56.87	0.501	-0.021	0.036	
56.90	0.501	-0.018	0.063	
56.93	0.500	-0.015	0.036	
56.97	0.500	-0.016	0.003	
57.00	0.499	-0.017	0.015	
57.03	0.499	-0.015	0.047	
57.07	0.498	-0.013	0.067	
57.10	0.498	-0.010	0.076	
57.13	0.498	-0.008	0.081	
57.17	0.498	-0.005	0.088	
57.20	0.497	-0.002	0.095	
57.23	0.497	0.002	0.088	
57.27	0.497	0.004	0.067	
57.30	0.498	0.006	0.061	
57.33	0.498	0.008	0.076	
57.37	0.498	0.011	0.093	
57.40	0.498	0.014	0.101	
57.43	0.499	0.019	0.054	
57.47	0.500	0.018	0.000	
57.50	0.500	0.017	0.011	
57.53	0.501	0.018	0.043	
57.57	0.501	0.021	0.057	
57.60	0.502	0.023	0.043	
57.63	0.503	0.024	0.003	
57.67	0.504	0.023	-0.039	
57.70	0.505	0.021	-0.082	
57.73	0.505	0.019	-0.156	
57.77	0.506	0.013	-0.254	
57.80	0.507	-0.004	-0.171	
57.83	0.505	-0.006	0.125	
57.87	0.506	0.010	0.280	
57.90	0.506	0.017	0.265	
57.93	0.507	0.031	0.106	
57.97	0.509	0.030	-0.183	
58.00	0.509	0.012	-0.280	
58.03	0.509	0.005	-0.193	
58.07	0.509	0.001	-0.130	
58.10	0.509	-0.003	-0.091	
58.13	0.509	-0.004	-0.085	
58.17	0.509	-0.008	-0.102	
58.20	0.508	-0.012	-0.092	
58.23	0.508	-0.015	-0.065	
58.27	0.507	-0.016	-0.049	
58.30	0.507	-0.018	-0.048	
58.33	0.506	-0.019	-0.056	
58.37	0.506	-0.021	-0.067	
58.40	0.505	-0.024	-0.045	
58.43	0.504	-0.025	-0.004	
58.47	0.503	-0.024	0.017	
58.50	0.503	-0.023	0.021	
58.53	0.502	-0.023	0.027	
58.57	0.501	-0.021	0.027	
58.60	0.500	-0.021	0.024	
58.63	0.500	-0.020	0.034	
58.67	0.499	-0.018	0.054	
58.70	0.499	-0.017	0.083	
58.73	0.498	-0.013	0.120	
58.77	0.498	-0.007	0.095	
58.80	0.498	-0.007	0.056	
58.83	0.497	-0.005	0.064	
58.87	0.497	-0.002	0.079	
58.90	0.497	0.001	0.097	
58.93	0.497	0.005	0.096	
58.97	0.497	0.007	0.081	
59.00	0.498	0.010	0.069	
59.03	0.498	0.011	0.070	
59.07	0.498	0.015	0.066	
59.10	0.499	0.017	0.040	
59.13	0.500	0.017	0.036	
59.17	0.500	0.018	0.053	
59.20	0.501	0.021	0.059	
59.23	0.501	0.023	0.045	
59.27	0.502	0.024	0.010	
59.30	0.503	0.023	-0.012	
59.33	0.504	0.022	-0.000	
59.37	0.504	0.023	0.006	
59.40	0.505	0.025	-0.043	
59.43	0.506	0.020	-0.078	
59.47	0.507	0.018	-0.072	
59.50	0.507	0.015	-0.069	
59.53	0.508	0.013	-0.068	
59.57	0.508	0.012	-0.083	
59.60	0.508	0.008	-0.096	
59.63	0.509	0.004	-0.078	
59.67	0.509	0.003	-0.063	
59.70	0.509	0.001	-0.083	
59.73	0.509	-0.003	-0.110	
59.77	0.509	-0.007	-0.112	
59.80	0.508	-0.011	-0.098	
59.83	0.508	-0.014	-0.071	
59.87	0.507	-0.015	-0.046	
59.90	0.507	-0.016	-0.052	
59.93	0.506	-0.018	-0.073	
59.97	0.506	-0.021	-0.104	
60.00	0.505	-0.026	-0.134	
