Vernier Format 2
.3.txt 1/28/2019 20:17:47
Run 1
Time	Position	Velocity	Acceleration	
T	P	V	A	
s	m	m/s	m/s^2	

0.00	0.499	-0.003	0.074	
0.03	0.499	-0.001	0.101	
0.07	0.499	0.002	0.149	
0.10	0.499	0.007	0.234	
0.13	0.499	0.023	0.164	
0.17	0.501	0.025	-0.086	
0.20	0.501	0.011	-0.183	
0.23	0.501	0.007	-0.115	
0.27	0.502	0.005	-0.061	
0.30	0.502	0.005	-0.070	
0.33	0.502	0.002	-0.134	
0.37	0.502	-0.002	-0.222	
0.40	0.502	-0.018	-0.149	
0.43	0.500	-0.020	0.125	
0.47	0.500	-0.004	0.234	
0.50	0.500	0.003	0.119	
0.53	0.501	0.003	0.014	
0.57	0.501	0.001	-0.001	
0.60	0.501	0.001	0.033	
0.63	0.501	0.004	0.055	
0.67	0.501	0.008	-0.005	
0.70	0.501	0.004	-0.071	
0.73	0.501	0.001	-0.064	
0.77	0.501	-0.002	-0.025	
0.80	0.501	-0.001	0.022	
0.83	0.501	0.001	0.026	
0.87	0.501	0.002	-0.009	
0.90	0.501	0.000	-0.036	
0.93	0.501	-0.001	-0.050	
0.97	0.501	-0.004	-0.038	
1.00	0.501	-0.004	-0.006	
1.03	0.501	-0.003	0.001	
1.07	0.501	-0.003	-0.020	
1.10	0.501	-0.005	-0.038	
1.13	0.500	-0.006	-0.042	
1.17	0.501	-0.009	-0.015	
1.20	0.500	-0.008	0.039	
1.23	0.500	-0.004	0.048	
1.27	0.500	-0.004	0.018	
1.30	0.500	-0.004	0.009	
1.33	0.499	-0.004	0.026	
1.37	0.499	-0.002	0.019	
1.40	0.499	-0.002	-0.002	
1.43	0.499	-0.002	-0.017	
1.47	0.499	-0.005	0.005	
1.50	0.499	-0.002	0.047	
1.53	0.499	0.001	0.033	
1.57	0.499	0.000	0.007	
1.60	0.499	0.000	0.002	
1.63	0.499	0.000	0.008	
1.67	0.499	0.001	0.018	
1.70	0.499	0.002	0.012	
1.73	0.499	0.002	-0.007	
1.77	0.499	0.001	-0.006	
1.80	0.499	0.001	0.017	
1.83	0.499	0.002	0.034	
1.87	0.499	0.003	0.044	
1.90	0.499	0.005	0.050	
1.93	0.500	0.007	0.041	
1.97	0.500	0.008	0.046	
2.00	0.500	0.009	0.063	
2.03	0.500	0.012	0.065	
2.07	0.501	0.020	-0.087	
2.10	0.502	0.005	-0.213	
2.13	0.501	-0.005	-0.068	
2.17	0.501	0.003	0.048	
2.20	0.501	0.003	0.045	
2.23	0.502	0.005	0.033	
2.27	0.502	0.006	-0.003	
2.30	0.502	0.004	-0.015	
2.33	0.502	0.005	-0.013	
2.37	0.502	0.004	-0.026	
2.40	0.502	0.002	-0.014	
2.43	0.502	0.003	0.003	
2.47	0.502	0.004	-0.016	
2.50	0.503	0.002	-0.043	
2.53	0.503	-0.001	-0.037	
2.57	0.503	-0.001	-0.026	
2.60	0.503	-0.001	-0.042	
2.63	0.503	-0.004	-0.042	
2.67	0.502	-0.005	-0.023	
2.70	0.502	-0.005	-0.011	
2.73	0.502	-0.005	-0.002	
2.77	0.502	-0.006	0.031	
2.80	0.502	-0.005	0.117	
2.83	0.501	-0.000	0.230	
2.87	0.501	0.017	0.148	
2.90	0.503	0.018	-0.142	
2.93	0.503	0.000	-0.245	
2.97	0.503	-0.006	-0.144	
3.00	0.502	-0.008	-0.061	
3.03	0.502	-0.008	-0.046	
3.07	0.502	-0.009	-0.099	
3.10	0.502	-0.012	-0.185	
3.13	0.502	-0.026	-0.122	
3.17	0.499	-0.027	0.125	
3.20	0.499	-0.013	0.236	
3.23	0.499	-0.005	0.167	
3.27	0.499	-0.002	0.089	
3.30	0.499	-0.001	0.045	
3.33	0.499	0.000	0.033	
3.37	0.499	0.001	0.063	
3.40	0.499	0.004	0.104	
3.43	0.499	0.007	0.143	
3.47	0.499	0.018	0.052	
3.50	0.501	0.009	-0.018	
3.53	0.499	0.011	0.060	
3.57	0.501	0.021	-0.029	
3.60	0.502	0.010	-0.127	
3.63	0.502	0.006	-0.068	
3.67	0.502	0.006	-0.026	
3.70	0.502	0.005	-0.013	
3.73	0.502	0.005	-0.010	
3.77	0.502	0.005	-0.017	
3.80	0.502	0.004	-0.030	
3.83	0.503	0.003	-0.034	
3.87	0.503	0.001	-0.015	
3.90	0.503	0.002	-0.005	
3.93	0.503	0.002	-0.016	
3.97	0.503	0.001	-0.020	
4.00	0.503	0.000	-0.015	
4.03	0.503	-0.000	-0.015	
4.07	0.503	-0.001	-0.023	
4.10	0.503	-0.002	-0.022	
4.13	0.503	-0.002	-0.011	
4.17	0.503	-0.003	-0.004	
4.20	0.502	-0.003	-0.002	
4.23	0.503	-0.003	-0.004	
4.27	0.502	-0.003	-0.007	
4.30	0.502	-0.003	-0.021	
4.33	0.502	-0.005	-0.017	
4.37	0.502	-0.005	-0.006	
4.40	0.502	-0.004	-0.027	
4.43	0.502	-0.004	-0.116	
4.47	0.502	-0.011	-0.220	
4.50	0.501	-0.025	-0.133	
4.53	0.500	-0.026	0.113	
4.57	0.499	-0.011	0.201	
4.60	0.499	-0.007	0.126	
4.63	0.499	-0.005	0.067	
4.67	0.499	-0.003	0.031	
4.70	0.499	-0.003	0.013	
4.73	0.499	-0.003	0.008	
4.77	0.499	-0.002	0.012	
4.80	0.499	-0.002	0.022	
4.83	0.498	-0.000	0.023	
4.87	0.499	-0.000	0.015	
4.90	0.498	0.000	0.015	
4.93	0.499	0.001	0.023	
4.97	0.498	0.002	0.023	
5.00	0.499	0.002	0.016	
5.03	0.499	0.003	0.031	
5.07	0.499	0.003	0.084	
5.10	0.499	0.006	0.174	
5.13	0.499	0.016	0.207	
5.17	0.500	0.026	0.070	
5.20	0.501	0.023	-0.133	
5.23	0.502	0.011	-0.171	
5.27	0.502	0.008	-0.092	
5.30	0.502	0.007	-0.045	
5.33	0.502	0.006	-0.017	
5.37	0.502	0.006	-0.003	
5.40	0.502	0.007	-0.039	
5.43	0.503	0.005	-0.131	
5.47	0.503	-0.001	-0.226	
5.50	0.503	-0.016	-0.148	
5.53	0.501	-0.017	0.104	
5.57	0.502	-0.003	0.207	
5.60	0.502	0.003	0.128	
5.63	0.502	0.005	0.040	
5.67	0.502	0.004	-0.017	
5.70	0.502	0.003	-0.036	
5.73	0.502	0.001	-0.027	
5.77	0.502	0.001	-0.026	
5.80	0.502	-0.000	-0.035	
5.83	0.502	-0.002	-0.026	
5.87	0.502	-0.002	-0.011	
5.90	0.502	-0.002	-0.015	
5.93	0.502	-0.004	-0.007	
5.97	0.502	-0.003	0.036	
6.00	0.502	-0.002	0.093	
6.03	0.502	0.002	0.168	
6.07	0.502	0.015	0.090	
6.10	0.503	0.013	-0.138	
6.13	0.503	-0.001	-0.199	
6.17	0.503	-0.005	-0.119	
6.20	0.503	-0.007	-0.057	
6.23	0.502	-0.008	-0.021	
6.27	0.502	-0.008	-0.035	
6.30	0.502	-0.009	-0.088	
6.33	0.502	-0.012	-0.172	
6.37	0.501	-0.025	-0.125	
6.40	0.500	-0.026	0.088	
6.43	0.499	-0.014	0.192	
6.47	0.499	-0.008	0.160	
6.50	0.499	-0.004	0.114	
6.53	0.499	-0.002	0.107	
6.57	0.498	0.001	0.153	
6.60	0.499	0.009	0.166	
6.63	0.499	0.018	0.027	
6.67	0.501	0.008	-0.046	
6.70	0.499	0.008	0.051	
6.73	0.501	0.018	-0.019	
6.77	0.501	0.008	-0.102	
6.80	0.501	0.006	-0.057	
6.83	0.501	0.005	-0.025	
6.87	0.501	0.005	-0.004	
6.90	0.502	0.005	-0.001	
6.93	0.502	0.005	-0.004	
6.97	0.502	0.005	-0.011	
7.00	0.502	0.005	-0.022	
7.03	0.502	0.003	-0.022	
7.07	0.502	0.003	-0.011	
7.10	0.502	0.003	-0.005	
7.13	0.502	0.003	-0.005	
7.17	0.503	0.002	-0.012	
7.20	0.502	0.002	-0.023	
7.23	0.503	0.001	-0.024	
7.27	0.502	0.000	-0.013	
7.30	0.503	-0.000	-0.005	
7.33	0.502	-0.001	0.010	
7.37	0.503	0.002	-0.011	
7.40	0.503	-0.001	-0.037	
7.43	0.502	-0.002	-0.023	
7.47	0.503	-0.003	-0.014	
7.50	0.502	-0.003	-0.013	
7.53	0.502	-0.003	-0.023	
7.57	0.502	-0.005	-0.022	
7.60	0.502	-0.005	-0.011	
7.63	0.502	-0.005	-0.004	
7.67	0.502	-0.005	-0.001	
7.70	0.501	-0.005	-0.000	
7.73	0.501	-0.005	0.000	
7.77	0.501	-0.005	0.001	
7.80	0.501	-0.005	0.004	
7.83	0.501	-0.005	0.011	
7.87	0.501	-0.005	0.023	
7.90	0.500	-0.003	0.027	
7.93	0.501	-0.003	0.024	
7.97	0.500	-0.002	0.033	
8.00	0.500	-0.000	0.037	
8.03	0.500	0.001	0.033	
8.07	0.500	0.003	0.005	
8.10	0.501	0.001	-0.017	
8.13	0.500	0.000	-0.003	
8.17	0.501	0.001	0.016	
8.20	0.500	0.002	0.024	
8.23	0.501	0.003	0.018	
8.27	0.501	0.003	0.017	
8.30	0.501	0.004	0.008	
8.33	0.501	0.003	0.007	
8.37	0.501	0.004	0.023	
8.40	0.501	0.006	0.013	
8.43	0.502	0.005	-0.007	
8.47	0.501	0.004	0.008	
8.50	0.502	0.005	0.031	
8.53	0.502	0.007	0.033	
8.57	0.502	0.008	0.025	
8.60	0.502	0.008	0.021	
8.63	0.503	0.010	0.004	
8.67	0.503	0.009	-0.032	
8.70	0.504	0.007	-0.057	
8.73	0.504	0.004	-0.037	
8.77	0.504	0.004	0.008	
8.80	0.504	0.005	0.027	
8.83	0.504	0.008	-0.027	
8.87	0.504	0.004	-0.093	
8.90	0.504	0.001	-0.111	
8.93	0.505	-0.010	0.039	
8.97	0.503	0.003	0.193	
9.00	0.505	0.015	0.044	
9.03	0.505	0.005	-0.102	
9.07	0.505	0.001	-0.087	
9.10	0.505	-0.001	-0.059	
9.13	0.505	-0.002	-0.034	
9.17	0.505	-0.003	-0.023	
9.20	0.505	-0.003	-0.022	
9.23	0.504	-0.004	-0.013	
9.27	0.504	-0.004	0.003	
9.30	0.504	-0.003	0.000	
9.33	0.504	-0.004	-0.020	
9.37	0.504	-0.006	-0.014	
9.40	0.504	-0.005	0.006	
9.43	0.504	-0.004	-0.000	
9.47	0.504	-0.006	0.008	
9.50	0.503	-0.004	0.024	
9.53	0.503	-0.002	-0.050	
9.57	0.503	-0.005	-0.212	
9.60	0.503	-0.013	-0.431	
9.63	0.503	-0.042	-0.390	
9.67	0.499	-0.050	0.005	
9.70	0.499	-0.041	0.413	
9.73	0.496	-0.023	0.785	
9.77	0.496	0.026	0.689	
9.80	0.499	0.039	0.108	
9.83	0.500	0.031	-0.425	
9.87	0.502	-0.002	-0.568	
9.90	0.499	-0.027	-0.130	
9.93	0.499	-0.008	0.264	
9.97	0.499	0.008	0.195	
10.00	0.500	0.009	-0.011	
10.03	0.500	0.001	-0.074	
10.07	0.500	0.001	-0.052	
10.10	0.500	0.001	-0.103	
10.13	0.500	-0.003	-0.195	
10.17	0.500	-0.022	-0.030	
10.20	0.497	-0.008	0.212	
10.23	0.500	0.001	0.230	
10.27	0.498	0.006	0.245	
10.30	0.500	0.024	0.057	
10.33	0.500	0.011	-0.172	
10.37	0.500	0.006	-0.220	
10.40	0.501	-0.002	-0.252	
10.43	0.501	-0.021	-0.016	
10.47	0.498	-0.003	0.208	
10.50	0.501	0.005	0.144	
10.53	0.499	0.005	0.104	
10.57	0.501	0.008	0.125	
10.60	0.499	0.013	0.134	
10.63	0.502	0.025	-0.052	
10.67	0.502	0.007	-0.177	
10.70	0.501	0.006	-0.115	
10.73	0.502	0.004	-0.130	
10.77	0.502	-0.003	-0.121	
10.80	0.502	-0.007	-0.052	
10.83	0.501	-0.006	0.001	
10.87	0.501	-0.006	0.014	
10.90	0.501	-0.005	0.028	
10.93	0.501	-0.005	0.058	
10.97	0.500	-0.000	0.053	
11.00	0.501	0.003	-0.061	
11.03	0.501	-0.006	-0.120	
11.07	0.500	-0.009	-0.063	
11.10	0.500	-0.011	0.006	
11.13	0.500	-0.007	0.039	
11.17	0.500	-0.007	0.043	
11.20	0.499	-0.006	0.079	
11.23	0.500	-0.002	0.115	
11.27	0.499	0.002	0.138	
11.30	0.500	0.007	0.160	
11.33	0.499	0.019	0.031	
11.37	0.502	0.007	-0.061	
11.40	0.499	0.007	0.026	
11.43	0.502	0.019	-0.108	
11.47	0.502	0.003	-0.299	
11.50	0.502	-0.016	-0.113	
11.53	0.499	-0.006	0.148	
11.57	0.502	0.001	0.230	
11.60	0.499	0.010	0.252	
11.63	0.502	0.024	0.068	
11.67	0.502	0.014	-0.101	
11.70	0.503	0.012	-0.120	
11.73	0.503	0.004	-0.087	
11.77	0.503	0.005	-0.013	
11.80	0.503	0.006	-0.012	
11.83	0.503	0.005	-0.026	
11.87	0.504	0.003	-0.020	
11.90	0.503	0.003	-0.000	
11.93	0.504	0.004	0.003	
11.97	0.504	0.003	0.001	
12.00	0.504	0.004	0.000	
12.03	0.504	0.003	0.003	
12.07	0.504	0.004	0.021	
12.10	0.504	0.006	0.007	
12.13	0.505	0.005	-0.023	
12.17	0.505	0.003	-0.026	
12.20	0.505	0.003	-0.018	
12.23	0.505	0.002	-0.016	
12.27	0.505	0.002	-0.022	
12.30	0.505	0.001	-0.016	
12.33	0.505	0.000	0.002	
12.37	0.505	0.001	0.013	
12.40	0.505	0.003	-0.015	
12.43	0.505	0.000	-0.051	
12.47	0.505	-0.002	-0.048	
12.50	0.505	-0.004	-0.022	
12.53	0.505	-0.003	-0.006	
12.57	0.505	-0.003	-0.017	
12.60	0.505	-0.005	-0.022	
12.63	0.505	-0.005	-0.018	
12.67	0.504	-0.006	-0.015	
12.70	0.504	-0.007	-0.003	
12.73	0.504	-0.006	0.008	
12.77	0.504	-0.006	0.006	
12.80	0.503	-0.006	0.018	
12.83	0.503	-0.004	0.016	
12.87	0.503	-0.004	-0.011	
12.90	0.503	-0.006	-0.007	
12.93	0.503	-0.005	0.013	
12.97	0.503	-0.004	0.007	
13.00	0.502	-0.005	0.000	
13.03	0.502	-0.005	0.011	
13.07	0.502	-0.004	0.022	
13.10	0.502	-0.004	0.040	
13.13	0.502	-0.001	0.063	
13.17	0.502	0.003	0.023	
13.20	0.502	-0.000	-0.010	
13.23	0.502	0.000	0.010	
13.27	0.502	0.001	0.013	
13.30	0.502	0.001	0.021	
13.33	0.502	0.003	0.030	
13.37	0.502	0.004	0.019	
13.40	0.503	0.004	0.011	
13.43	0.502	0.005	0.004	
13.47	0.503	0.004	-0.014	
13.50	0.503	0.003	-0.019	
13.53	0.503	0.003	-0.011	
13.57	0.503	0.003	-0.004	
13.60	0.503	0.003	-0.002	
13.63	0.503	0.003	-0.004	
13.67	0.504	0.002	-0.011	
13.70	0.503	0.002	-0.022	
13.73	0.504	0.001	-0.021	
13.77	0.503	0.000	-0.005	
13.80	0.504	0.000	0.007	
13.83	0.503	0.001	0.013	
13.87	0.504	0.002	-0.016	
13.90	0.504	-0.001	-0.037	
13.93	0.504	-0.001	-0.037	
13.97	0.504	-0.003	-0.044	
14.00	0.503	-0.004	-0.032	
14.03	0.503	-0.005	-0.016	
14.07	0.503	-0.005	-0.009	
14.10	0.503	-0.005	-0.012	
14.13	0.503	-0.006	-0.019	
14.17	0.503	-0.007	-0.015	
14.20	0.502	-0.007	0.000	
14.23	0.502	-0.006	0.000	
14.27	0.502	-0.007	0.000	
14.30	0.502	-0.007	0.018	
14.33	0.501	-0.006	0.026	
14.37	0.501	-0.005	0.022	
14.40	0.501	-0.004	0.009	
14.43	0.501	-0.005	0.003	
14.47	0.501	-0.004	0.025	
14.50	0.501	-0.003	0.040	
14.53	0.500	-0.001	0.045	
14.57	0.501	0.002	0.012	
14.60	0.501	-0.001	-0.010	
14.63	0.500	-0.001	0.019	
14.67	0.501	0.001	0.024	
14.70	0.501	0.002	0.003	
14.73	0.501	0.001	0.000	
14.77	0.501	0.001	0.020	
14.80	0.501	0.002	0.030	
14.83	0.501	0.004	0.015	
14.87	0.501	0.003	0.005	
14.90	0.501	0.003	0.016	
14.93	0.501	0.005	0.019	
14.97	0.501	0.005	0.011	
15.00	0.502	0.005	0.007	
15.03	0.502	0.005	0.008	
15.07	0.502	0.006	0.011	
15.10	0.502	0.007	-0.000	
15.13	0.502	0.006	-0.013	
15.17	0.502	0.005	-0.008	
15.20	0.503	0.005	-0.000	
15.23	0.503	0.005	0.020	
15.27	0.503	0.008	0.007	
15.30	0.503	0.006	-0.026	
15.33	0.503	0.005	-0.033	
15.37	0.504	0.003	-0.028	
15.40	0.504	0.003	-0.013	
15.43	0.504	0.003	-0.008	
15.47	0.504	0.002	-0.008	
15.50	0.504	0.002	-0.013	
15.53	0.504	0.001	-0.008	
15.57	0.504	0.002	-0.011	
15.60	0.504	0.001	-0.034	
15.63	0.504	-0.001	-0.034	
15.67	0.504	-0.002	-0.011	
15.70	0.504	-0.001	-0.009	
15.73	0.504	-0.002	-0.017	
15.77	0.504	-0.003	-0.019	
15.80	0.504	-0.003	-0.025	
15.83	0.504	-0.005	-0.023	
15.87	0.503	-0.005	-0.011	
15.90	0.503	-0.005	-0.003	
15.93	0.503	-0.005	0.006	
15.97	0.503	-0.005	0.014	
16.00	0.503	-0.004	0.022	
16.03	0.503	-0.002	-0.000	
16.07	0.503	-0.004	-0.022	
16.10	0.502	-0.005	-0.014	
16.13	0.502	-0.005	-0.007	
16.17	0.502	-0.005	-0.001	
16.20	0.502	-0.005	0.004	
16.23	0.502	-0.005	0.011	
16.27	0.502	-0.005	0.022	
16.30	0.501	-0.003	0.022	
16.33	0.501	-0.003	0.012	
16.37	0.501	-0.003	0.009	
16.40	0.501	-0.002	0.016	
16.43	0.501	-0.002	0.033	
16.47	0.501	0.000	0.041	
16.50	0.501	0.002	0.026	
16.53	0.501	0.002	0.005	
16.57	0.501	0.001	0.006	
16.60	0.501	0.002	0.017	
16.63	0.501	0.003	0.025	
16.67	0.501	0.003	0.040	
16.70	0.501	0.005	0.044	
16.73	0.502	0.008	0.007	
16.77	0.502	0.006	-0.029	
16.80	0.502	0.005	-0.036	
16.83	0.502	0.003	-0.029	
16.87	0.502	0.003	-0.014	
16.90	0.503	0.003	-0.009	
16.93	0.502	0.002	-0.012	
16.97	0.503	0.002	-0.022	
17.00	0.503	0.001	-0.022	
17.03	0.503	0.000	-0.012	
17.07	0.503	0.000	-0.008	
17.10	0.503	-0.000	-0.012	
17.13	0.503	-0.001	-0.023	
17.17	0.503	-0.002	-0.026	
17.20	0.502	-0.003	-0.023	
17.23	0.503	-0.003	-0.027	
17.27	0.502	-0.005	-0.027	
17.30	0.502	-0.005	-0.020	
17.33	0.502	-0.006	-0.015	
17.37	0.502	-0.007	0.001	
17.40	0.501	-0.006	0.024	
17.43	0.501	-0.003	-0.024	
17.47	0.501	-0.006	-0.125	
17.50	0.501	-0.011	-0.215	
17.53	0.501	-0.025	-0.161	
17.57	0.499	-0.028	0.069	
17.60	0.499	-0.016	0.199	
17.63	0.498	-0.010	0.193	
17.67	0.498	-0.004	0.174	
17.70	0.498	0.000	0.181	
17.73	0.498	0.013	0.066	
17.77	0.500	0.005	-0.070	
17.80	0.498	0.002	-0.043	
17.83	0.499	0.007	-0.111	
17.87	0.499	-0.012	-0.017	
17.90	0.497	0.001	0.165	
17.93	0.499	0.014	-0.037	
17.97	0.499	0.001	-0.275	
18.00	0.500	-0.016	-0.189	
18.03	0.498	-0.018	0.097	
18.07	0.498	-0.005	0.262	
18.10	0.498	0.004	0.259	
18.13	0.498	0.014	0.176	
18.17	0.499	0.022	-0.048	
18.20	0.500	0.008	-0.182	
18.23	0.499	-0.004	0.016	
18.27	0.499	0.016	0.058	
18.30	0.501	0.007	-0.054	
18.33	0.499	-0.002	0.154	
18.37	0.500	0.023	0.210	
18.40	0.502	0.026	-0.062	
18.43	0.502	0.012	-0.182	
18.47	0.502	0.007	-0.122	
18.50	0.502	0.005	-0.058	
18.53	0.502	0.005	-0.029	
18.57	0.503	0.003	-0.018	
18.60	0.503	0.003	-0.012	
18.63	0.503	0.004	-0.053	
18.67	0.503	0.001	-0.135	
18.70	0.503	-0.005	-0.206	
18.73	0.503	-0.018	-0.128	
18.77	0.502	-0.019	0.110	
18.80	0.501	-0.006	0.223	
18.83	0.501	0.004	0.112	
18.87	0.502	0.001	-0.004	
18.90	0.501	-0.001	-0.017	
18.93	0.502	-0.000	-0.005	
18.97	0.501	-0.000	-0.009	
19.00	0.502	-0.001	-0.017	
19.03	0.501	-0.002	0.011	
19.07	0.501	-0.002	0.099	
19.10	0.501	0.003	0.190	
19.13	0.501	0.017	0.096	
19.17	0.503	0.015	-0.150	
19.20	0.503	-0.000	-0.212	
19.23	0.502	-0.004	-0.116	
19.27	0.502	-0.006	-0.048	
19.30	0.502	-0.007	-0.002	
19.33	0.502	-0.005	0.021	
19.37	0.502	-0.005	0.026	
19.40	0.502	-0.003	0.020	
19.43	0.501	-0.003	0.006	
19.47	0.501	-0.004	0.008	
19.50	0.501	-0.002	-0.008	
19.53	0.501	-0.002	-0.070	
19.57	0.501	-0.008	-0.090	
19.60	0.501	-0.016	0.094	
19.63	0.499	-0.001	0.251	
19.67	0.501	0.013	0.075	
19.70	0.501	0.003	-0.085	
19.73	0.501	-0.000	-0.048	
19.77	0.501	0.000	0.005	
19.80	0.501	0.002	0.025	
19.83	0.501	0.002	0.015	
19.87	0.501	0.003	0.009	
19.90	0.501	0.003	0.011	
19.93	0.501	0.003	0.018	
19.97	0.501	0.004	0.012	
20.00	0.501	0.004	-0.007	
20.03	0.502	0.003	-0.008	
20.07	0.502	0.003	0.008	
20.10	0.502	0.004	0.009	
20.13	0.502	0.004	-0.002	
20.17	0.502	0.004	0.002	
20.20	0.502	0.004	0.017	
20.23	0.502	0.007	-0.019	
20.27	0.503	0.003	-0.066	
20.30	0.503	0.000	-0.063	
20.33	0.503	-0.002	-0.036	
20.37	0.502	-0.002	-0.006	
20.40	0.503	-0.001	-0.003	
20.43	0.502	-0.002	-0.009	
20.47	0.502	-0.002	-0.008	
20.50	0.502	-0.002	-0.028	
20.53	0.502	-0.004	-0.046	
20.57	0.502	-0.005	-0.071	
20.60	0.502	-0.007	-0.139	
20.63	0.502	-0.013	-0.215	
20.67	0.502	-0.027	-0.142	
20.70	0.499	-0.028	0.081	
20.73	0.499	-0.016	0.174	
20.77	0.499	-0.012	0.127	
20.80	0.499	-0.010	0.112	
20.83	0.498	-0.004	0.097	
20.87	0.498	-0.002	0.044	
20.90	0.498	-0.003	0.014	
20.93	0.498	0.000	-0.033	
20.97	0.498	-0.005	-0.054	
21.00	0.498	-0.007	0.011	
21.03	0.498	-0.003	0.032	
21.07	0.498	-0.003	0.003	
21.10	0.497	-0.004	0.000	
21.13	0.497	-0.003	-0.005	
21.17	0.497	-0.006	0.033	
21.20	0.496	-0.000	0.076	
21.23	0.498	0.000	0.092	
21.27	0.496	0.006	0.097	
21.30	0.498	0.010	0.004	
21.33	0.497	0.006	-0.083	
21.37	0.498	-0.000	-0.039	
21.40	0.497	0.001	0.078	
21.43	0.498	0.009	0.083	
21.47	0.498	0.008	0.038	
21.50	0.499	0.011	0.010	
21.53	0.499	0.009	-0.030	
21.57	0.499	0.007	-0.025	
21.60	0.499	0.008	-0.014	
21.63	0.500	0.008	-0.040	
21.67	0.500	0.004	-0.045	
21.70	0.500	0.003	-0.011	
21.73	0.500	0.004	0.021	
21.77	0.500	0.006	0.019	
21.80	0.501	0.005	-0.003	
21.83	0.500	0.005	-0.010	
21.87	0.501	0.005	-0.014	
21.90	0.501	0.004	-0.005	
21.93	0.501	0.005	-0.001	
21.97	0.501	0.004	-0.015	
22.00	0.501	0.003	-0.019	
22.03	0.501	0.003	-0.011	
22.07	0.502	0.003	-0.005	
22.10	0.501	0.003	-0.006	
22.13	0.502	0.002	-0.015	
22.17	0.502	0.002	-0.029	
22.20	0.502	0.000	-0.032	
22.23	0.502	-0.001	-0.009	
22.27	0.502	-0.000	0.010	
22.30	0.502	0.000	0.006	
22.33	0.502	0.001	-0.020	
22.37	0.502	-0.002	-0.036	
22.40	0.502	-0.002	-0.029	
22.43	0.502	-0.003	-0.025	
22.47	0.501	-0.004	-0.013	
22.50	0.501	-0.004	0.010	
22.53	0.501	-0.003	0.016	
22.57	0.501	-0.003	0.013	
22.60	0.501	-0.003	0.041	
22.63	0.501	-0.002	0.122	
22.67	0.501	0.004	0.212	
22.70	0.501	0.019	0.090	
22.73	0.502	0.017	-0.205	
22.77	0.502	-0.001	-0.323	
22.80	0.502	-0.017	-0.116	
22.83	0.500	-0.007	0.077	
22.87	0.502	-0.004	0.052	
22.90	0.500	-0.002	-0.027	
22.93	0.502	-0.005	-0.104	
22.97	0.500	-0.017	0.022	
23.00	0.500	-0.004	0.167	
23.03	0.500	0.001	0.145	
23.07	0.500	0.003	0.162	
23.10	0.500	0.009	0.217	
23.13	0.501	0.024	0.089	
23.17	0.502	0.022	-0.206	
23.20	0.503	0.004	-0.324	
23.23	0.503	-0.012	-0.119	
23.27	0.501	-0.002	0.074	
23.30	0.503	0.001	0.069	
23.33	0.501	0.003	0.035	
23.37	0.503	0.003	0.006	
23.40	0.501	0.003	-0.011	
23.43	0.503	0.002	-0.051	
23.47	0.501	0.000	-0.108	
23.50	0.503	-0.005	-0.153	
23.53	0.501	-0.017	-0.015	
23.57	0.501	-0.005	0.116	
23.60	0.501	-0.002	0.069	
23.63	0.501	-0.002	0.039	
23.67	0.501	-0.002	0.058	
23.70	0.501	0.001	0.090	
23.73	0.501	0.005	0.076	
23.77	0.501	0.012	-0.074	
23.80	0.503	-0.001	-0.163	
23.83	0.501	-0.012	0.090	
23.87	0.501	0.011	0.189	
23.90	0.503	0.014	-0.055	
23.93	0.502	0.001	-0.177	
23.97	0.502	-0.004	-0.166	
24.00	0.502	-0.007	-0.184	
24.03	0.502	-0.014	-0.230	
24.07	0.501	-0.029	-0.116	
24.10	0.499	-0.027	0.134	
24.13	0.499	-0.013	0.197	
24.17	0.499	-0.009	0.130	
24.20	0.499	-0.006	0.079	
24.23	0.499	-0.004	0.028	
24.27	0.498	-0.005	0.009	
24.30	0.498	-0.004	0.020	
24.33	0.498	-0.003	0.034	
24.37	0.498	-0.002	0.047	
24.40	0.498	-0.001	0.067	
24.43	0.498	0.004	0.039	
24.47	0.498	0.003	-0.006	
24.50	0.498	0.002	0.001	
24.53	0.498	0.003	0.018	
24.57	0.498	0.004	0.015	
24.60	0.499	0.003	0.020	
24.63	0.499	0.004	0.072	
24.67	0.499	0.008	0.138	
24.70	0.499	0.012	0.205	
24.73	0.499	0.026	0.127	
24.77	0.501	0.027	-0.122	
24.80	0.502	0.012	-0.209	
24.83	0.502	0.007	-0.123	
24.87	0.502	0.005	-0.048	
24.90	0.502	0.005	-0.011	
24.93	0.502	0.005	-0.006	
24.97	0.502	0.005	-0.011	
25.00	0.503	0.005	-0.021	
25.03	0.503	0.003	-0.016	
25.07	0.503	0.003	0.001	
25.10	0.503	0.003	0.005	
25.13	0.503	0.005	-0.053	
25.17	0.503	0.001	-0.153	
25.20	0.503	-0.005	-0.227	
25.23	0.503	-0.019	-0.142	
25.27	0.501	-0.020	0.104	
25.30	0.501	-0.007	0.240	
25.33	0.501	0.000	0.241	
25.37	0.501	0.007	0.231	
25.40	0.501	0.020	0.092	
25.43	0.503	0.017	-0.136	
25.47	0.503	0.004	-0.184	
25.50	0.503	0.001	-0.102	
25.53	0.503	-0.001	-0.053	
25.57	0.503	-0.002	-0.027	
25.60	0.503	-0.002	-0.012	
25.63	0.503	-0.003	-0.004	
25.67	0.503	-0.003	-0.001	
25.70	0.503	-0.003	0.001	
25.73	0.502	-0.003	0.007	
25.77	0.503	-0.002	0.014	
25.80	0.502	-0.002	0.021	
25.83	0.502	0.000	-0.003	
25.87	0.502	-0.002	-0.028	
25.90	0.502	-0.003	-0.022	
25.93	0.502	-0.004	0.001	
25.97	0.502	-0.003	0.021	
26.00	0.502	-0.001	0.011	
26.03	0.502	-0.002	0.004	
26.07	0.502	-0.002	0.016	
26.10	0.502	-0.001	0.019	
26.13	0.502	-0.000	0.011	
26.17	0.502	0.000	0.004	
26.20	0.502	0.000	0.001	
26.23	0.502	0.000	0.001	
26.27	0.502	0.000	0.004	
26.30	0.502	0.000	0.011	
26.33	0.502	0.001	0.022	
26.37	0.502	0.002	0.022	
26.40	0.502	0.002	0.013	
26.43	0.502	0.003	0.011	
26.47	0.502	0.003	0.015	
26.50	0.502	0.003	0.021	
26.53	0.502	0.005	-0.003	
26.57	0.503	0.003	-0.029	
26.60	0.503	0.002	-0.026	
26.63	0.503	0.001	-0.011	
26.67	0.503	0.002	-0.001	
26.70	0.503	0.002	-0.011	
26.73	0.503	0.001	-0.008	
26.77	0.503	0.001	0.007	
26.80	0.503	0.002	0.003	
26.83	0.503	0.002	-0.022	
26.87	0.503	0.000	-0.037	
26.90	0.503	-0.002	-0.026	
26.93	0.503	-0.002	-0.008	
26.97	0.503	-0.001	-0.013	
27.00	0.503	-0.003	-0.027	
27.03	0.503	-0.004	-0.019	
27.07	0.502	-0.004	-0.015	
27.10	0.503	-0.005	-0.018	
27.13	0.502	-0.005	-0.009	
27.17	0.502	-0.005	-0.000	
27.20	0.502	-0.006	0.020	
27.23	0.502	-0.003	0.005	
27.27	0.502	-0.005	-0.035	
27.30	0.501	-0.005	-0.078	
27.33	0.501	-0.009	-0.142	
27.37	0.501	-0.014	-0.205	
27.40	0.501	-0.028	-0.108	
27.43	0.499	-0.027	0.152	
27.47	0.499	-0.011	0.244	
27.50	0.498	-0.005	0.161	
27.53	0.498	-0.003	0.112	
27.57	0.498	-0.001	0.142	
27.60	0.498	0.005	0.208	
27.63	0.498	0.019	0.126	
27.67	0.500	0.019	-0.100	
27.70	0.500	0.007	-0.207	
27.73	0.500	0.001	-0.169	
27.77	0.500	-0.004	-0.100	
27.80	0.500	-0.011	0.085	
27.83	0.498	0.002	0.241	
27.87	0.500	0.016	0.112	
27.90	0.500	0.009	-0.012	
27.93	0.500	0.011	-0.031	
27.97	0.501	0.008	-0.053	
28.00	0.501	0.006	-0.035	
28.03	0.501	0.005	-0.017	
28.07	0.501	0.005	-0.005	
28.10	0.502	0.005	0.002	
28.13	0.502	0.005	0.006	
28.17	0.502	0.006	0.008	
28.20	0.502	0.006	-0.007	
28.23	0.502	0.005	-0.023	
28.27	0.502	0.004	-0.012	
28.30	0.503	0.005	-0.008	
28.33	0.503	0.004	-0.026	
28.37	0.503	0.003	-0.038	
28.40	0.503	0.001	-0.026	
28.43	0.503	0.001	-0.005	
28.47	0.503	0.001	-0.005	
28.50	0.503	0.000	-0.010	
28.53	0.503	0.000	0.002	
28.57	0.503	0.000	0.015	
28.60	0.503	0.001	0.025	
28.63	0.503	0.004	-0.012	
28.67	0.503	-0.000	-0.037	
28.70	0.503	-0.000	-0.022	
28.73	0.503	-0.001	-0.024	
28.77	0.503	-0.002	-0.017	
28.80	0.503	-0.002	-0.001	
28.83	0.503	-0.002	0.013	
28.87	0.503	-0.001	0.007	
28.90	0.503	-0.001	-0.018	
28.93	0.503	-0.002	-0.029	
28.97	0.503	-0.004	-0.010	
29.00	0.503	-0.003	0.010	
29.03	0.502	-0.003	0.013	
29.07	0.502	-0.002	0.013	
29.10	0.502	-0.001	-0.009	
29.13	0.502	-0.002	-0.060	
29.17	0.502	-0.004	-0.136	
29.20	0.502	-0.010	-0.226	
29.23	0.502	-0.025	-0.128	
29.27	0.500	-0.026	0.176	
29.30	0.500	-0.009	0.355	
29.33	0.500	0.005	0.313	
29.37	0.500	0.011	0.243	
29.40	0.500	0.024	0.099	
29.43	0.502	0.023	-0.150	
29.47	0.502	0.007	-0.214	
29.50	0.502	0.002	-0.105	
29.53	0.502	0.002	-0.023	
29.57	0.502	0.003	0.008	
29.60	0.502	0.003	0.010	
29.63	0.503	0.004	-0.006	
29.67	0.503	0.003	-0.022	
29.70	0.503	0.001	-0.007	
29.73	0.503	0.002	0.007	
29.77	0.503	0.002	0.002	
29.80	0.503	0.002	-0.007	
29.83	0.503	0.002	-0.017	
29.87	0.503	0.001	-0.010	
29.90	0.503	0.001	0.014	
29.93	0.503	0.002	0.032	
29.97	0.503	0.003	0.042	
30.00	0.503	0.004	0.054	
30.03	0.504	0.009	0.009	
30.07	0.504	0.006	-0.059	
30.10	0.504	0.003	-0.107	
30.13	0.504	0.000	-0.186	
30.17	0.504	-0.007	-0.272	
30.20	0.504	-0.025	-0.149	
30.23	0.502	-0.025	0.176	
30.27	0.502	-0.006	0.303	
30.30	0.502	0.001	0.241	
30.33	0.502	0.015	0.018	
30.37	0.504	0.002	-0.197	
30.40	0.502	-0.005	-0.215	
30.43	0.503	-0.012	-0.204	
30.47	0.501	-0.025	-0.024	
30.50	0.501	-0.013	0.124	
30.53	0.501	-0.009	0.088	
30.57	0.500	-0.008	0.047	
30.60	0.500	-0.007	0.018	
30.63	0.500	-0.006	0.005	
30.67	0.500	-0.007	0.002	
30.70	0.499	-0.008	0.038	
30.73	0.499	-0.003	0.041	
30.77	0.499	-0.005	0.037	
30.80	0.499	-0.001	0.040	
30.83	0.499	-0.001	0.010	
30.87	0.499	-0.002	0.001	
30.90	0.499	-0.001	-0.001	
30.93	0.499	-0.002	0.008	
30.97	0.499	-0.001	0.038	
31.00	0.498	0.001	0.047	
31.03	0.499	0.003	0.036	
31.07	0.499	0.003	0.028	
31.10	0.499	0.005	0.003	
31.13	0.499	0.003	-0.011	
31.17	0.499	0.003	0.022	
31.20	0.499	0.006	0.028	
31.23	0.500	0.006	-0.007	
31.27	0.500	0.004	-0.010	
31.30	0.500	0.004	0.016	
31.33	0.500	0.006	0.012	
31.37	0.500	0.007	-0.037	
31.40	0.500	0.002	-0.024	
31.43	0.500	0.003	0.038	
31.47	0.501	0.006	0.045	
31.50	0.501	0.007	0.018	
31.53	0.501	0.007	-0.015	
31.57	0.501	0.007	-0.051	
31.60	0.502	0.003	-0.061	
31.63	0.501	0.002	-0.043	
31.67	0.502	-0.001	0.011	
31.70	0.501	0.003	0.041	
31.73	0.502	0.005	-0.009	
31.77	0.502	0.001	-0.022	
31.80	0.502	0.003	-0.019	
31.83	0.502	0.000	-0.027	
31.87	0.502	-0.001	-0.000	
31.90	0.502	0.001	0.001	
31.93	0.502	0.001	-0.031	
31.97	0.502	-0.002	-0.031	
32.00	0.502	-0.003	0.043	
32.03	0.502	-0.000	0.154	
32.07	0.502	0.007	0.232	
32.10	0.502	0.021	0.129	
32.13	0.504	0.022	-0.133	
32.17	0.504	0.006	-0.233	
32.20	0.504	-0.000	-0.144	
32.23	0.504	-0.002	-0.056	
32.27	0.504	-0.002	-0.006	
32.30	0.504	-0.002	0.013	
32.33	0.503	-0.001	0.014	
32.37	0.504	-0.001	0.014	
32.40	0.503	-0.000	0.015	
32.43	0.504	0.001	-0.010	
32.47	0.503	-0.001	-0.018	
32.50	0.503	-0.002	0.004	
32.53	0.503	-0.001	0.015	
32.57	0.503	-0.000	0.010	
32.60	0.503	0.000	0.004	
32.63	0.503	0.000	0.003	
32.67	0.503	0.000	0.011	
32.70	0.503	0.000	0.025	
32.73	0.503	0.001	0.040	
32.77	0.503	0.005	0.011	
32.80	0.504	0.003	-0.032	
32.83	0.504	0.001	-0.028	
32.87	0.504	0.000	-0.007	
32.90	0.504	0.001	0.013	
32.93	0.504	0.002	0.013	
32.97	0.504	0.002	-0.005	
33.00	0.504	0.001	-0.010	
33.03	0.504	0.001	-0.018	
33.07	0.504	0.000	-0.026	
33.10	0.504	-0.001	-0.007	
33.13	0.504	-0.000	0.011	
33.17	0.504	0.000	0.013	
33.20	0.504	0.000	0.011	
33.23	0.504	0.001	-0.007	
33.27	0.504	0.000	-0.022	
33.30	0.504	-0.001	-0.010	
33.33	0.504	-0.001	0.002	
33.37	0.504	-0.001	0.005	
33.40	0.504	-0.001	0.020	
33.43	0.504	0.001	0.033	
33.47	0.504	0.004	-0.016	
33.50	0.504	-0.001	-0.056	
33.53	0.504	-0.002	-0.043	
33.57	0.504	-0.003	-0.037	
33.60	0.504	-0.005	-0.029	
33.63	0.504	-0.005	-0.023	
33.67	0.503	-0.006	-0.026	
33.70	0.503	-0.007	-0.022	
33.73	0.503	-0.008	-0.007	
33.77	0.503	-0.008	0.006	
33.80	0.502	-0.007	0.017	
33.83	0.502	-0.006	0.012	
33.87	0.502	-0.006	-0.007	
33.90	0.502	-0.007	-0.007	
33.93	0.501	-0.007	0.013	
33.97	0.501	-0.006	0.022	
34.00	0.501	-0.005	0.022	
34.03	0.501	-0.005	0.028	
34.07	0.501	-0.003	0.034	
34.10	0.501	-0.002	0.037	
34.13	0.500	-0.001	0.048	
34.17	0.501	0.002	0.023	
34.20	0.501	0.001	-0.009	
34.23	0.501	0.000	-0.005	
34.27	0.501	0.000	0.009	
34.30	0.501	0.001	0.028	
34.33	0.501	0.002	0.033	
34.37	0.501	0.004	0.011	
34.40	0.501	0.003	-0.006	
34.43	0.501	0.003	-0.001	
34.47	0.501	0.003	0.012	
34.50	0.501	0.003	0.032	
34.53	0.501	0.005	0.040	
34.57	0.501	0.007	0.022	
34.60	0.502	0.007	-0.007	
34.63	0.502	0.006	-0.017	
34.67	0.502	0.005	-0.009	
34.70	0.502	0.005	0.002	
34.73	0.503	0.005	0.009	
34.77	0.503	0.006	0.010	
34.80	0.503	0.007	-0.023	
34.83	0.503	0.004	-0.048	
34.87	0.503	0.003	-0.037	
34.90	0.504	0.002	-0.033	
34.93	0.503	0.001	-0.025	
34.97	0.504	0.000	-0.013	
35.00	0.503	0.000	-0.008	
35.03	0.504	-0.000	-0.012	
35.07	0.503	-0.001	-0.022	
35.10	0.504	-0.002	-0.022	
35.13	0.503	-0.002	-0.011	
35.17	0.503	-0.003	-0.004	
35.20	0.503	-0.003	-0.001	
35.23	0.503	-0.003	-0.000	
35.27	0.503	-0.003	-0.001	
35.30	0.503	-0.003	-0.003	
35.33	0.503	-0.003	-0.007	
35.37	0.503	-0.003	-0.009	
35.40	0.502	-0.004	0.007	
35.43	0.502	-0.003	0.025	
35.47	0.502	-0.002	0.030	
35.50	0.502	0.000	0.007	
35.53	0.502	-0.002	-0.014	
35.57	0.502	-0.002	-0.003	
35.60	0.502	-0.001	-0.002	
35.63	0.502	-0.002	-0.000	
35.67	0.502	-0.002	0.018	
35.70	0.502	-0.000	0.026	
35.73	0.502	0.000	0.022	
35.77	0.502	0.001	0.008	
35.80	0.502	0.001	0.001	
35.83	0.502	0.001	0.014	
35.87	0.502	0.002	0.015	
35.90	0.502	0.002	0.003	
35.93	0.502	0.002	-0.007	
35.97	0.502	0.001	0.001	
36.00	0.502	0.002	0.010	
36.03	0.502	0.002	0.004	
36.07	0.503	0.002	-0.002	
36.10	0.503	0.002	-0.000	
36.13	0.503	0.002	0.021	
36.17	0.503	0.003	0.039	
36.20	0.503	0.007	-0.003	
36.23	0.503	0.003	-0.047	
36.27	0.503	0.001	-0.032	
36.30	0.503	0.001	-0.003	
36.33	0.503	0.002	0.005	
36.37	0.504	0.002	-0.012	
36.40	0.503	0.001	-0.018	
36.43	0.504	0.000	-0.011	
36.47	0.503	0.000	-0.005	
36.50	0.504	0.000	-0.005	
36.53	0.503	-0.000	-0.011	
36.57	0.504	-0.001	-0.019	
36.60	0.503	-0.002	-0.015	
36.63	0.503	-0.002	-0.000	
36.67	0.503	-0.001	-0.004	
36.70	0.503	-0.002	-0.012	
36.73	0.503	-0.002	-0.008	
36.77	0.503	-0.003	-0.005	
36.80	0.503	-0.003	-0.002	
36.83	0.503	-0.003	-0.001	
36.87	0.503	-0.003	0.010	
36.90	0.503	-0.001	-0.012	
36.93	0.503	-0.004	-0.040	
36.97	0.502	-0.005	-0.030	
37.00	0.502	-0.006	-0.022	
37.03	0.502	-0.007	-0.006	
37.07	0.502	-0.006	-0.001	
37.10	0.502	-0.006	-0.020	
37.13	0.502	-0.007	-0.052	
37.17	0.501	-0.009	-0.103	
37.20	0.501	-0.012	-0.176	
37.23	0.501	-0.026	-0.101	
37.27	0.499	-0.025	0.135	
37.30	0.499	-0.010	0.203	
37.33	0.499	-0.006	0.117	
37.37	0.498	-0.004	0.064	
37.40	0.498	-0.003	0.039	
37.43	0.498	-0.002	0.035	
37.47	0.498	-0.001	0.032	
37.50	0.498	0.000	0.030	
37.53	0.498	0.001	0.041	
37.57	0.498	0.003	0.046	
37.60	0.498	0.005	0.022	
37.63	0.499	0.003	0.035	
37.67	0.499	0.005	0.120	
37.70	0.499	0.010	0.225	
37.73	0.499	0.026	0.143	
37.77	0.501	0.026	-0.112	
37.80	0.501	0.012	-0.190	
37.83	0.501	0.008	-0.118	
37.87	0.501	0.006	-0.056	
37.90	0.502	0.005	-0.017	
37.93	0.502	0.005	-0.009	
37.97	0.502	0.005	-0.012	
38.00	0.502	0.005	-0.022	
38.03	0.502	0.003	-0.023	
38.07	0.502	0.003	-0.015	
38.10	0.503	0.002	-0.013	
38.13	0.502	0.002	-0.013	
38.17	0.503	0.001	-0.000	
38.20	0.502	0.001	0.024	
38.23	0.503	0.004	0.001	
38.27	0.503	0.002	-0.030	
38.30	0.503	0.002	-0.040	
38.33	0.503	-0.001	-0.055	
38.37	0.503	-0.003	-0.035	
38.40	0.503	-0.003	-0.011	
38.43	0.503	-0.003	-0.009	
38.47	0.503	-0.004	0.002	
38.50	0.502	-0.003	0.011	
38.53	0.502	-0.003	0.007	
38.57	0.502	-0.003	0.003	
38.60	0.502	-0.003	-0.003	
38.63	0.502	-0.003	-0.010	
38.67	0.502	-0.003	-0.017	
38.70	0.502	-0.004	-0.007	
38.73	0.502	-0.004	0.021	
38.77	0.501	-0.003	0.036	
38.80	0.502	-0.001	0.024	
38.83	0.501	-0.001	0.008	
38.87	0.502	-0.001	0.019	
38.90	0.501	-0.000	0.052	
38.93	0.501	0.004	0.030	
38.97	0.502	0.003	-0.018	
39.00	0.502	0.001	-0.018	
39.03	0.502	0.001	0.003	
39.07	0.502	0.002	0.010	
39.10	0.502	0.002	-0.000	
39.13	0.502	0.001	0.005	
39.17	0.502	0.002	0.015	
39.20	0.502	0.003	0.014	
39.23	0.502	0.003	0.014	
39.27	0.502	0.004	0.001	
39.30	0.502	0.003	-0.012	
39.33	0.502	0.003	-0.016	
39.37	0.503	0.003	-0.045	
39.40	0.502	0.001	-0.110	
39.43	0.503	-0.003	-0.191	
39.47	0.503	-0.017	-0.130	
39.50	0.501	-0.018	0.088	
39.53	0.501	-0.006	0.179	
39.57	0.501	-0.001	0.123	
39.60	0.501	0.001	0.075	
39.63	0.501	0.004	0.015	
39.67	0.501	0.002	-0.025	
39.70	0.501	0.002	-0.032	
39.73	0.502	-0.000	-0.039	
39.77	0.501	-0.002	-0.021	
39.80	0.501	-0.002	0.005	
39.83	0.501	-0.001	0.015	
39.87	0.501	-0.001	0.031	
39.90	0.501	-0.000	0.069	
39.93	0.501	0.003	0.094	
39.97	0.501	0.015	-0.086	
40.00	0.503	-0.001	-0.285	
40.03	0.501	-0.019	-0.114	
40.07	0.501	-0.008	0.067	
40.10	0.501	-0.006	0.038	
40.13	0.501	-0.007	0.013	
40.17	0.500	-0.005	-0.008	
40.20	0.501	-0.008	-0.018	
40.23	0.500	-0.009	0.040	
40.27	0.500	-0.004	0.075	
40.30	0.499	-0.002	0.046	
40.33	0.500	0.001	-0.034	
40.37	0.500	-0.005	-0.090	
40.40	0.499	-0.009	-0.040	
40.43	0.499	-0.008	0.035	
40.47	0.499	-0.003	0.017	
40.50	0.499	-0.007	-0.008	
40.53	0.498	-0.006	0.025	
40.57	0.499	-0.003	0.010	
40.60	0.498	-0.005	-0.022	
40.63	0.498	-0.005	-0.042	
40.67	0.498	-0.005	-0.107	
40.70	0.498	-0.020	0.004	
40.73	0.495	-0.009	0.217	
40.77	0.498	0.009	0.082	
40.80	0.497	-0.010	0.076	
40.83	0.495	0.005	0.263	
40.87	0.498	0.023	0.091	
40.90	0.498	0.012	-0.090	
40.93	0.498	0.007	-0.027	
40.97	0.498	0.011	0.039	
41.00	0.499	0.013	0.012	
41.03	0.499	0.012	-0.039	
41.07	0.500	0.009	-0.052	
41.10	0.500	0.008	-0.036	
41.13	0.500	0.007	-0.029	
41.17	0.500	0.006	-0.022	
41.20	0.501	0.006	-0.018	
41.23	0.501	0.006	-0.038	
41.27	0.501	0.003	-0.053	
41.30	0.501	0.000	-0.021	
41.33	0.501	0.002	-0.006	
41.37	0.501	0.001	-0.006	
41.40	0.501	0.000	0.035	
41.43	0.501	0.004	0.045	
41.47	0.501	0.005	-0.002	
41.50	0.501	0.003	-0.037	
41.53	0.501	0.001	-0.030	
41.57	0.501	0.001	-0.024	
41.60	0.502	0.000	-0.029	
41.63	0.501	-0.001	-0.022	
41.67	0.501	-0.000	-0.036	
41.70	0.502	-0.004	-0.039	
41.73	0.501	-0.005	0.010	
41.77	0.501	-0.002	0.022	
41.80	0.501	-0.002	-0.013	
41.83	0.501	-0.004	-0.022	
41.87	0.501	-0.004	0.003	
41.90	0.501	-0.003	0.018	
41.93	0.501	-0.003	0.021	
41.97	0.501	-0.002	0.026	
42.00	0.500	-0.001	0.022	
42.03	0.501	-0.000	0.007	
42.07	0.500	-0.000	-0.006	
42.10	0.501	-0.001	-0.016	
42.13	0.500	-0.002	-0.006	
42.17	0.500	-0.002	0.023	
42.20	0.500	0.000	0.043	
42.23	0.500	0.002	0.036	
42.27	0.500	0.003	0.015	
42.30	0.501	0.003	-0.017	
42.33	0.501	0.001	-0.030	
42.37	0.501	0.000	-0.011	
42.40	0.501	0.000	0.009	
42.43	0.501	0.001	0.024	
42.47	0.501	0.003	0.004	
42.50	0.501	0.002	-0.028	
42.53	0.501	-0.001	-0.014	
42.57	0.501	0.000	0.018	
42.60	0.501	0.002	0.020	
42.63	0.501	0.002	0.002	
42.67	0.501	0.002	-0.018	
42.70	0.501	0.001	-0.025	
42.73	0.501	0.000	-0.022	
42.77	0.501	-0.001	-0.021	
42.80	0.501	-0.002	-0.007	
42.83	0.501	-0.002	0.023	
42.87	0.501	0.000	0.044	
42.90	0.501	0.002	0.041	
42.93	0.501	0.003	0.023	
42.97	0.501	0.004	-0.009	
43.00	0.501	0.003	-0.049	
43.03	0.501	-0.002	-0.023	
43.07	0.501	-0.000	0.059	
43.10	0.501	0.003	0.125	
43.13	0.501	0.007	0.167	
43.17	0.501	0.021	0.001	
43.20	0.503	0.017	-0.371	
43.23	0.504	-0.016	-0.397	
43.27	0.501	-0.024	-0.031	
43.30	0.501	-0.011	0.178	
43.33	0.501	-0.004	0.175	
43.37	0.501	0.000	0.126	
43.40	0.501	0.003	0.081	
43.43	0.501	0.012	-0.098	
43.47	0.503	-0.003	-0.270	
43.50	0.501	-0.019	-0.105	
43.53	0.500	-0.011	0.103	
43.57	0.500	-0.006	0.138	
43.60	0.500	-0.001	0.110	
43.63	0.500	0.007	-0.065	
43.67	0.501	-0.007	-0.175	
43.70	0.499	-0.017	0.045	
43.73	0.499	-0.004	0.250	
43.77	0.499	0.014	0.087	
43.80	0.501	0.010	-0.294	
43.83	0.501	-0.020	-0.309	
43.87	0.499	-0.024	0.040	
43.90	0.498	-0.009	0.201	
43.93	0.499	-0.002	0.142	
43.97	0.498	-0.000	0.059	
44.00	0.499	0.000	0.014	
44.03	0.498	0.000	0.003	
44.07	0.499	0.000	0.004	
44.10	0.498	0.000	0.011	
44.13	0.499	0.001	0.019	
44.17	0.498	0.002	0.016	
44.20	0.499	0.002	0.005	
44.23	0.499	0.001	0.018	
44.27	0.499	0.003	0.040	
44.30	0.499	0.005	0.046	
44.33	0.499	0.006	0.059	
44.37	0.499	0.006	0.127	
44.40	0.499	0.013	0.212	
44.43	0.500	0.027	0.108	
44.47	0.502	0.026	-0.145	
44.50	0.502	0.011	-0.227	
44.53	0.502	0.005	-0.134	
44.57	0.502	0.003	-0.046	
44.60	0.502	0.004	-0.014	
44.63	0.502	0.003	-0.014	
44.67	0.502	0.003	-0.011	
44.70	0.503	0.002	-0.015	
44.73	0.502	0.002	-0.023	
44.77	0.503	0.001	-0.022	
44.80	0.502	0.000	-0.013	
44.83	0.503	0.000	-0.016	
44.87	0.502	-0.000	-0.049	
44.90	0.503	-0.002	-0.102	
44.93	0.502	-0.007	-0.147	
44.97	0.503	-0.018	-0.044	
45.00	0.500	-0.009	0.039	
45.03	0.502	-0.008	-0.056	
45.07	0.500	-0.019	0.015	
45.10	0.500	-0.008	0.113	
45.13	0.500	-0.006	0.072	
45.17	0.500	-0.004	0.047	
45.20	0.500	-0.003	0.019	
45.23	0.500	-0.003	0.001	
45.27	0.500	-0.004	0.005	
45.30	0.499	-0.003	0.016	
45.33	0.500	-0.003	0.021	
45.37	0.499	-0.002	0.039	
45.40	0.499	-0.000	0.078	
45.43	0.499	0.002	0.146	
45.47	0.499	0.008	0.217	
45.50	0.499	0.022	0.121	
45.53	0.501	0.022	-0.115	
45.57	0.501	0.008	-0.186	
45.60	0.502	0.004	-0.106	
45.63	0.501	0.003	-0.030	
45.67	0.502	0.003	0.017	
45.70	0.502	0.004	0.042	
45.73	0.502	0.007	0.018	
45.77	0.502	0.006	-0.021	
45.80	0.502	0.005	-0.028	
45.83	0.503	0.003	-0.018	
45.87	0.502	0.003	0.005	
45.90	0.503	0.004	0.006	
45.93	0.503	0.004	-0.012	
45.97	0.503	0.003	-0.018	
46.00	0.503	0.003	-0.011	
46.03	0.503	0.003	-0.008	
46.07	0.503	0.002	-0.011	
46.10	0.504	0.002	-0.019	
46.13	0.503	0.001	-0.015	
46.17	0.504	0.001	-0.002	
46.20	0.503	0.001	-0.014	
46.23	0.504	0.000	-0.058	
46.27	0.503	-0.002	-0.124	
46.30	0.504	-0.006	-0.203	
46.33	0.503	-0.021	-0.114	
46.37	0.502	-0.019	0.099	
46.40	0.502	-0.008	0.152	
46.43	0.501	-0.006	0.127	
46.47	0.501	-0.003	0.160	
46.50	0.501	0.003	0.222	
46.53	0.501	0.018	0.127	
46.57	0.503	0.018	-0.126	
46.60	0.503	0.003	-0.215	
46.63	0.503	-0.003	-0.127	
46.67	0.503	-0.004	-0.038	
46.70	0.502	-0.003	-0.003	
46.73	0.502	-0.003	-0.013	
46.77	0.502	-0.005	-0.018	
46.80	0.502	-0.005	-0.010	
46.83	0.502	-0.005	-0.004	
46.87	0.502	-0.005	-0.002	
46.90	0.501	-0.005	-0.009	
46.93	0.501	-0.005	-0.043	
46.97	0.501	-0.007	-0.108	
47.00	0.501	-0.011	-0.183	
47.03	0.501	-0.025	-0.092	
47.07	0.499	-0.023	0.141	
47.10	0.499	-0.010	0.248	
47.13	0.499	-0.003	0.251	
47.17	0.499	0.004	0.263	
47.20	0.498	0.020	0.108	
47.23	0.501	0.020	-0.243	
47.27	0.500	-0.002	-0.423	
47.30	0.500	-0.021	-0.243	
47.33	0.498	-0.023	0.093	
47.37	0.498	-0.008	0.238	
47.40	0.498	0.000	0.166	
47.43	0.499	0.004	0.060	
47.47	0.499	0.003	-0.003	
47.50	0.499	0.001	0.006	
47.53	0.499	0.002	0.056	
47.57	0.499	0.004	0.133	
47.60	0.499	0.009	0.223	
47.63	0.499	0.025	0.144	
47.67	0.501	0.025	-0.101	
47.70	0.501	0.012	-0.180	
47.73	0.501	0.008	-0.097	
47.77	0.502	0.008	-0.056	
47.80	0.502	0.005	-0.053	
47.83	0.502	0.003	-0.038	
47.87	0.502	0.003	-0.019	
47.90	0.502	0.003	-0.009	
47.93	0.502	0.002	-0.009	
47.97	0.502	0.002	-0.016	
48.00	0.502	0.001	-0.015	
48.03	0.502	0.001	-0.018	
48.07	0.503	0.000	-0.026	
48.10	0.502	-0.001	-0.009	
48.13	0.502	-0.000	0.003	
48.17	0.502	-0.000	-0.005	
48.20	0.502	-0.001	-0.020	
48.23	0.502	-0.002	-0.025	
48.27	0.502	-0.003	-0.017	
48.30	0.502	-0.003	-0.009	
48.33	0.502	-0.004	0.009	
48.37	0.502	-0.002	0.022	
48.40	0.502	-0.000	-0.011	
48.43	0.502	-0.004	-0.030	
48.47	0.502	-0.004	-0.006	
48.50	0.502	-0.003	0.005	
48.53	0.501	-0.003	0.002	
48.57	0.501	-0.004	0.015	
48.60	0.501	-0.002	0.034	
48.63	0.501	-0.001	0.030	
48.67	0.501	-0.000	0.015	
48.70	0.501	0.000	0.009	
48.73	0.501	0.000	0.012	
48.77	0.501	0.001	0.022	
48.80	0.501	0.002	0.022	
48.83	0.501	0.002	0.011	
48.87	0.501	0.003	0.004	
48.90	0.502	0.003	0.002	
48.93	0.501	0.003	0.005	
48.97	0.502	0.003	0.013	
49.00	0.502	0.003	0.032	
49.03	0.502	0.005	0.043	
49.07	0.502	0.006	0.039	
49.10	0.502	0.009	-0.014	
49.13	0.503	0.006	-0.095	
49.17	0.503	0.002	-0.158	
49.20	0.503	-0.003	-0.235	
49.23	0.503	-0.019	-0.142	
49.27	0.501	-0.019	0.135	
49.30	0.501	-0.003	0.247	
49.33	0.501	0.002	0.206	
49.37	0.501	0.008	0.164	
49.40	0.502	0.021	-0.069	
49.43	0.504	0.004	-0.274	
49.47	0.502	-0.012	-0.096	
49.50	0.502	-0.002	0.073	
49.53	0.502	-0.000	0.066	
49.57	0.502	0.002	0.062	
49.60	0.502	0.003	0.054	
49.63	0.502	0.004	0.067	
49.67	0.502	0.015	-0.093	
49.70	0.504	-0.001	-0.258	
49.73	0.502	-0.015	-0.096	
49.77	0.502	-0.007	0.056	
49.80	0.502	-0.004	0.038	
49.83	0.502	-0.004	-0.011	
49.87	0.502	-0.007	-0.021	
49.90	0.501	-0.008	0.040	
49.93	0.501	-0.004	0.107	
49.97	0.501	0.000	0.156	
50.00	0.501	0.005	0.217	
50.03	0.501	0.020	0.101	
50.07	0.503	0.020	-0.212	
50.10	0.503	0.000	-0.350	
50.13	0.503	-0.018	-0.129	
50.17	0.501	-0.007	0.063	
50.20	0.502	0.003	-0.152	
50.23	0.502	-0.022	-0.234	
50.27	0.500	-0.026	0.036	
50.30	0.500	-0.014	0.174	
50.33	0.500	-0.009	0.154	
50.37	0.500	-0.005	0.120	
50.40	0.499	-0.001	0.096	
50.43	0.499	0.004	0.033	
50.47	0.500	0.001	-0.034	
50.50	0.499	-0.000	-0.052	
50.53	0.500	-0.003	-0.049	
50.57	0.499	-0.005	-0.004	
50.60	0.499	-0.003	0.038	
50.63	0.499	-0.001	0.044	
50.67	0.499	-0.001	0.058	
50.70	0.499	0.003	0.070	
50.73	0.499	0.006	0.034	
50.77	0.499	0.005	-0.008	
50.80	0.500	0.004	-0.019	
50.83	0.500	0.002	0.039	
50.87	0.500	0.005	0.155	
50.90	0.500	0.012	0.248	
50.93	0.500	0.029	0.114	
50.97	0.502	0.027	-0.213	
51.00	0.503	0.007	-0.315	
51.03	0.503	-0.007	-0.078	
51.07	0.501	0.005	0.086	
51.10	0.503	0.013	-0.074	
51.13	0.503	-0.009	-0.025	
51.17	0.501	0.004	0.180	
51.20	0.503	0.018	0.013	
51.23	0.504	0.006	-0.185	
51.27	0.504	-0.001	-0.201	
51.30	0.504	-0.015	-0.028	
51.33	0.501	-0.002	0.104	
51.37	0.504	0.008	-0.154	
51.40	0.504	-0.019	-0.233	
51.43	0.501	-0.023	0.070	
51.47	0.501	-0.008	0.239	
51.50	0.501	-0.001	0.257	
51.53	0.501	0.008	0.259	
51.57	0.502	0.022	0.104	
51.60	0.503	0.019	-0.155	
51.63	0.503	0.004	-0.221	
51.67	0.503	-0.001	-0.124	
51.70	0.503	-0.003	-0.044	
51.73	0.503	-0.003	0.008	
51.77	0.503	-0.000	-0.001	
51.80	0.503	-0.002	-0.033	
51.83	0.503	-0.004	-0.022	
51.87	0.503	-0.004	0.005	
51.90	0.502	-0.003	0.018	
51.93	0.502	-0.003	0.015	
51.97	0.502	-0.002	0.019	
52.00	0.502	-0.002	0.032	
52.03	0.502	-0.000	0.041	
52.07	0.502	0.002	0.033	
52.10	0.502	0.002	0.034	
52.13	0.502	0.004	0.031	
52.17	0.502	0.004	0.008	
52.20	0.503	0.004	0.004	
52.23	0.503	0.005	0.002	
52.27	0.503	0.004	-0.011	
52.30	0.503	0.003	-0.010	
52.33	0.503	0.003	0.006	
52.37	0.503	0.004	0.015	
52.40	0.504	0.004	0.020	
52.43	0.503	0.006	-0.000	
52.47	0.504	0.007	-0.089	
52.50	0.504	-0.000	-0.144	
52.53	0.504	-0.012	0.032	
52.57	0.502	0.001	0.220	
52.60	0.504	0.015	0.093	
52.63	0.504	0.008	-0.076	
52.67	0.504	0.004	-0.093	
52.70	0.505	0.001	-0.061	
52.73	0.504	0.000	-0.022	
52.77	0.505	0.000	-0.008	
52.80	0.504	0.000	-0.014	
52.83	0.505	-0.000	-0.054	
52.87	0.504	-0.002	-0.126	
52.90	0.505	-0.008	-0.173	
52.93	0.504	-0.021	-0.018	
52.97	0.502	-0.016	0.289	
53.00	0.502	0.010	0.290	
53.03	0.504	0.013	0.010	
53.07	0.504	0.003	-0.114	
53.10	0.504	0.001	-0.105	
53.13	0.504	-0.003	-0.072	
53.17	0.504	-0.003	-0.040	
53.20	0.504	-0.005	-0.033	
53.23	0.503	-0.006	-0.009	
53.27	0.503	-0.006	0.011	
53.30	0.503	-0.005	0.017	
53.33	0.503	-0.005	0.021	
53.37	0.502	-0.003	0.012	
53.40	0.503	-0.003	-0.007	
53.43	0.502	-0.004	-0.007	
53.47	0.502	-0.004	0.008	
53.50	0.502	-0.003	0.012	
53.53	0.502	-0.003	0.003	
53.57	0.502	-0.004	0.011	
53.60	0.502	-0.003	0.023	
53.63	0.502	-0.001	0.011	
53.67	0.502	-0.002	0.001	
53.70	0.501	-0.002	0.012	
53.73	0.502	-0.001	0.015	
53.77	0.501	-0.001	0.021	
53.80	0.501	0.001	0.015	
53.83	0.502	0.000	-0.003	
53.87	0.501	0.000	-0.003	
53.90	0.502	0.000	0.001	
53.93	0.501	0.000	0.010	
53.97	0.502	0.001	0.019	
54.00	0.501	0.002	0.015	
54.03	0.502	0.002	-0.000	
54.07	0.502	0.001	0.001	
54.10	0.502	0.002	0.005	
54.13	0.502	0.002	0.000	
54.17	0.502	0.001	0.014	
54.20	0.502	0.003	0.030	
54.23	0.502	0.004	0.018	
54.27	0.502	0.004	-0.008	
54.30	0.502	0.003	-0.019	
54.33	0.502	0.003	-0.011	
54.37	0.503	0.002	-0.001	
54.40	0.502	0.002	0.017	
54.43	0.503	0.005	-0.001	
54.47	0.503	0.003	-0.037	
54.50	0.503	0.001	-0.033	
54.53	0.503	0.000	-0.018	
54.57	0.503	0.000	-0.010	
54.60	0.503	-0.000	-0.012	
54.63	0.503	-0.001	-0.019	
54.67	0.503	-0.002	-0.015	
54.70	0.503	-0.002	-0.000	
54.73	0.503	-0.001	-0.004	
54.77	0.503	-0.002	-0.012	
54.80	0.503	-0.002	-0.008	
54.83	0.502	-0.003	-0.007	
54.87	0.502	-0.003	-0.008	
54.90	0.502	-0.003	-0.011	
54.93	0.502	-0.004	-0.000	
54.97	0.502	-0.003	0.010	
55.00	0.502	-0.003	0.005	
55.03	0.502	-0.003	0.003	
55.07	0.502	-0.003	0.004	
55.10	0.502	-0.003	0.023	
55.13	0.502	-0.000	0.015	
55.17	0.502	-0.002	-0.003	
55.20	0.501	-0.002	0.011	
55.23	0.502	-0.001	0.016	
55.27	0.501	-0.000	0.011	
55.30	0.502	0.000	0.008	
55.33	0.501	0.000	0.012	
55.37	0.502	0.001	0.023	
55.40	0.501	0.002	0.026	
55.43	0.502	0.003	0.023	
55.47	0.502	0.003	0.026	
55.50	0.502	0.005	0.023	
55.53	0.502	0.005	0.011	
55.57	0.502	0.005	0.004	
55.60	0.502	0.005	0.001	
55.63	0.503	0.005	0.001	
55.67	0.503	0.005	0.006	
55.70	0.503	0.005	0.010	
55.73	0.503	0.006	0.010	
55.77	0.503	0.007	-0.022	
55.80	0.504	0.004	-0.044	
55.83	0.504	0.003	-0.026	
55.87	0.504	0.003	-0.011	
55.90	0.504	0.003	-0.003	
55.93	0.504	0.003	-0.005	
55.97	0.504	0.002	-0.013	
56.00	0.504	0.002	-0.032	
56.03	0.504	0.001	-0.071	
56.07	0.504	-0.002	-0.137	
56.10	0.504	-0.007	-0.216	
56.13	0.504	-0.022	-0.101	
56.17	0.502	-0.021	0.216	
56.20	0.502	-0.003	0.380	
56.23	0.502	0.015	0.230	
56.27	0.504	0.017	-0.075	
56.30	0.504	0.003	-0.203	
56.33	0.504	-0.003	-0.131	
56.37	0.503	-0.005	-0.044	
56.40	0.503	-0.005	0.011	
56.43	0.503	-0.004	0.037	
56.47	0.503	-0.000	0.007	
56.50	0.503	-0.003	-0.043	
56.53	0.503	-0.005	-0.050	
56.57	0.503	-0.007	-0.028	
56.60	0.502	-0.007	0.006	
56.63	0.502	-0.006	0.020	
56.67	0.502	-0.005	0.013	
56.70	0.502	-0.005	-0.018	
56.73	0.501	-0.005	-0.093	
56.77	0.502	-0.009	-0.190	
56.80	0.501	-0.023	-0.125	
56.83	0.500	-0.024	0.103	
56.87	0.499	-0.011	0.191	
56.90	0.499	-0.006	0.137	
56.93	0.499	-0.003	0.082	
56.97	0.499	-0.001	0.037	
57.00	0.499	-0.001	0.016	
57.03	0.499	-0.001	0.026	
57.07	0.499	0.001	0.045	
57.10	0.499	0.004	0.009	
57.13	0.499	0.001	-0.019	
57.17	0.499	0.001	0.013	
57.20	0.499	0.001	0.077	
57.23	0.499	0.006	0.143	
57.27	0.500	0.011	0.173	
57.30	0.500	0.022	0.073	
57.33	0.501	0.020	-0.125	
57.37	0.501	0.008	-0.176	
57.40	0.502	0.004	-0.099	
57.43	0.501	0.003	-0.037	
57.47	0.502	0.003	-0.008	
57.50	0.502	0.003	-0.002	
57.53	0.502	0.003	-0.004	
57.57	0.502	0.002	-0.010	
57.60	0.502	0.002	-0.018	
57.63	0.502	0.001	-0.011	
57.67	0.502	0.001	0.008	
57.70	0.502	0.002	0.013	
57.73	0.502	0.002	-0.001	
57.77	0.502	0.001	-0.007	
57.80	0.502	0.002	-0.029	
57.83	0.502	-0.001	-0.037	
57.87	0.502	-0.002	-0.008	
57.90	0.502	-0.001	-0.001	
57.93	0.502	-0.001	-0.018	
57.97	0.502	-0.002	-0.050	
58.00	0.502	-0.003	-0.095	
58.03	0.502	-0.007	-0.139	
58.07	0.502	-0.019	-0.019	
58.10	0.500	-0.015	0.263	
58.13	0.500	0.011	0.228	
58.17	0.502	0.006	0.026	
58.20	0.500	0.004	0.014	
58.23	0.502	0.011	-0.091	
58.27	0.502	-0.001	-0.196	
58.30	0.502	-0.007	-0.163	
58.33	0.501	-0.019	0.073	
58.37	0.500	-0.002	0.298	
58.40	0.501	0.015	0.128	
58.43	0.502	0.007	-0.090	
58.47	0.502	0.001	-0.101	
58.50	0.501	-0.001	-0.052	
58.53	0.502	-0.002	-0.007	
58.57	0.501	-0.000	0.015	
58.60	0.502	0.000	0.016	
58.63	0.501	0.000	0.019	
58.67	0.502	0.002	0.015	
58.70	0.501	0.001	0.019	
58.73	0.502	0.003	0.027	
58.77	0.502	0.004	0.013	
58.80	0.502	0.003	0.008	
58.83	0.502	0.003	0.026	
58.87	0.502	0.005	0.037	
58.90	0.502	0.007	0.022	
58.93	0.503	0.007	-0.005	
58.97	0.503	0.006	-0.010	
59.00	0.503	0.006	0.003	
59.03	0.503	0.006	0.008	
59.07	0.503	0.008	-0.050	
59.10	0.504	0.004	-0.150	
59.13	0.504	-0.002	-0.233	
59.17	0.504	-0.018	-0.119	
59.20	0.502	-0.017	0.193	
59.23	0.502	0.001	0.338	
59.27	0.502	0.018	0.146	
59.30	0.504	0.009	-0.035	
59.33	0.502	0.007	-0.025	
59.37	0.504	0.014	-0.174	
59.40	0.504	-0.002	-0.354	
59.43	0.504	-0.020	-0.238	
59.47	0.502	-0.025	0.083	
59.50	0.502	-0.010	0.304	
59.53	0.502	0.001	0.332	
59.57	0.502	0.017	0.166	
59.60	0.504	0.017	-0.132	
59.63	0.504	0.001	-0.227	
59.67	0.503	-0.005	-0.120	
59.70	0.503	-0.005	-0.024	
59.73	0.503	-0.004	0.019	
59.77	0.503	-0.002	0.001	
59.80	0.503	-0.004	-0.030	
59.83	0.502	-0.005	-0.059	
59.87	0.502	-0.007	-0.124	
59.90	0.502	-0.011	-0.208	
59.93	0.502	-0.026	-0.150	
59.97	0.500	-0.027	0.060	
60.00	0.500	-0.015	0.236	
