Vernier Format 2
.4.txt 1/28/2019 20:15:26
Run 1
Time	Position	Velocity	Acceleration	
T	P	V	A	
s	m	m/s	m/s^2	

0.00	0.501	0.033	-0.476	
0.03	0.503	0.016	-0.430	
0.07	0.503	-0.001	-0.313	
0.10	0.502	-0.006	-0.159	
0.13	0.502	-0.008	-0.102	
0.17	0.502	-0.010	-0.122	
0.20	0.502	-0.013	-0.199	
0.23	0.501	-0.029	-0.123	
0.27	0.499	-0.028	0.129	
0.30	0.499	-0.014	0.220	
0.33	0.499	-0.009	0.184	
0.37	0.499	-0.005	0.201	
0.40	0.498	0.002	0.244	
0.43	0.498	0.017	0.132	
0.47	0.500	0.016	-0.110	
0.50	0.500	0.003	-0.180	
0.53	0.500	-0.001	-0.093	
0.57	0.500	-0.002	-0.011	
0.60	0.499	-0.000	0.030	
0.63	0.500	0.001	0.026	
0.67	0.500	0.001	0.028	
0.70	0.500	0.003	0.042	
0.73	0.500	0.005	0.042	
0.77	0.500	0.006	0.040	
0.80	0.500	0.007	0.042	
0.83	0.501	0.008	0.048	
0.87	0.501	0.010	0.066	
0.90	0.501	0.014	0.035	
0.93	0.502	0.013	-0.018	
0.97	0.502	0.011	-0.022	
1.00	0.502	0.011	-0.010	
1.03	0.503	0.012	-0.017	
1.07	0.503	0.010	-0.033	
1.10	0.503	0.008	-0.026	
1.13	0.504	0.008	-0.008	
1.17	0.504	0.008	0.002	
1.20	0.504	0.009	-0.012	
1.23	0.505	0.008	-0.034	
1.27	0.505	0.006	-0.034	
1.30	0.505	0.005	-0.030	
1.33	0.505	0.004	-0.038	
1.37	0.505	0.003	-0.046	
1.40	0.505	0.001	-0.039	
1.43	0.505	0.000	-0.031	
1.47	0.505	-0.001	-0.039	
1.50	0.505	-0.003	-0.049	
1.53	0.505	-0.005	-0.044	
1.57	0.505	-0.006	-0.032	
1.60	0.505	-0.007	-0.017	
1.63	0.504	-0.007	-0.002	
1.67	0.504	-0.005	-0.027	
1.70	0.504	-0.009	-0.045	
1.73	0.504	-0.010	-0.030	
1.77	0.504	-0.010	-0.022	
1.80	0.503	-0.011	-0.024	
1.83	0.503	-0.012	-0.023	
1.87	0.502	-0.013	-0.011	
1.90	0.502	-0.013	-0.003	
1.93	0.501	-0.013	0.004	
1.97	0.501	-0.013	0.015	
2.00	0.500	-0.012	0.034	
2.03	0.500	-0.010	0.045	
2.07	0.500	-0.008	0.038	
2.10	0.500	-0.008	0.027	
2.13	0.499	-0.007	0.028	
2.17	0.499	-0.006	0.028	
2.20	0.499	-0.005	0.028	
2.23	0.499	-0.004	0.044	
2.27	0.499	-0.002	0.067	
2.30	0.499	0.000	0.078	
2.33	0.499	0.003	0.075	
2.37	0.499	0.007	0.031	
2.40	0.499	0.005	0.002	
2.43	0.499	0.005	0.013	
2.47	0.500	0.006	0.002	
2.50	0.500	0.006	-0.004	
2.53	0.500	0.005	0.009	
2.57	0.500	0.006	0.031	
2.60	0.500	0.008	0.048	
2.63	0.500	0.010	0.044	
2.67	0.501	0.011	0.034	
2.70	0.501	0.012	0.019	
2.73	0.502	0.012	-0.004	
2.77	0.502	0.011	-0.015	
2.80	0.502	0.012	-0.029	
2.83	0.503	0.010	-0.049	
2.87	0.503	0.007	-0.034	
2.90	0.503	0.007	-0.012	
2.93	0.504	0.007	-0.014	
2.97	0.504	0.006	-0.016	
3.00	0.504	0.006	-0.028	
3.03	0.504	0.005	-0.042	
3.07	0.504	0.002	-0.020	
3.10	0.504	0.003	0.005	
3.13	0.505	0.005	-0.029	
3.17	0.505	0.001	-0.081	
3.20	0.505	-0.001	-0.107	
3.23	0.505	-0.005	-0.118	
3.27	0.505	-0.016	0.040	
3.30	0.503	-0.003	0.170	
3.33	0.504	0.009	-0.058	
3.37	0.504	-0.006	-0.265	
3.40	0.504	-0.023	-0.090	
3.43	0.502	-0.019	0.236	
3.47	0.502	0.007	0.209	
3.50	0.504	0.006	-0.094	
3.53	0.503	-0.015	-0.050	
3.57	0.501	-0.003	0.122	
3.60	0.503	0.009	-0.053	
3.63	0.503	-0.006	-0.213	
3.67	0.502	-0.019	-0.062	
3.70	0.500	-0.008	0.041	
3.73	0.502	-0.001	-0.218	
3.77	0.502	-0.032	-0.238	
3.80	0.499	-0.032	0.126	
3.83	0.499	-0.015	0.279	
3.87	0.498	-0.007	0.242	
3.90	0.499	0.003	0.130	
3.93	0.499	0.001	0.042	
3.97	0.499	0.002	0.052	
4.00	0.499	0.005	0.062	
4.03	0.499	0.008	0.030	
4.07	0.499	0.007	-0.000	
4.10	0.499	0.007	-0.015	
4.13	0.500	0.006	-0.042	
4.17	0.500	0.003	-0.038	
4.20	0.500	0.002	0.008	
4.23	0.500	0.005	0.040	
4.27	0.500	0.006	0.027	
4.30	0.500	0.006	0.014	
4.33	0.501	0.007	0.005	
4.37	0.501	0.007	-0.014	
4.40	0.501	0.006	-0.020	
4.43	0.501	0.005	-0.015	
4.47	0.502	0.005	-0.018	
4.50	0.502	0.004	-0.029	
4.53	0.502	0.003	-0.037	
4.57	0.502	0.001	-0.029	
4.60	0.502	0.002	-0.043	
4.63	0.502	-0.002	-0.038	
4.67	0.502	-0.002	-0.001	
4.70	0.502	-0.000	-0.016	
4.73	0.502	-0.003	-0.027	
4.77	0.502	-0.003	-0.018	
4.80	0.502	-0.004	-0.023	
4.83	0.501	-0.005	-0.006	
4.87	0.501	-0.004	0.003	
4.90	0.501	-0.004	-0.020	
4.93	0.501	-0.006	-0.024	
4.97	0.501	-0.006	-0.022	
5.00	0.501	-0.006	-0.041	
5.03	0.500	-0.009	-0.041	
5.07	0.500	-0.010	-0.018	
5.10	0.500	-0.010	0.001	
5.13	0.499	-0.010	0.019	
5.17	0.499	-0.009	0.028	
5.20	0.499	-0.009	0.052	
5.23	0.498	-0.005	0.077	
5.27	0.498	-0.002	0.071	
5.30	0.498	0.001	0.033	
5.33	0.499	-0.000	-0.008	
5.37	0.498	-0.001	-0.008	
5.40	0.498	-0.001	0.001	
5.43	0.498	-0.001	0.014	
5.47	0.498	0.000	0.027	
5.50	0.498	0.001	0.017	
5.53	0.498	0.001	0.021	
5.57	0.498	0.001	0.060	
5.60	0.498	0.005	0.116	
5.63	0.499	0.009	0.181	
5.67	0.499	0.015	0.258	
5.70	0.499	0.032	0.162	
5.73	0.502	0.033	-0.107	
5.77	0.502	0.018	-0.194	
5.80	0.502	0.014	-0.114	
5.83	0.503	0.012	-0.059	
5.87	0.503	0.011	-0.026	
5.90	0.503	0.010	-0.002	
5.93	0.504	0.011	0.017	
5.97	0.504	0.012	0.028	
6.00	0.505	0.014	-0.008	
6.03	0.505	0.011	-0.048	
6.07	0.505	0.009	-0.036	
6.10	0.506	0.009	-0.030	
6.13	0.506	0.008	-0.034	
6.17	0.506	0.006	-0.028	
6.20	0.506	0.006	-0.038	
6.23	0.507	0.004	-0.061	
6.27	0.507	0.001	-0.057	
6.30	0.507	0.000	-0.038	
6.33	0.507	-0.001	-0.037	
6.37	0.507	-0.002	-0.043	
6.40	0.506	-0.003	-0.056	
6.43	0.507	-0.006	-0.067	
6.47	0.506	-0.009	-0.049	
6.50	0.506	-0.010	-0.016	
6.53	0.505	-0.009	-0.010	
6.57	0.505	-0.010	-0.016	
6.60	0.505	-0.010	-0.014	
6.63	0.505	-0.011	-0.013	
6.67	0.504	-0.012	0.005	
6.70	0.504	-0.010	0.020	
6.73	0.503	-0.010	0.014	
6.77	0.503	-0.008	-0.026	
6.80	0.503	-0.012	-0.058	
6.83	0.502	-0.014	-0.056	
6.87	0.502	-0.014	-0.089	
6.90	0.501	-0.017	-0.160	
6.93	0.501	-0.030	-0.074	
6.97	0.499	-0.030	0.230	
7.00	0.499	-0.011	0.427	
7.03	0.498	0.010	0.284	
7.07	0.500	0.013	-0.026	
7.10	0.500	0.001	-0.144	
7.13	0.500	-0.003	-0.077	
7.17	0.499	-0.003	-0.040	
7.20	0.499	-0.002	-0.090	
7.23	0.499	-0.006	-0.183	
7.27	0.499	-0.020	-0.109	
7.30	0.497	-0.020	0.136	
7.33	0.498	-0.006	0.233	
7.37	0.497	0.001	0.167	
7.40	0.498	0.005	0.096	
7.43	0.498	0.006	0.058	
7.47	0.498	0.009	0.030	
7.50	0.498	0.008	0.010	
7.53	0.499	0.008	0.020	
7.57	0.499	0.009	0.043	
7.60	0.499	0.012	0.051	
7.63	0.500	0.013	0.053	
7.67	0.500	0.014	0.064	
7.70	0.501	0.017	0.051	
7.73	0.501	0.024	-0.124	
7.77	0.503	0.008	-0.277	
7.80	0.501	-0.006	-0.110	
7.83	0.502	0.002	0.044	
7.87	0.502	0.004	0.025	
7.90	0.502	0.003	-0.002	
7.93	0.502	0.003	-0.020	
7.97	0.502	0.002	-0.027	
8.00	0.502	0.001	-0.027	
8.03	0.502	0.000	-0.021	
8.07	0.502	-0.001	-0.020	
8.10	0.502	-0.002	-0.013	
8.13	0.502	-0.002	-0.001	
8.17	0.502	-0.000	-0.026	
8.20	0.502	-0.004	-0.045	
8.23	0.502	-0.005	-0.027	
8.27	0.502	-0.005	-0.015	
8.30	0.501	-0.005	-0.013	
8.33	0.501	-0.006	-0.019	
8.37	0.501	-0.007	-0.015	
8.40	0.501	-0.007	0.000	
8.43	0.501	-0.006	-0.000	
8.47	0.501	-0.007	-0.001	
8.50	0.500	-0.007	0.011	
8.53	0.500	-0.006	0.008	
8.57	0.500	-0.006	-0.007	
8.60	0.500	-0.007	-0.003	
8.63	0.499	-0.007	0.023	
8.67	0.499	-0.005	0.041	
8.70	0.499	-0.003	0.037	
8.73	0.499	-0.003	0.028	
8.77	0.499	-0.002	0.034	
8.80	0.499	-0.000	0.038	
8.83	0.499	0.001	0.038	
8.87	0.499	0.003	0.020	
8.90	0.499	0.002	0.013	
8.93	0.499	0.003	0.030	
8.97	0.499	0.004	0.027	
9.00	0.499	0.005	0.014	
9.03	0.500	0.005	0.005	
9.07	0.500	0.005	0.002	
9.10	0.500	0.005	0.003	
9.13	0.500	0.005	0.006	
9.17	0.500	0.006	0.008	
9.20	0.500	0.006	-0.007	
9.23	0.501	0.005	-0.023	
9.27	0.501	0.004	-0.011	
9.30	0.501	0.005	-0.004	
9.33	0.501	0.004	-0.016	
9.37	0.501	0.003	-0.020	
9.40	0.501	0.003	-0.015	
9.43	0.501	0.002	-0.015	
9.47	0.501	0.002	-0.024	
9.50	0.502	0.001	-0.025	
9.53	0.501	0.000	-0.017	
9.57	0.502	-0.000	-0.016	
9.60	0.501	-0.001	-0.013	
9.63	0.501	-0.000	-0.037	
9.67	0.501	-0.004	-0.055	
9.70	0.501	-0.005	-0.038	
9.73	0.501	-0.007	-0.088	
9.77	0.501	-0.006	-0.004	
9.80	0.501	-0.006	-0.020	
9.83	0.500	-0.007	-0.030	
9.87	0.500	-0.008	-0.033	
9.90	0.500	-0.010	-0.025	
9.93	0.500	-0.010	-0.008	
9.97	0.499	-0.010	0.007	
10.00	0.499	-0.010	0.022	
10.03	0.498	-0.008	0.025	
10.07	0.498	-0.008	0.019	
10.10	0.498	-0.007	0.017	
10.13	0.498	-0.006	0.009	
10.17	0.498	-0.007	0.012	
10.20	0.497	-0.006	0.039	
10.23	0.497	-0.004	0.052	
10.27	0.497	-0.002	0.048	
10.30	0.497	-0.001	0.056	
10.33	0.497	0.002	0.035	
10.37	0.497	0.001	0.013	
10.40	0.497	0.002	0.016	
10.43	0.497	0.003	0.017	
10.47	0.497	0.003	0.026	
10.50	0.498	0.005	0.028	
10.53	0.498	0.005	0.027	
10.57	0.498	0.006	0.038	
10.60	0.498	0.008	0.045	
10.63	0.498	0.010	0.034	
10.67	0.499	0.010	0.019	
10.70	0.499	0.010	0.015	
10.73	0.499	0.011	0.016	
10.77	0.500	0.012	0.004	
10.80	0.500	0.012	-0.022	
10.83	0.501	0.009	-0.021	
10.87	0.501	0.010	-0.007	
10.90	0.501	0.010	-0.006	
10.93	0.501	0.009	0.008	
10.97	0.502	0.010	0.021	
11.00	0.502	0.011	0.013	
11.03	0.502	0.012	-0.034	
11.07	0.503	0.008	-0.076	
11.10	0.503	0.006	-0.067	
11.13	0.503	0.003	-0.042	
11.17	0.503	0.003	-0.023	
11.20	0.504	0.003	-0.040	
11.23	0.504	0.000	-0.061	
11.27	0.504	-0.002	-0.056	
11.30	0.503	-0.003	-0.052	
11.33	0.503	-0.005	-0.051	
11.37	0.503	-0.007	-0.039	
11.40	0.503	-0.008	-0.027	
11.43	0.502	-0.008	-0.027	
11.47	0.502	-0.010	-0.023	
11.50	0.502	-0.010	-0.012	
11.53	0.502	-0.010	-0.005	
11.57	0.501	-0.010	-0.005	
11.60	0.501	-0.010	-0.009	
11.63	0.500	-0.011	-0.011	
11.67	0.500	-0.012	0.003	
11.70	0.500	-0.011	0.033	
11.73	0.499	-0.008	0.019	
11.77	0.499	-0.010	-0.007	
11.80	0.499	-0.010	0.001	
11.83	0.499	-0.010	0.017	
11.87	0.498	-0.008	0.025	
11.90	0.498	-0.008	0.023	
11.93	0.498	-0.007	0.030	
11.97	0.498	-0.006	0.034	
12.00	0.497	-0.005	0.034	
12.03	0.497	-0.003	0.031	
12.07	0.497	-0.003	0.024	
12.10	0.497	-0.002	0.031	
12.13	0.497	-0.000	0.038	
12.17	0.497	0.001	0.045	
12.20	0.497	0.003	0.048	
12.23	0.497	0.004	0.034	
12.27	0.497	0.005	0.017	
12.30	0.498	0.005	0.011	
12.33	0.498	0.005	0.023	
12.37	0.498	0.006	0.048	
12.40	0.498	0.009	0.065	
12.43	0.498	0.012	0.030	
12.47	0.499	0.011	-0.013	
12.50	0.499	0.010	-0.021	
12.53	0.500	0.009	-0.009	
12.57	0.500	0.010	0.001	
12.60	0.500	0.010	-0.011	
12.63	0.500	0.009	-0.022	
12.67	0.501	0.009	-0.043	
12.70	0.501	0.006	-0.067	
12.73	0.501	0.002	-0.026	
12.77	0.501	0.004	0.021	
12.80	0.502	0.006	0.001	
12.83	0.501	0.004	-0.014	
12.87	0.502	0.004	-0.021	
12.90	0.502	0.003	-0.033	
12.93	0.502	0.002	-0.042	
12.97	0.502	0.000	-0.048	
13.00	0.502	-0.002	-0.037	
13.03	0.502	-0.003	-0.021	
13.07	0.502	-0.003	-0.018	
13.10	0.501	-0.004	-0.015	
13.13	0.501	-0.003	-0.036	
13.17	0.501	-0.007	-0.044	
13.20	0.501	-0.008	0.002	
13.23	0.501	-0.006	0.028	
13.27	0.501	-0.004	0.001	
13.30	0.501	-0.005	-0.036	
13.33	0.500	-0.008	-0.045	
13.37	0.500	-0.009	-0.019	
13.40	0.500	-0.009	0.026	
13.43	0.499	-0.007	0.064	
13.47	0.499	-0.005	0.080	
13.50	0.499	-0.001	0.058	
13.53	0.499	0.001	0.002	
13.57	0.499	-0.002	-0.033	
13.60	0.499	-0.003	-0.030	
13.63	0.499	-0.004	-0.003	
13.67	0.499	-0.004	0.043	
13.70	0.499	-0.001	0.063	
13.73	0.499	0.002	0.051	
13.77	0.499	0.003	0.035	
13.80	0.499	0.003	0.034	
13.83	0.499	0.006	0.012	
13.87	0.499	0.004	-0.013	
13.90	0.499	0.005	-0.042	
13.93	0.500	0.002	-0.058	
13.97	0.499	-0.002	0.020	
14.00	0.499	0.002	0.109	
14.03	0.499	0.010	0.061	
14.07	0.500	0.007	-0.006	
14.10	0.500	0.005	0.039	
14.13	0.500	0.011	0.039	
14.17	0.501	0.011	-0.037	
14.20	0.501	0.007	-0.070	
14.23	0.501	0.005	-0.066	
14.27	0.502	0.003	-0.052	
14.30	0.501	0.001	-0.022	
14.33	0.502	0.001	0.008	
14.37	0.501	0.002	0.013	
14.40	0.502	0.003	-0.022	
14.43	0.502	0.000	-0.045	
14.47	0.502	-0.001	-0.030	
14.50	0.501	-0.002	-0.009	
14.53	0.502	-0.000	-0.033	
14.57	0.502	-0.004	-0.060	
14.60	0.501	-0.005	-0.059	
14.63	0.501	-0.008	-0.053	
14.67	0.501	-0.009	-0.032	
14.70	0.501	-0.010	-0.014	
14.73	0.500	-0.009	-0.015	
14.77	0.500	-0.011	-0.002	
14.80	0.499	-0.011	0.040	
14.83	0.499	-0.007	0.037	
14.87	0.499	-0.007	-0.008	
14.90	0.499	-0.009	-0.021	
14.93	0.498	-0.009	0.002	
14.97	0.498	-0.008	0.016	
15.00	0.498	-0.008	0.019	
15.03	0.498	-0.007	0.029	
15.07	0.497	-0.006	0.049	
15.10	0.497	-0.003	0.047	
15.13	0.497	-0.002	0.015	
15.17	0.497	-0.004	0.009	
15.20	0.497	-0.003	0.044	
15.23	0.497	0.001	0.036	
15.27	0.497	-0.000	0.022	
15.30	0.497	0.001	0.044	
15.33	0.497	0.004	0.028	
15.37	0.497	0.002	0.029	
15.40	0.497	0.004	0.068	
15.43	0.497	0.009	0.050	
15.47	0.498	0.008	0.016	
15.50	0.498	0.009	0.028	
15.53	0.498	0.010	0.070	
15.57	0.499	0.012	0.147	
15.60	0.499	0.018	0.240	
15.63	0.499	0.035	0.139	
15.67	0.502	0.035	-0.179	
15.70	0.502	0.017	-0.360	
15.73	0.503	0.006	-0.366	
15.77	0.503	-0.012	-0.197	
15.80	0.501	-0.012	0.106	
15.83	0.501	0.002	0.221	
15.87	0.502	0.008	0.156	
15.90	0.502	0.011	0.111	
15.93	0.503	0.014	0.106	
15.97	0.503	0.015	0.151	
16.00	0.503	0.028	0.077	
16.03	0.506	0.027	-0.174	
16.07	0.506	0.011	-0.298	
16.10	0.506	0.003	-0.291	
16.13	0.506	-0.005	-0.314	
16.17	0.506	-0.022	-0.204	
16.20	0.504	-0.025	0.061	
16.23	0.504	-0.012	0.156	
16.27	0.503	-0.009	0.087	
16.30	0.503	-0.008	0.032	
16.33	0.503	-0.008	0.004	
16.37	0.503	-0.008	-0.004	
16.40	0.502	-0.008	-0.011	
16.43	0.502	-0.008	-0.019	
16.47	0.502	-0.010	-0.015	
16.50	0.502	-0.010	-0.003	
16.53	0.501	-0.009	-0.005	
16.57	0.501	-0.010	-0.011	
16.60	0.500	-0.011	0.008	
16.63	0.500	-0.008	0.000	
16.67	0.500	-0.011	-0.007	
16.70	0.499	-0.010	0.016	
16.73	0.499	-0.009	0.017	
16.77	0.499	-0.009	0.025	
16.80	0.499	-0.008	0.039	
16.83	0.498	-0.006	0.035	
16.87	0.498	-0.003	0.029	
16.90	0.498	-0.004	0.034	
16.93	0.498	-0.003	0.036	
16.97	0.498	-0.001	0.020	
17.00	0.498	-0.002	0.015	
17.03	0.498	-0.001	0.034	
17.07	0.498	0.001	0.032	
17.10	0.498	0.002	0.009	
17.13	0.498	0.001	0.013	
17.17	0.498	0.001	0.046	
17.20	0.498	0.005	0.066	
17.23	0.498	0.007	0.061	
17.27	0.499	0.008	0.086	
17.30	0.499	0.010	0.164	
17.33	0.499	0.018	0.235	
17.37	0.500	0.033	0.119	
17.40	0.502	0.032	-0.155	
17.43	0.502	0.015	-0.241	
17.47	0.502	0.010	-0.139	
17.50	0.503	0.008	-0.058	
17.53	0.503	0.008	-0.025	
17.57	0.503	0.007	-0.031	
17.60	0.503	0.005	-0.034	
17.63	0.504	0.004	-0.016	
17.67	0.504	0.005	-0.005	
17.70	0.504	0.004	-0.020	
17.73	0.504	0.003	-0.030	
17.77	0.504	0.002	-0.033	
17.80	0.504	0.001	-0.026	
17.83	0.504	0.000	-0.013	
17.87	0.504	0.000	-0.009	
17.90	0.504	-0.000	-0.015	
17.93	0.504	-0.001	-0.027	
17.97	0.504	-0.002	-0.029	
18.00	0.504	-0.004	-0.008	
18.03	0.504	-0.002	-0.005	
18.07	0.504	-0.004	-0.009	
18.10	0.504	-0.003	-0.005	
18.13	0.504	-0.003	-0.022	
18.17	0.503	-0.005	-0.033	
18.20	0.503	-0.006	-0.036	
18.23	0.503	-0.007	-0.025	
18.27	0.503	-0.008	0.012	
18.30	0.502	-0.006	0.036	
18.33	0.502	-0.005	0.036	
18.37	0.502	-0.004	0.041	
18.40	0.502	-0.002	0.027	
18.43	0.502	-0.002	0.008	
18.47	0.502	-0.002	0.010	
18.50	0.502	-0.001	0.006	
18.53	0.502	-0.002	0.011	
18.57	0.502	-0.001	0.035	
18.60	0.502	0.001	0.039	
18.63	0.502	0.002	0.028	
18.67	0.502	0.002	0.041	
18.70	0.502	0.005	0.049	
18.73	0.502	0.007	0.008	
18.77	0.502	0.005	-0.014	
18.80	0.502	0.005	-0.002	
18.83	0.503	0.005	0.001	
18.87	0.503	0.005	0.002	
18.90	0.503	0.005	0.000	
18.93	0.503	0.005	-0.001	
18.97	0.504	0.005	-0.005	
19.00	0.504	0.005	-0.015	
19.03	0.504	0.004	-0.029	
19.07	0.504	0.003	-0.033	
19.10	0.504	0.001	-0.011	
19.13	0.504	0.002	0.006	
19.17	0.504	0.002	0.002	
19.20	0.504	0.002	-0.008	
19.23	0.504	0.002	-0.022	
19.27	0.504	0.001	-0.027	
19.30	0.504	0.000	-0.025	
19.33	0.504	-0.001	-0.028	
19.37	0.504	-0.002	-0.025	
19.40	0.504	-0.003	-0.005	
19.43	0.504	-0.001	-0.027	
19.47	0.504	-0.004	-0.060	
19.50	0.504	-0.007	-0.045	
19.53	0.504	-0.008	-0.026	
19.57	0.503	-0.008	-0.023	
19.60	0.503	-0.008	-0.044	
19.63	0.503	-0.010	-0.089	
19.67	0.502	-0.014	-0.148	
19.70	0.502	-0.019	-0.209	
19.73	0.502	-0.033	-0.113	
19.77	0.499	-0.033	0.143	
19.80	0.499	-0.017	0.234	
19.83	0.498	-0.012	0.187	
19.87	0.498	-0.008	0.197	
19.90	0.498	-0.001	0.252	
19.93	0.498	0.015	0.156	
19.97	0.499	0.015	-0.096	
20.00	0.499	0.001	-0.174	
20.03	0.499	-0.003	-0.077	
20.07	0.499	-0.002	-0.011	
20.10	0.499	-0.002	0.014	
20.13	0.499	-0.000	0.022	
20.17	0.499	0.000	0.020	
20.20	0.499	0.001	0.026	
20.23	0.499	0.002	0.021	
20.27	0.499	0.003	-0.015	
20.30	0.499	0.002	-0.077	
20.33	0.499	-0.000	-0.171	
20.37	0.500	-0.015	-0.106	
20.40	0.498	-0.015	0.143	
20.43	0.498	0.001	0.231	
20.47	0.498	0.007	0.161	
20.50	0.499	0.010	0.126	
20.53	0.499	0.012	0.155	
20.57	0.499	0.018	0.213	
20.60	0.500	0.033	0.099	
20.63	0.502	0.031	-0.184	
20.67	0.502	0.015	-0.328	
20.70	0.503	0.005	-0.322	
20.73	0.503	-0.011	-0.159	
20.77	0.501	-0.009	0.106	
20.80	0.502	0.004	0.163	
20.83	0.502	0.006	0.077	
20.87	0.502	0.006	0.024	
20.90	0.502	0.007	0.000	
20.93	0.503	0.006	-0.002	
20.97	0.503	0.005	0.028	
21.00	0.503	0.008	0.054	
21.03	0.503	0.017	-0.110	
21.07	0.505	0.002	-0.292	
21.10	0.503	-0.015	-0.157	
21.13	0.503	-0.010	0.023	
21.17	0.503	-0.007	0.043	
21.20	0.503	-0.006	0.007	
21.23	0.502	-0.007	-0.022	
21.27	0.502	-0.008	-0.018	
21.30	0.502	-0.010	0.033	
21.33	0.502	-0.008	0.134	
21.37	0.501	-0.002	0.233	
21.40	0.501	0.014	0.142	
21.43	0.503	0.014	-0.119	
21.47	0.502	0.001	-0.267	
21.50	0.502	-0.008	-0.294	
21.53	0.502	-0.017	-0.304	
21.57	0.502	-0.034	-0.146	
21.60	0.499	-0.032	0.156	
21.63	0.499	-0.015	0.247	
21.67	0.499	-0.010	0.157	
21.70	0.499	-0.007	0.115	
21.73	0.498	-0.005	0.133	
21.77	0.498	0.001	0.140	
21.80	0.498	0.013	-0.052	
21.83	0.500	-0.002	-0.230	
21.87	0.498	-0.016	-0.061	
21.90	0.498	-0.005	0.106	
21.93	0.498	-0.002	0.092	
21.97	0.498	0.001	0.058	
22.00	0.498	0.002	0.026	
22.03	0.498	0.002	0.012	
22.07	0.498	0.001	0.033	
22.10	0.498	0.004	0.066	
22.13	0.498	0.007	0.062	
22.17	0.499	0.010	0.005	
22.20	0.499	0.007	-0.025	
22.23	0.499	0.006	0.026	
22.27	0.499	0.007	0.119	
22.30	0.499	0.012	0.223	
22.33	0.500	0.028	0.140	
22.37	0.502	0.029	-0.165	
22.40	0.502	0.012	-0.356	
22.43	0.502	0.001	-0.385	
22.47	0.503	-0.019	-0.225	
22.50	0.500	-0.020	0.112	
22.53	0.501	-0.003	0.227	
22.57	0.501	0.002	0.137	
22.60	0.501	0.005	0.050	
22.63	0.501	0.004	-0.020	
22.67	0.501	0.002	-0.048	
22.70	0.501	-0.000	-0.037	
22.73	0.501	-0.002	0.018	
22.77	0.501	0.002	0.052	
22.80	0.501	0.005	0.004	
22.83	0.501	0.002	-0.040	
22.87	0.501	0.001	-0.069	
22.90	0.501	-0.003	-0.098	
22.93	0.501	-0.006	-0.101	
22.97	0.501	-0.011	-0.062	
23.00	0.500	-0.011	0.011	
23.03	0.500	-0.009	0.044	
23.07	0.500	-0.007	0.035	
23.10	0.500	-0.005	-0.003	
23.13	0.500	-0.008	-0.025	
23.17	0.499	-0.010	0.029	
23.20	0.499	-0.006	0.092	
23.23	0.499	-0.000	0.072	
23.27	0.499	0.000	-0.003	
23.30	0.499	-0.003	-0.022	
23.33	0.499	-0.003	0.004	
23.37	0.499	-0.002	0.024	
23.40	0.498	-0.001	0.038	
23.43	0.499	0.000	0.045	
23.47	0.498	0.002	0.060	
23.50	0.499	0.006	0.027	
23.53	0.499	0.004	-0.010	
23.57	0.499	0.004	0.007	
23.60	0.499	0.005	0.025	
23.63	0.499	0.005	0.056	
23.67	0.500	0.007	0.098	
23.70	0.500	0.012	0.113	
23.73	0.500	0.022	-0.032	
23.77	0.502	0.009	-0.164	
23.80	0.501	-0.002	-0.000	
23.83	0.501	0.017	-0.011	
23.87	0.503	0.005	-0.200	
23.90	0.501	-0.009	-0.083	
23.93	0.501	-0.001	0.071	
23.97	0.501	0.002	0.085	
24.00	0.502	0.005	0.059	
24.03	0.502	0.006	0.006	
24.07	0.502	0.005	-0.030	
24.10	0.502	0.003	-0.033	
24.13	0.502	0.002	-0.023	
24.17	0.502	0.001	-0.007	
24.20	0.502	0.003	-0.020	
24.23	0.502	0.001	-0.045	
24.27	0.502	-0.001	-0.050	
24.30	0.502	-0.003	-0.036	
24.33	0.502	-0.003	-0.016	
24.37	0.502	-0.004	-0.020	
24.40	0.502	-0.005	-0.005	
24.43	0.502	-0.004	0.004	
24.47	0.502	-0.004	-0.020	
24.50	0.502	-0.006	-0.022	
24.53	0.501	-0.006	-0.020	
24.57	0.501	-0.006	-0.048	
24.60	0.501	-0.009	-0.077	
24.63	0.501	-0.012	-0.073	
24.67	0.500	-0.015	-0.015	
24.70	0.500	-0.013	0.036	
24.73	0.499	-0.011	0.040	
24.77	0.499	-0.010	0.037	
24.80	0.498	-0.010	0.060	
24.83	0.498	-0.007	0.120	
24.87	0.498	-0.003	0.204	
24.90	0.498	0.006	0.258	
24.93	0.498	0.021	0.136	
24.97	0.500	0.021	-0.117	
25.00	0.500	0.006	-0.199	
25.03	0.500	0.002	-0.112	
25.07	0.500	0.000	-0.033	
25.10	0.500	0.001	0.015	
25.13	0.500	0.002	0.029	
25.17	0.500	0.003	0.034	
25.20	0.500	0.004	0.049	
25.23	0.500	0.007	0.049	
25.27	0.501	0.008	0.034	
25.30	0.501	0.008	0.031	
25.33	0.501	0.010	0.025	
25.37	0.501	0.010	0.015	
25.40	0.502	0.010	0.014	
25.43	0.502	0.011	0.015	
25.47	0.502	0.012	0.003	
25.50	0.503	0.012	-0.020	
25.53	0.503	0.009	-0.012	
25.57	0.503	0.010	0.019	
25.60	0.504	0.013	-0.012	
25.63	0.505	0.009	-0.049	
25.67	0.504	0.007	-0.018	
25.70	0.505	0.009	-0.003	
25.73	0.505	0.008	-0.011	
25.77	0.505	0.008	-0.019	
25.80	0.506	0.007	-0.033	
25.83	0.506	0.005	-0.039	
25.87	0.506	0.004	-0.030	
25.90	0.506	0.004	-0.031	
25.93	0.506	0.002	-0.044	
25.97	0.506	-0.000	-0.032	
26.00	0.506	0.001	-0.038	
26.03	0.506	-0.001	-0.075	
26.07	0.506	-0.006	-0.071	
26.10	0.506	-0.007	-0.038	
26.13	0.506	-0.008	-0.017	
26.17	0.505	-0.008	-0.013	
26.20	0.505	-0.008	-0.016	
26.23	0.505	-0.009	-0.007	
26.27	0.504	-0.009	0.014	
26.30	0.504	-0.007	0.006	
26.33	0.504	-0.009	-0.005	
26.37	0.504	-0.008	-0.008	
26.40	0.504	-0.009	-0.028	
26.43	0.503	-0.010	-0.036	
26.47	0.503	-0.012	-0.017	
26.50	0.502	-0.012	0.022	
26.53	0.502	-0.010	0.050	
26.57	0.501	-0.008	0.051	
26.60	0.501	-0.006	0.031	
26.63	0.501	-0.006	0.010	
26.67	0.501	-0.006	0.017	
26.70	0.501	-0.005	0.038	
26.73	0.501	-0.003	0.041	
26.77	0.500	-0.002	0.038	
26.80	0.501	-0.001	0.033	
26.83	0.500	0.000	0.034	
26.87	0.501	0.001	0.048	
26.90	0.500	0.003	0.056	
26.93	0.501	0.007	0.016	
26.97	0.501	0.004	-0.017	
27.00	0.501	0.004	0.002	
27.03	0.501	0.005	0.012	
27.07	0.501	0.005	0.010	
27.10	0.502	0.005	0.008	
27.13	0.502	0.005	0.011	
27.17	0.502	0.006	0.018	
27.20	0.502	0.007	0.011	
27.23	0.502	0.007	-0.012	
27.27	0.502	0.006	-0.023	
27.30	0.503	0.005	-0.026	
27.33	0.503	0.004	-0.037	
27.37	0.503	0.003	-0.042	
27.40	0.503	0.001	-0.032	
27.43	0.503	0.001	-0.042	
27.47	0.503	0.000	-0.109	
27.50	0.503	-0.004	-0.206	
27.53	0.503	-0.020	-0.119	
27.57	0.501	-0.020	0.170	
27.60	0.501	-0.004	0.327	
27.63	0.501	0.008	0.282	
27.67	0.502	0.019	0.094	
27.70	0.503	0.017	-0.154	
27.73	0.503	0.003	-0.222	
27.77	0.503	-0.003	-0.133	
27.80	0.503	-0.005	-0.054	
27.83	0.503	-0.005	-0.017	
27.87	0.503	-0.005	-0.015	
27.90	0.502	-0.006	-0.031	
27.93	0.502	-0.007	-0.067	
27.97	0.502	-0.009	-0.126	
28.00	0.502	-0.014	-0.201	
28.03	0.501	-0.028	-0.115	
28.07	0.499	-0.028	0.135	
28.10	0.499	-0.013	0.231	
28.13	0.499	-0.007	0.160	
28.17	0.499	-0.003	0.083	
28.20	0.499	-0.003	0.038	
28.23	0.498	-0.002	0.039	
28.27	0.499	-0.000	0.051	
28.30	0.498	0.001	0.069	
28.33	0.499	0.005	0.082	
28.37	0.499	0.005	0.129	
28.40	0.499	0.011	0.214	
28.43	0.499	0.026	0.136	
28.47	0.501	0.026	-0.095	
28.50	0.501	0.013	-0.178	
28.53	0.501	0.009	-0.112	
28.57	0.502	0.007	-0.061	
28.60	0.502	0.006	-0.056	
28.63	0.502	0.006	-0.113	
28.67	0.502	0.001	-0.202	
28.70	0.503	-0.014	-0.120	
28.73	0.501	-0.013	0.120	
28.77	0.501	0.001	0.186	
28.80	0.501	0.004	0.104	
28.83	0.502	0.006	0.045	
28.87	0.502	0.007	0.005	
28.90	0.502	0.006	-0.013	
28.93	0.502	0.005	-0.013	
28.97	0.503	0.005	-0.015	
29.00	0.502	0.004	-0.013	
29.03	0.503	0.005	-0.038	
29.07	0.503	0.001	-0.059	
29.10	0.503	-0.000	-0.049	
29.13	0.503	-0.002	-0.037	
29.17	0.503	-0.003	-0.026	
29.20	0.503	-0.003	-0.031	
29.23	0.502	-0.005	-0.034	
29.27	0.502	-0.006	-0.034	
29.30	0.502	-0.007	-0.030	
29.33	0.502	-0.008	-0.019	
29.37	0.502	-0.008	-0.016	
29.40	0.501	-0.009	-0.006	
29.43	0.501	-0.008	-0.005	
29.47	0.501	-0.009	-0.026	
29.50	0.500	-0.010	-0.041	
29.53	0.500	-0.012	-0.032	
29.57	0.500	-0.013	-0.011	
29.60	0.499	-0.013	0.009	
29.63	0.499	-0.012	0.032	
29.67	0.499	-0.010	0.048	
29.70	0.498	-0.009	0.055	
29.73	0.498	-0.005	0.027	
29.77	0.498	-0.007	-0.005	
29.80	0.497	-0.007	0.005	
29.83	0.497	-0.007	0.028	
29.87	0.497	-0.005	0.044	
29.90	0.497	-0.003	0.038	
29.93	0.497	-0.003	0.031	
29.97	0.497	-0.002	0.039	
30.00	0.496	0.000	0.049	
30.03	0.497	0.002	0.045	
30.07	0.497	0.003	0.038	
30.10	0.497	0.005	0.028	
30.13	0.497	0.005	0.017	
30.17	0.497	0.005	0.019	
30.20	0.497	0.006	0.031	
30.23	0.498	0.008	0.039	
30.27	0.498	0.009	0.033	
30.30	0.498	0.009	0.037	
30.33	0.498	0.011	0.048	
30.37	0.499	0.014	0.008	
30.40	0.500	0.012	-0.030	
30.43	0.500	0.011	-0.025	
30.47	0.500	0.010	-0.021	
30.50	0.500	0.010	-0.025	
30.53	0.501	0.008	-0.027	
30.57	0.501	0.008	-0.023	
30.60	0.501	0.007	-0.027	
30.63	0.501	0.006	-0.027	
30.67	0.502	0.005	-0.023	
30.70	0.502	0.005	-0.027	
30.73	0.502	0.003	-0.027	
30.77	0.502	0.003	-0.023	
30.80	0.502	0.002	-0.027	
30.83	0.502	0.001	-0.027	
30.87	0.502	0.000	-0.024	
30.90	0.502	-0.001	-0.031	
30.93	0.502	-0.002	-0.036	
30.97	0.502	-0.003	-0.034	
31.00	0.502	-0.005	-0.023	
31.03	0.502	-0.006	0.009	
31.07	0.502	-0.003	0.002	
31.10	0.502	-0.005	-0.027	
31.13	0.501	-0.005	-0.034	
31.17	0.501	-0.007	-0.032	
31.20	0.501	-0.008	-0.023	
31.23	0.501	-0.008	-0.023	
31.27	0.500	-0.010	-0.016	
31.30	0.500	-0.010	0.000	
31.33	0.500	-0.009	0.000	
31.37	0.500	-0.010	0.000	
31.40	0.499	-0.010	0.019	
31.43	0.499	-0.008	0.030	
31.47	0.498	-0.007	0.034	
31.50	0.498	-0.006	0.030	
31.53	0.498	-0.005	0.024	
31.57	0.498	-0.005	0.027	
31.60	0.498	-0.003	0.028	
31.63	0.498	-0.003	0.028	
31.67	0.498	-0.002	0.044	
31.70	0.498	0.000	0.060	
31.73	0.498	0.003	0.059	
31.77	0.498	0.005	0.023	
31.80	0.498	0.004	-0.002	
31.83	0.498	0.004	-0.002	
31.87	0.498	0.004	0.005	
31.90	0.498	0.005	0.014	
31.93	0.499	0.005	0.008	
31.97	0.499	0.005	0.007	
32.00	0.499	0.005	0.008	
32.03	0.499	0.006	0.011	
32.07	0.499	0.007	-0.001	
32.10	0.499	0.006	-0.015	
32.13	0.500	0.005	-0.018	
32.17	0.500	0.005	-0.025	
32.20	0.500	0.003	-0.023	
32.23	0.500	0.003	-0.012	
32.27	0.500	0.003	-0.008	
32.30	0.500	0.002	-0.011	
32.33	0.500	0.002	-0.016	
32.37	0.500	0.001	-0.003	
32.40	0.500	0.001	0.023	
32.43	0.500	0.003	0.024	
32.47	0.501	0.005	-0.042	
32.50	0.501	-0.001	-0.088	
32.53	0.500	-0.003	-0.054	
32.57	0.501	-0.004	-0.025	
32.60	0.500	-0.005	-0.008	
32.63	0.500	-0.004	0.009	
32.67	0.500	-0.003	0.003	
32.70	0.500	-0.003	-0.022	
32.73	0.500	-0.005	-0.036	
32.77	0.500	-0.007	-0.022	
32.80	0.499	-0.007	0.003	
32.83	0.499	-0.006	0.010	
32.87	0.499	-0.006	-0.001	
32.90	0.499	-0.007	0.001	
32.93	0.498	-0.006	0.006	
32.97	0.499	-0.006	0.003	
33.00	0.498	-0.006	0.025	
33.03	0.498	-0.005	0.059	
33.07	0.498	-0.002	0.073	
33.10	0.498	0.002	0.038	
33.13	0.498	0.001	-0.000	
33.17	0.498	0.000	0.006	
33.20	0.498	0.001	0.028	
33.23	0.498	0.003	0.044	
33.27	0.498	0.004	0.036	
33.30	0.498	0.005	0.020	
33.33	0.499	0.005	0.015	
33.37	0.499	0.006	0.010	
33.40	0.499	0.005	0.034	
33.43	0.499	0.008	0.069	
33.47	0.500	0.011	0.052	
33.50	0.500	0.012	0.011	
33.53	0.500	0.012	-0.023	
33.57	0.500	0.009	-0.020	
33.60	0.501	0.010	-0.001	
33.63	0.501	0.010	-0.001	
33.67	0.502	0.010	-0.007	
33.70	0.502	0.010	-0.012	
33.73	0.502	0.009	-0.002	
33.77	0.502	0.009	0.016	
33.80	0.503	0.012	-0.020	
33.83	0.503	0.008	-0.067	
33.87	0.503	0.006	-0.067	
33.90	0.504	0.003	-0.048	
33.93	0.504	0.003	-0.033	
33.97	0.504	0.002	-0.040	
34.00	0.504	0.000	-0.050	
34.03	0.504	-0.002	-0.049	
34.07	0.504	-0.003	-0.048	
34.10	0.504	-0.005	-0.045	
34.13	0.503	-0.007	-0.025	
34.17	0.503	-0.007	-0.002	
34.20	0.503	-0.006	-0.005	
34.23	0.503	-0.006	-0.033	
34.27	0.502	-0.009	-0.036	
34.30	0.502	-0.010	-0.011	
34.33	0.502	-0.010	0.010	
34.37	0.501	-0.008	0.010	
34.40	0.501	-0.008	-0.009	
34.43	0.501	-0.010	-0.019	
34.47	0.500	-0.010	-0.020	
34.50	0.500	-0.010	-0.039	
34.53	0.500	-0.014	-0.029	
34.57	0.499	-0.014	0.026	
34.60	0.499	-0.011	0.058	
34.63	0.499	-0.008	0.050	
34.67	0.498	-0.007	0.035	
34.70	0.498	-0.006	0.020	
34.73	0.498	-0.007	0.020	
34.77	0.498	-0.005	0.028	
34.80	0.498	-0.004	0.018	
34.83	0.497	-0.004	0.024	
34.87	0.497	-0.004	0.060	
34.90	0.497	0.000	0.085	
34.93	0.497	0.004	0.062	
34.97	0.497	0.005	0.021	
35.00	0.498	0.005	-0.004	
35.03	0.498	0.003	0.003	
35.07	0.498	0.004	0.035	
35.10	0.498	0.007	0.051	
35.13	0.498	0.008	0.048	
35.17	0.498	0.009	0.057	
35.20	0.499	0.013	0.038	
35.23	0.499	0.012	0.014	
35.27	0.500	0.013	0.008	
35.30	0.500	0.013	-0.025	
35.33	0.501	0.011	-0.045	
35.37	0.501	0.009	-0.029	
35.40	0.501	0.009	-0.019	
35.43	0.502	0.008	-0.020	
35.47	0.502	0.008	-0.016	
35.50	0.502	0.007	-0.019	
35.53	0.502	0.006	-0.015	
35.57	0.502	0.007	-0.020	
35.60	0.503	0.005	-0.031	
35.63	0.503	0.004	-0.021	
35.67	0.503	0.004	-0.012	
35.70	0.503	0.003	0.012	
35.73	0.503	0.003	0.066	
35.77	0.503	0.008	0.091	
35.80	0.503	0.016	-0.061	
35.83	0.505	0.003	-0.208	
35.87	0.503	-0.003	-0.205	
35.90	0.505	-0.010	-0.195	
35.93	0.503	-0.022	-0.024	
35.97	0.502	-0.010	0.114	
36.00	0.502	-0.007	0.072	
36.03	0.502	-0.007	0.063	
36.07	0.502	-0.006	0.116	
36.10	0.502	-0.001	0.201	
36.13	0.501	0.013	0.125	
36.17	0.503	0.014	-0.130	
36.20	0.503	-0.002	-0.227	
36.23	0.502	-0.008	-0.138	
36.27	0.502	-0.009	-0.071	
36.30	0.502	-0.009	-0.089	
36.33	0.502	-0.012	-0.177	
36.37	0.501	-0.026	-0.121	
36.40	0.500	-0.027	0.120	
36.43	0.499	-0.013	0.232	
36.47	0.499	-0.006	0.183	
36.50	0.499	-0.002	0.130	
36.53	0.499	0.002	0.086	
36.57	0.499	0.002	0.079	
36.60	0.499	0.006	0.102	
36.63	0.499	0.016	-0.020	
36.67	0.501	0.004	-0.109	
36.70	0.499	-0.006	0.153	
36.73	0.499	0.020	0.247	
36.77	0.501	0.025	-0.025	
36.80	0.501	0.012	-0.152	
36.83	0.502	0.008	-0.089	
36.87	0.502	0.007	-0.028	
36.90	0.502	0.008	-0.029	
36.93	0.502	0.006	-0.045	
36.97	0.503	0.004	-0.028	
37.00	0.503	0.004	-0.015	
37.03	0.503	0.003	-0.011	
37.07	0.503	0.003	-0.010	
37.10	0.503	0.004	-0.053	
37.13	0.503	0.001	-0.123	
37.17	0.503	-0.005	-0.151	
37.20	0.503	-0.016	0.013	
37.23	0.502	-0.009	0.297	
37.27	0.502	0.015	0.265	
37.30	0.504	0.019	-0.052	
37.33	0.504	0.004	-0.190	
37.37	0.503	-0.001	-0.130	
37.40	0.504	-0.003	-0.067	
37.43	0.503	-0.004	-0.026	
37.47	0.503	-0.005	-0.005	
37.50	0.503	-0.004	-0.011	
37.53	0.503	-0.005	-0.023	
37.57	0.502	-0.006	-0.011	
37.60	0.502	-0.006	-0.003	
37.63	0.502	-0.006	-0.012	
37.67	0.502	-0.007	-0.012	
37.70	0.502	-0.007	0.001	
37.73	0.502	-0.006	0.002	
37.77	0.501	-0.007	0.010	
37.80	0.501	-0.007	0.040	
37.83	0.501	-0.004	0.059	
37.87	0.501	-0.001	0.026	
37.90	0.501	-0.002	-0.014	
37.93	0.501	-0.004	-0.002	
37.97	0.501	-0.003	0.017	
38.00	0.500	-0.001	0.011	
38.03	0.501	-0.002	0.008	
38.07	0.500	-0.002	0.027	
38.10	0.500	0.000	0.042	
38.13	0.500	0.002	0.038	
38.17	0.501	0.003	0.031	
38.20	0.500	0.003	0.039	
38.23	0.501	0.005	0.049	
38.27	0.501	0.007	0.044	
38.30	0.501	0.008	0.035	
38.33	0.501	0.010	0.023	
38.37	0.502	0.010	0.008	
38.40	0.502	0.009	0.011	
38.43	0.502	0.011	0.002	
38.47	0.503	0.010	-0.019	
38.50	0.503	0.009	-0.012	
38.53	0.503	0.009	0.008	
38.57	0.504	0.011	-0.005	
38.60	0.504	0.009	-0.023	
38.63	0.504	0.008	-0.015	
38.67	0.505	0.008	-0.011	
38.70	0.505	0.008	-0.014	
38.73	0.505	0.007	-0.027	
38.77	0.505	0.006	-0.037	
38.80	0.506	0.005	-0.042	
38.83	0.506	0.003	-0.042	
38.87	0.506	0.001	-0.028	
38.90	0.506	0.001	-0.031	
38.93	0.506	-0.000	-0.050	
38.97	0.506	-0.002	-0.057	
39.00	0.506	-0.005	-0.051	
39.03	0.505	-0.006	-0.042	
39.07	0.505	-0.007	-0.032	
39.10	0.505	-0.009	-0.005	
39.13	0.505	-0.007	0.001	
39.17	0.504	-0.008	-0.010	
39.20	0.504	-0.009	0.005	
39.23	0.504	-0.007	0.014	
39.27	0.504	-0.006	-0.030	
39.30	0.504	-0.010	-0.069	
39.33	0.503	-0.012	-0.054	
39.37	0.503	-0.014	-0.011	
39.40	0.502	-0.013	0.027	
39.43	0.502	-0.011	0.032	
39.47	0.501	-0.010	0.026	
39.50	0.501	-0.010	0.027	
39.53	0.501	-0.008	0.024	
39.57	0.501	-0.008	0.016	
39.60	0.500	-0.008	0.019	
39.63	0.500	-0.007	0.030	
39.67	0.500	-0.005	0.035	
39.70	0.500	-0.004	0.020	
39.73	0.499	-0.004	0.019	
39.77	0.499	-0.004	0.046	
39.80	0.499	-0.001	0.057	
39.83	0.499	0.001	0.039	
39.87	0.499	0.001	0.038	
39.90	0.499	0.003	0.053	
39.93	0.499	0.005	0.053	
39.97	0.500	0.008	0.020	
40.00	0.500	0.006	-0.002	
40.03	0.500	0.006	0.016	
40.07	0.500	0.008	0.028	
40.10	0.501	0.009	0.018	
40.13	0.501	0.008	0.015	
40.17	0.501	0.009	0.034	
40.20	0.502	0.012	0.029	
40.23	0.502	0.012	-0.004	
40.27	0.502	0.011	-0.025	
40.30	0.503	0.010	-0.033	
40.33	0.503	0.008	-0.031	
40.37	0.503	0.008	-0.028	
40.40	0.504	0.007	-0.037	
40.43	0.504	0.005	-0.042	
40.47	0.504	0.003	-0.026	
40.50	0.504	0.003	-0.002	
40.53	0.504	0.004	-0.003	
40.57	0.504	0.003	-0.016	
40.60	0.504	0.003	-0.040	
40.63	0.505	0.000	-0.055	
40.67	0.504	-0.002	-0.035	
40.70	0.504	-0.002	-0.012	
40.73	0.504	-0.001	-0.017	
40.77	0.504	-0.003	-0.034	
40.80	0.504	-0.004	-0.029	
40.83	0.504	-0.005	-0.015	
40.87	0.504	-0.005	-0.005	
40.90	0.504	-0.005	-0.001	
40.93	0.503	-0.005	-0.001	
40.97	0.503	-0.005	-0.004	
41.00	0.503	-0.005	-0.011	
41.03	0.503	-0.006	-0.019	
41.07	0.503	-0.007	-0.015	
41.10	0.502	-0.007	-0.001	
41.13	0.502	-0.006	-0.008	
41.17	0.502	-0.007	-0.033	
41.20	0.502	-0.009	-0.046	
41.23	0.502	-0.010	-0.047	
41.27	0.501	-0.018	0.094	
41.30	0.499	-0.002	0.188	
41.33	0.501	0.007	-0.020	
41.37	0.501	-0.013	-0.003	
41.40	0.499	-0.001	0.196	
41.43	0.501	0.013	0.075	
41.47	0.501	0.005	-0.065	
41.50	0.501	0.002	-0.044	
41.53	0.501	0.002	-0.008	
41.57	0.501	0.003	0.015	
41.60	0.501	0.003	0.025	
41.63	0.501	0.005	0.023	
41.67	0.502	0.005	0.012	
41.70	0.502	0.005	0.005	
41.73	0.502	0.005	0.004	
41.77	0.502	0.005	0.006	
41.80	0.502	0.006	0.007	
41.83	0.502	0.006	-0.011	
41.87	0.503	0.005	-0.031	
41.90	0.503	0.003	-0.019	
41.93	0.503	0.003	0.006	
41.97	0.503	0.004	0.023	
42.00	0.503	0.007	-0.012	
42.03	0.504	0.003	-0.056	
42.07	0.503	0.001	-0.048	
42.10	0.504	0.000	-0.032	
42.13	0.503	-0.001	-0.025	
42.17	0.504	-0.002	-0.017	
42.20	0.503	-0.002	-0.005	
42.23	0.503	-0.001	-0.015	
42.27	0.503	-0.003	-0.034	
42.30	0.503	-0.004	-0.030	
42.33	0.503	-0.005	-0.015	
42.37	0.503	-0.005	-0.009	
42.40	0.502	-0.005	-0.014	
42.43	0.502	-0.006	-0.031	
42.47	0.502	-0.007	-0.064	
42.50	0.502	-0.009	-0.110	
42.53	0.502	-0.014	-0.142	
42.57	0.501	-0.025	-0.003	
42.60	0.499	-0.019	0.243	
42.63	0.499	0.006	0.118	
42.67	0.501	-0.006	-0.127	
42.70	0.499	-0.019	0.017	
42.73	0.499	-0.007	0.194	
42.77	0.499	0.008	0.024	
42.80	0.500	-0.004	-0.175	
42.83	0.498	-0.017	-0.043	
42.87	0.498	-0.006	0.090	
42.90	0.498	-0.004	0.067	
42.93	0.498	-0.003	0.060	
42.97	0.498	-0.001	0.058	
43.00	0.498	0.001	0.063	
43.03	0.498	0.002	0.092	
43.07	0.498	0.006	0.135	
43.10	0.498	0.018	0.022	
43.13	0.500	0.007	-0.072	
43.17	0.498	-0.000	0.162	
43.20	0.499	0.025	0.221	
43.23	0.501	0.027	-0.034	
43.27	0.501	0.015	-0.125	
43.30	0.501	0.013	-0.056	
43.33	0.502	0.014	-0.033	
43.37	0.503	0.012	-0.038	
43.40	0.503	0.011	-0.022	
43.43	0.503	0.010	-0.011	
43.47	0.504	0.010	-0.005	
43.50	0.504	0.010	-0.008	
43.53	0.504	0.010	-0.013	
43.57	0.505	0.009	-0.008	
43.60	0.505	0.010	-0.014	
43.63	0.505	0.009	-0.051	
43.67	0.505	0.006	-0.100	
43.70	0.506	0.003	-0.168	
43.73	0.506	-0.004	-0.243	
43.77	0.506	-0.019	-0.141	
43.80	0.504	-0.019	0.134	
43.83	0.504	-0.005	0.276	
43.87	0.504	0.002	0.306	
43.90	0.504	0.020	0.176	
43.93	0.506	0.020	-0.123	
43.97	0.506	0.006	-0.264	
44.00	0.506	-0.004	-0.203	
44.03	0.505	-0.009	-0.089	
44.07	0.505	-0.008	-0.025	
44.10	0.505	-0.008	-0.016	
44.13	0.505	-0.010	-0.013	
44.17	0.504	-0.010	-0.002	
44.20	0.504	-0.009	-0.007	
44.23	0.504	-0.010	-0.013	
44.27	0.503	-0.011	0.007	
44.30	0.503	-0.009	0.011	
44.33	0.503	-0.009	-0.014	
44.37	0.502	-0.011	-0.010	
44.40	0.502	-0.010	0.016	
44.43	0.501	-0.010	0.033	
44.47	0.501	-0.008	0.037	
44.50	0.501	-0.006	0.019	
44.53	0.501	-0.007	0.009	
44.57	0.500	-0.006	0.005	
44.60	0.500	-0.005	-0.028	
44.63	0.500	-0.007	-0.084	
44.67	0.500	-0.016	-0.008	
44.70	0.498	-0.007	0.056	
44.73	0.500	-0.007	-0.005	
44.77	0.498	-0.015	0.124	
44.80	0.498	0.000	0.248	
44.83	0.498	0.015	0.029	
44.87	0.500	0.002	-0.168	
44.90	0.498	-0.011	0.029	
44.93	0.499	0.003	0.263	
44.97	0.499	0.012	0.345	
45.00	0.499	0.032	0.226	
45.03	0.502	0.034	-0.088	
45.07	0.502	0.019	-0.212	
45.10	0.502	0.013	-0.140	
45.13	0.503	0.012	-0.081	
45.17	0.503	0.010	-0.065	
45.20	0.503	0.007	-0.044	
45.23	0.504	0.006	-0.011	
45.27	0.504	0.007	-0.002	
45.30	0.504	0.007	-0.016	
45.33	0.504	0.005	-0.008	
45.37	0.504	0.006	-0.005	
45.40	0.505	0.005	-0.023	
45.43	0.505	0.005	-0.039	
45.47	0.505	0.003	-0.050	
45.50	0.505	0.001	-0.041	
45.53	0.505	-0.000	-0.028	
45.57	0.505	-0.001	-0.013	
45.60	0.505	-0.001	-0.013	
45.63	0.505	-0.001	-0.037	
45.67	0.505	-0.004	-0.041	
45.70	0.505	-0.005	-0.022	
45.73	0.505	-0.005	-0.008	
45.77	0.504	-0.005	-0.001	
45.80	0.504	-0.005	0.003	
45.83	0.504	-0.005	0.007	
45.87	0.504	-0.005	0.010	
45.90	0.504	-0.004	0.003	
45.93	0.504	-0.005	0.002	
45.97	0.503	-0.005	0.029	
46.00	0.503	-0.001	0.012	
46.03	0.503	-0.003	-0.034	
46.07	0.503	-0.006	-0.026	
46.10	0.503	-0.005	-0.004	
46.13	0.503	-0.004	-0.011	
46.17	0.503	-0.006	-0.005	
46.20	0.502	-0.006	0.034	
46.23	0.502	-0.003	0.049	
46.27	0.502	-0.001	0.025	
46.30	0.502	-0.002	0.009	
46.33	0.502	-0.002	0.021	
46.37	0.502	-0.000	0.031	
46.40	0.502	0.000	0.038	
46.43	0.502	0.002	0.041	
46.47	0.502	0.003	0.041	
46.50	0.502	0.005	0.036	
46.53	0.502	0.006	0.008	
46.57	0.503	0.005	-0.015	
46.60	0.503	0.005	-0.014	
46.63	0.503	0.004	0.005	
46.67	0.503	0.005	0.029	
46.70	0.503	0.009	-0.037	
46.73	0.504	0.004	-0.153	
46.77	0.504	-0.003	-0.196	
46.80	0.504	-0.016	-0.027	
46.83	0.502	-0.012	0.318	
46.87	0.502	0.018	0.293	
46.90	0.504	0.021	-0.104	
46.93	0.504	0.003	-0.314	
46.97	0.504	-0.013	-0.181	
47.00	0.502	-0.007	-0.048	
47.03	0.504	-0.010	-0.048	
47.07	0.502	-0.017	0.100	
47.10	0.502	-0.003	0.234	
47.13	0.502	0.010	0.097	
47.17	0.504	0.001	-0.015	
47.20	0.502	0.001	0.043	
47.23	0.503	0.011	-0.042	
47.27	0.503	-0.001	-0.150	
47.30	0.503	-0.004	-0.151	
47.33	0.503	-0.009	-0.182	
47.37	0.502	-0.015	-0.217	
47.40	0.502	-0.028	-0.135	
47.43	0.500	-0.030	0.097	
47.47	0.500	-0.016	0.197	
47.50	0.499	-0.011	0.138	
47.53	0.499	-0.008	0.078	
47.57	0.499	-0.006	0.028	
47.60	0.499	-0.007	0.016	
47.63	0.498	-0.006	0.032	
47.67	0.498	-0.004	0.028	
47.70	0.498	-0.004	0.008	
47.73	0.498	-0.005	0.027	
47.77	0.498	-0.002	0.056	
47.80	0.498	0.001	0.037	
47.83	0.498	0.000	0.008	
47.87	0.498	0.000	0.004	
47.90	0.498	0.000	0.015	
47.93	0.498	0.001	0.040	
47.97	0.498	0.003	0.059	
48.00	0.498	0.005	0.059	
48.03	0.498	0.008	0.028	
48.07	0.499	0.007	0.016	
48.10	0.499	0.007	0.062	
48.13	0.499	0.009	0.142	
48.17	0.499	0.015	0.240	
48.20	0.500	0.032	0.147	
48.23	0.502	0.032	-0.139	
48.27	0.502	0.017	-0.278	
48.30	0.502	0.008	-0.262	
48.33	0.503	0.002	-0.254	
48.37	0.503	-0.013	-0.126	
48.40	0.501	-0.012	0.128	
48.43	0.502	0.003	0.198	
48.47	0.502	0.007	0.110	
48.50	0.502	0.008	0.074	
48.53	0.503	0.009	0.105	
48.57	0.503	0.012	0.183	
48.60	0.503	0.027	0.097	
48.63	0.505	0.025	-0.155	
48.67	0.505	0.010	-0.229	
48.70	0.505	0.004	-0.143	
48.73	0.505	0.003	-0.104	
48.77	0.506	-0.001	-0.115	
48.80	0.505	-0.004	-0.163	
48.83	0.505	-0.010	-0.247	
48.87	0.505	-0.026	-0.177	
48.90	0.503	-0.028	0.063	
48.93	0.503	-0.016	0.160	
48.97	0.502	-0.012	0.100	
49.00	0.502	-0.010	0.049	
49.03	0.502	-0.010	0.057	
49.07	0.501	-0.009	0.127	
49.10	0.501	-0.003	0.214	
49.13	0.501	0.012	0.121	
49.17	0.502	0.012	-0.174	
49.20	0.502	-0.005	-0.330	
49.23	0.502	-0.015	-0.318	
49.27	0.501	-0.031	-0.150	
49.30	0.499	-0.030	0.146	
49.33	0.499	-0.014	0.244	
49.37	0.499	-0.006	0.138	
49.40	0.499	-0.006	0.050	
49.43	0.498	-0.005	0.023	
49.47	0.498	-0.005	0.021	
49.50	0.498	-0.004	0.033	
49.53	0.498	-0.003	0.038	
49.57	0.498	-0.001	0.023	
49.60	0.498	-0.002	0.016	
49.63	0.498	-0.000	0.020	
49.67	0.498	0.000	0.020	
49.70	0.498	0.001	0.030	
49.73	0.498	0.002	0.034	
49.77	0.498	0.003	0.034	
49.80	0.498	0.005	0.030	
49.83	0.498	0.005	0.024	
49.87	0.498	0.006	0.029	
49.90	0.498	0.007	0.036	
49.93	0.499	0.008	0.068	
49.97	0.499	0.010	0.144	
50.00	0.499	0.016	0.222	
50.03	0.500	0.031	0.120	
50.07	0.502	0.032	-0.186	
50.10	0.502	0.013	-0.357	
50.13	0.502	0.003	-0.358	
50.17	0.503	-0.015	-0.205	
50.20	0.501	-0.016	0.075	
50.23	0.501	-0.003	0.170	
50.27	0.501	0.001	0.102	
50.30	0.501	0.003	0.036	
50.33	0.501	0.002	-0.003	
50.37	0.502	0.002	-0.022	
50.40	0.501	0.001	-0.026	
50.43	0.502	0.000	-0.023	
50.47	0.501	-0.001	-0.027	
50.50	0.502	-0.002	-0.027	
50.53	0.501	-0.003	-0.022	
50.57	0.501	-0.003	-0.022	
50.60	0.501	-0.004	-0.012	
50.63	0.501	-0.004	0.008	
50.67	0.501	-0.003	0.013	
50.70	0.501	-0.003	0.003	
50.73	0.501	-0.004	0.004	
50.77	0.501	-0.002	-0.010	
50.80	0.501	-0.004	-0.026	
50.83	0.500	-0.005	-0.015	
50.87	0.500	-0.005	-0.007	
50.90	0.500	-0.005	-0.001	
50.93	0.500	-0.005	0.004	
50.97	0.500	-0.005	0.011	
51.00	0.500	-0.005	0.023	
51.03	0.499	-0.003	0.026	
51.07	0.499	-0.003	0.023	
51.10	0.499	-0.002	0.027	
51.13	0.499	-0.001	0.027	
51.17	0.499	0.000	0.022	
51.20	0.499	0.001	0.023	
51.23	0.499	0.002	0.017	
51.27	0.499	0.002	0.006	
51.30	0.499	0.001	0.022	
51.33	0.499	0.003	0.048	
51.37	0.499	0.005	0.050	
51.40	0.500	0.008	0.011	
51.43	0.500	0.006	-0.024	
51.47	0.500	0.005	-0.025	
51.50	0.500	0.004	-0.010	
51.53	0.500	0.005	0.002	
51.57	0.501	0.005	-0.005	
51.60	0.501	0.004	-0.001	
51.63	0.501	0.005	0.001	
51.67	0.501	0.004	-0.012	
51.70	0.501	0.003	-0.012	
51.73	0.501	0.003	-0.003	
51.77	0.501	0.004	-0.012	
51.80	0.501	0.003	-0.027	
51.83	0.502	0.001	-0.022	
51.87	0.501	0.001	-0.023	
51.90	0.502	0.000	-0.032	
51.93	0.501	-0.001	-0.023	
51.97	0.502	-0.001	-0.025	
52.00	0.501	-0.003	-0.031	
52.03	0.501	-0.004	-0.016	
52.07	0.501	-0.004	0.006	
52.10	0.501	-0.002	-0.010	
52.13	0.501	-0.004	-0.038	
52.17	0.501	-0.006	-0.047	
52.20	0.501	-0.008	-0.048	
52.23	0.500	-0.009	-0.028	
52.27	0.500	-0.010	-0.004	
52.30	0.500	-0.009	-0.002	
52.33	0.500	-0.010	-0.004	
52.37	0.499	-0.010	0.008	
52.40	0.499	-0.009	0.011	
52.43	0.498	-0.009	0.018	
52.47	0.498	-0.008	0.027	
52.50	0.498	-0.006	0.013	
52.53	0.498	-0.007	0.009	
52.57	0.497	-0.007	0.031	
52.60	0.497	-0.005	0.054	
52.63	0.497	-0.003	0.062	
52.67	0.497	-0.000	0.052	
52.70	0.497	0.001	0.039	
52.73	0.497	0.003	0.010	
52.77	0.497	0.001	-0.005	
52.80	0.497	0.001	0.019	
52.83	0.497	0.003	0.038	
52.87	0.497	0.004	0.033	
52.90	0.498	0.005	0.019	
52.93	0.498	0.005	0.016	
52.97	0.498	0.006	0.024	
53.00	0.498	0.007	0.026	
53.03	0.499	0.008	0.023	
53.07	0.499	0.008	0.026	
53.10	0.499	0.010	0.023	
53.13	0.499	0.010	0.011	
53.17	0.500	0.010	0.000	
53.20	0.500	0.010	-0.010	
53.23	0.500	0.010	-0.019	
53.27	0.501	0.008	-0.015	
53.30	0.501	0.008	0.001	
53.33	0.501	0.009	0.002	
53.37	0.502	0.008	-0.002	
53.40	0.502	0.009	0.003	
53.43	0.502	0.010	-0.026	
53.47	0.502	0.007	-0.045	
53.50	0.502	0.006	-0.031	
53.53	0.503	0.005	-0.027	
53.57	0.503	0.004	-0.040	
53.60	0.503	0.002	-0.056	
53.63	0.503	0.000	-0.057	
53.67	0.503	-0.002	-0.043	
53.70	0.503	-0.003	-0.032	
53.73	0.503	-0.003	-0.039	
53.77	0.503	-0.005	-0.045	
53.80	0.503	-0.007	-0.034	
53.83	0.502	-0.008	-0.016	
53.87	0.502	-0.008	-0.009	
53.90	0.502	-0.008	-0.011	
53.93	0.502	-0.008	-0.016	
53.97	0.501	-0.010	-0.002	
54.00	0.501	-0.009	0.028	
54.03	0.500	-0.007	0.040	
54.07	0.500	-0.004	-0.008	
54.10	0.500	-0.008	-0.039	
54.13	0.500	-0.009	-0.010	
54.17	0.500	-0.008	0.009	
54.20	0.499	-0.008	0.013	
54.23	0.499	-0.008	0.015	
54.27	0.499	-0.007	0.024	
54.30	0.499	-0.006	0.026	
54.33	0.498	-0.005	0.023	
54.37	0.498	-0.005	0.027	
54.40	0.498	-0.003	0.028	
54.43	0.498	-0.003	0.026	
54.47	0.498	-0.002	0.033	
54.50	0.498	-0.000	0.034	
54.53	0.498	0.001	0.012	
54.57	0.498	0.000	-0.004	
54.60	0.498	0.000	0.006	
54.63	0.498	0.000	0.032	
54.67	0.498	0.002	0.072	
54.70	0.498	0.006	0.080	
54.73	0.498	0.008	0.054	
54.77	0.499	0.010	0.015	
54.80	0.499	0.008	0.017	
54.83	0.499	0.008	0.104	
54.87	0.500	0.014	0.202	
54.90	0.500	0.029	0.105	
54.93	0.502	0.027	-0.151	
54.97	0.502	0.012	-0.247	
55.00	0.502	0.007	-0.236	
55.03	0.502	-0.000	-0.258	
55.07	0.503	-0.014	-0.162	
55.10	0.501	-0.017	0.078	
55.13	0.501	-0.004	0.189	
55.17	0.501	0.002	0.118	
55.20	0.501	0.003	0.034	
55.23	0.501	0.003	-0.010	
55.27	0.502	0.002	-0.035	
55.30	0.501	0.000	-0.043	
55.33	0.502	-0.002	-0.022	
55.37	0.501	-0.002	0.039	
55.40	0.501	-0.001	0.132	
55.43	0.501	0.005	0.228	
55.47	0.501	0.022	0.114	
55.50	0.503	0.019	-0.166	
55.53	0.503	0.003	-0.249	
55.57	0.503	-0.003	-0.158	
55.60	0.503	-0.006	-0.058	
55.63	0.503	-0.006	-0.004	
55.67	0.502	-0.005	0.002	
55.70	0.502	-0.005	-0.003	
55.73	0.502	-0.006	-0.006	
55.77	0.502	-0.006	0.011	
55.80	0.501	-0.005	0.033	
55.83	0.502	-0.003	0.030	
55.87	0.501	-0.003	0.019	
55.90	0.501	-0.002	0.016	
55.93	0.501	-0.002	0.023	
55.97	0.501	-0.001	0.025	
56.00	0.501	-0.000	0.022	
56.03	0.501	0.000	0.030	
56.07	0.501	0.001	0.045	
56.10	0.501	0.005	0.026	
56.13	0.502	0.003	0.001	
56.17	0.501	0.003	0.012	
56.20	0.502	0.005	0.016	
56.23	0.502	0.005	0.010	
56.27	0.502	0.005	0.004	
56.30	0.502	0.005	0.001	
56.33	0.502	0.005	0.000	
56.37	0.502	0.005	-0.000	
56.40	0.503	0.005	-0.002	
56.43	0.503	0.005	-0.013	
56.47	0.503	0.005	-0.056	
56.50	0.503	0.003	-0.137	
56.53	0.504	-0.003	-0.220	
56.57	0.503	-0.018	-0.131	
56.60	0.502	-0.018	0.115	
56.63	0.502	-0.004	0.196	
56.67	0.502	0.001	0.112	
56.70	0.502	0.002	0.039	
56.73	0.502	0.002	-0.003	
56.77	0.502	0.001	-0.011	
56.80	0.502	0.002	-0.034	
56.83	0.502	-0.001	-0.051	
56.87	0.502	-0.002	-0.029	
56.90	0.502	-0.003	0.011	
56.93	0.502	-0.003	0.090	
56.97	0.502	0.001	0.181	
57.00	0.501	0.015	0.100	
57.03	0.503	0.015	-0.150	
57.07	0.503	-0.001	-0.236	
57.10	0.503	-0.008	-0.143	
57.13	0.502	-0.009	-0.077	
57.17	0.502	-0.010	-0.084	
57.20	0.502	-0.013	-0.134	
57.23	0.501	-0.018	-0.203	
57.27	0.501	-0.033	-0.103	
57.30	0.499	-0.032	0.203	
57.33	0.498	-0.014	0.369	
57.37	0.498	-0.003	0.371	
57.40	0.498	0.015	0.234	
57.43	0.500	0.019	-0.074	
57.47	0.500	0.004	-0.212	
57.50	0.499	-0.003	-0.128	
57.53	0.499	-0.004	-0.027	
57.57	0.499	-0.003	0.031	
57.60	0.499	-0.001	0.035	
57.63	0.499	0.000	0.027	
57.67	0.499	0.001	0.028	
57.70	0.499	0.002	0.027	
57.73	0.499	0.003	0.018	
57.77	0.499	0.003	-0.006	
57.80	0.500	0.004	-0.063	
57.83	0.500	0.001	-0.122	
57.87	0.500	-0.012	0.015	
57.90	0.498	-0.007	0.348	
57.93	0.499	0.024	0.355	
57.97	0.501	0.030	0.007	
58.00	0.501	0.016	-0.148	
58.03	0.501	0.012	-0.084	
58.07	0.502	0.012	-0.029	
58.10	0.502	0.011	-0.007	
58.13	0.503	0.013	-0.030	
58.17	0.503	0.009	-0.047	
58.20	0.503	0.008	-0.027	
58.23	0.504	0.008	-0.015	
58.27	0.504	0.008	-0.013	
58.30	0.504	0.007	-0.019	
58.33	0.504	0.006	-0.016	
58.37	0.505	0.006	-0.005	
58.40	0.505	0.006	-0.016	
58.43	0.505	0.005	-0.038	
58.47	0.505	0.003	-0.041	
58.50	0.505	0.002	-0.038	
58.53	0.505	0.001	-0.032	
58.57	0.505	0.000	-0.028	
58.60	0.505	-0.001	-0.038	
58.63	0.505	-0.003	-0.044	
58.67	0.505	-0.004	-0.028	
58.70	0.505	-0.005	-0.005	
58.73	0.505	-0.004	0.005	
58.77	0.505	-0.003	-0.023	
58.80	0.505	-0.006	-0.043	
58.83	0.504	-0.007	-0.022	
58.87	0.504	-0.008	-0.005	
58.90	0.504	-0.007	0.004	
58.93	0.504	-0.006	-0.012	
58.97	0.503	-0.008	-0.032	
59.00	0.503	-0.010	-0.025	
59.03	0.502	-0.010	-0.003	
59.07	0.502	-0.010	0.018	
59.10	0.502	-0.008	0.026	
59.13	0.502	-0.008	0.027	
59.17	0.501	-0.007	0.037	
59.20	0.501	-0.005	0.042	
59.23	0.501	-0.003	0.027	
59.27	0.501	-0.003	0.008	
59.30	0.501	-0.004	0.013	
59.33	0.501	-0.003	0.029	
59.37	0.501	-0.001	0.029	
59.40	0.501	-0.001	0.037	
59.43	0.500	0.001	0.052	
59.47	0.501	0.004	0.019	
59.50	0.501	0.002	-0.007	
59.53	0.501	0.002	0.002	
59.57	0.501	0.002	0.006	
59.60	0.501	0.003	0.013	
59.63	0.501	0.003	0.023	
59.67	0.501	0.005	0.022	
59.70	0.502	0.005	0.008	
59.73	0.501	0.005	-0.003	
59.77	0.502	0.005	-0.010	
59.80	0.502	0.004	0.000	
59.83	0.502	0.005	0.011	
59.87	0.502	0.005	0.006	
59.90	0.502	0.005	-0.002	
59.93	0.502	0.005	-0.014	
59.97	0.503	0.005	-0.033	
60.00	0.503	0.002	-0.052	
