Vernier Format 2
0.5.txt 1/28/2019 19:33:47
Run 1
Time	Position	Velocity	Acceleration	
T	P	V	A	
s	m	m/s	m/s^2	

0.00	0.495	0.036	-0.162	
0.03	0.496	0.030	-0.128	
0.07	0.497	0.025	-0.077	
0.10	0.498	0.024	-0.028	
0.13	0.499	0.026	-0.038	
0.17	0.500	0.023	-0.080	
0.20	0.500	0.019	-0.095	
0.23	0.501	0.017	-0.113	
0.27	0.501	0.012	-0.138	
0.30	0.502	0.006	-0.134	
0.33	0.502	0.003	-0.115	
0.37	0.502	-0.001	-0.113	
0.40	0.502	-0.005	-0.112	
0.43	0.502	-0.008	-0.111	
0.47	0.501	-0.012	-0.104	
0.50	0.501	-0.015	-0.094	
0.53	0.500	-0.018	-0.095	
0.57	0.500	-0.021	-0.102	
0.60	0.499	-0.025	-0.095	
0.63	0.498	-0.029	-0.054	
0.67	0.497	-0.029	-0.020	
0.70	0.496	-0.029	-0.018	
0.73	0.495	-0.030	-0.013	
0.77	0.494	-0.030	-0.002	
0.80	0.493	-0.030	-0.006	
0.83	0.492	-0.031	-0.007	
0.87	0.491	-0.031	0.027	
0.90	0.490	-0.029	0.057	
0.93	0.489	-0.026	0.056	
0.97	0.488	-0.025	0.058	
1.00	0.487	-0.023	0.072	
1.03	0.487	-0.020	0.089	
1.07	0.486	-0.017	0.114	
1.10	0.486	-0.013	0.132	
1.13	0.485	-0.008	0.131	
1.17	0.485	-0.003	0.114	
1.20	0.485	-0.000	0.105	
1.23	0.485	0.002	0.130	
1.27	0.485	0.008	0.155	
1.30	0.486	0.015	0.119	
1.33	0.486	0.016	0.081	
1.37	0.487	0.019	0.083	
1.40	0.487	0.021	0.095	
1.43	0.488	0.026	0.082	
1.47	0.489	0.027	0.068	
1.50	0.490	0.029	0.076	
1.53	0.491	0.033	0.047	
1.57	0.492	0.033	0.003	
1.60	0.493	0.032	-0.007	
1.63	0.494	0.033	-0.018	
1.67	0.495	0.032	-0.054	
1.70	0.496	0.029	-0.079	
1.73	0.497	0.026	-0.079	
1.77	0.498	0.023	-0.073	
1.80	0.499	0.021	-0.066	
1.83	0.499	0.019	-0.074	
1.87	0.500	0.016	-0.082	
1.90	0.500	0.013	-0.078	
1.93	0.501	0.012	-0.093	
1.97	0.501	0.008	-0.115	
2.00	0.502	0.003	-0.118	
2.03	0.501	-0.000	-0.114	
2.07	0.502	-0.005	-0.104	
2.10	0.501	-0.008	-0.091	
2.13	0.501	-0.010	-0.090	
2.17	0.500	-0.013	-0.099	
2.20	0.500	-0.017	-0.113	
2.23	0.499	-0.022	-0.099	
2.27	0.499	-0.024	-0.055	
2.30	0.498	-0.024	-0.037	
2.33	0.497	-0.026	-0.043	
2.37	0.496	-0.028	-0.039	
2.40	0.495	-0.029	-0.035	
2.43	0.494	-0.030	-0.050	
2.47	0.493	-0.030	-0.098	
2.50	0.492	-0.035	-0.141	
2.53	0.491	-0.048	0.038	
2.57	0.488	-0.040	0.389	
2.60	0.488	-0.009	0.392	
2.63	0.489	-0.002	0.065	
2.67	0.488	-0.012	-0.093	
2.70	0.487	-0.016	-0.035	
2.73	0.487	-0.015	0.056	
2.77	0.486	-0.010	0.108	
2.80	0.486	-0.006	0.109	
2.83	0.486	-0.003	0.093	
2.87	0.486	0.000	0.087	
2.90	0.486	0.003	0.093	
2.93	0.486	0.006	0.107	
2.97	0.486	0.010	0.113	
3.00	0.487	0.014	0.094	
3.03	0.487	0.016	0.074	
3.07	0.488	0.019	0.052	
3.10	0.489	0.020	0.029	
3.13	0.489	0.020	0.041	
3.17	0.490	0.023	0.052	
3.20	0.491	0.025	0.026	
3.23	0.492	0.025	-0.010	
3.27	0.493	0.023	-0.025	
3.30	0.493	0.022	-0.008	
3.33	0.494	0.023	0.002	
3.37	0.495	0.024	-0.028	
3.40	0.496	0.021	-0.057	
3.43	0.496	0.019	-0.056	
3.47	0.497	0.017	-0.057	
3.50	0.497	0.015	-0.066	
3.53	0.498	0.013	-0.072	
3.57	0.498	0.010	-0.073	
3.60	0.499	0.008	-0.071	
3.63	0.499	0.006	-0.069	
3.67	0.499	0.004	-0.081	
3.70	0.499	0.000	-0.093	
3.73	0.499	-0.003	-0.080	
3.77	0.499	-0.004	-0.084	
3.80	0.499	-0.008	-0.103	
3.83	0.498	-0.013	-0.078	
3.87	0.498	-0.014	-0.051	
3.90	0.497	-0.015	-0.052	
3.93	0.497	-0.017	-0.069	
3.97	0.496	-0.020	-0.076	
4.00	0.495	-0.023	-0.052	
4.03	0.495	-0.024	-0.009	
4.07	0.494	-0.023	0.024	
4.10	0.493	-0.021	0.022	
4.13	0.492	-0.021	0.009	
4.17	0.492	-0.022	0.022	
4.20	0.491	-0.020	0.054	
4.23	0.490	-0.018	0.075	
4.27	0.490	-0.015	0.086	
4.30	0.489	-0.011	0.076	
4.33	0.489	-0.010	0.064	
4.37	0.489	-0.008	0.067	
4.40	0.488	-0.005	0.074	
4.43	0.488	-0.003	0.095	
4.47	0.488	0.001	0.102	
4.50	0.489	0.004	0.080	
4.53	0.488	0.006	0.069	
4.57	0.489	0.009	0.056	
4.60	0.489	0.010	0.040	
4.63	0.490	0.011	0.046	
4.67	0.490	0.013	0.058	
4.70	0.490	0.015	0.060	
4.73	0.491	0.017	0.047	
4.77	0.492	0.018	0.030	
4.80	0.492	0.020	0.005	
4.83	0.493	0.019	-0.028	
4.87	0.493	0.017	-0.030	
4.90	0.494	0.016	-0.005	
4.93	0.494	0.017	-0.002	
4.97	0.495	0.017	-0.028	
5.00	0.496	0.015	-0.053	
5.03	0.496	0.013	-0.060	
5.07	0.496	0.011	-0.054	
5.10	0.497	0.010	-0.055	
5.13	0.497	0.008	-0.065	
5.17	0.498	0.005	-0.070	
5.20	0.498	0.003	-0.069	
5.23	0.498	0.000	-0.066	
5.27	0.498	-0.001	-0.077	
5.30	0.498	-0.005	-0.086	
5.33	0.497	-0.008	-0.076	
5.37	0.497	-0.010	-0.059	
5.40	0.496	-0.012	-0.038	
5.43	0.496	-0.012	-0.048	
5.47	0.496	-0.014	-0.104	
5.50	0.495	-0.018	-0.163	
5.53	0.495	-0.024	-0.192	
5.57	0.494	-0.037	-0.043	
5.60	0.492	-0.034	0.257	
5.63	0.491	-0.008	0.231	
5.67	0.492	-0.006	-0.115	
5.70	0.492	-0.029	-0.123	
5.73	0.489	-0.022	0.077	
5.77	0.490	-0.018	0.141	
5.80	0.488	-0.013	0.185	
5.83	0.489	0.000	0.058	
5.87	0.488	-0.009	-0.063	
5.90	0.488	-0.011	-0.009	
5.93	0.488	-0.009	0.062	
5.97	0.488	-0.005	0.106	
6.00	0.487	-0.001	0.102	
6.03	0.488	0.002	0.085	
6.07	0.487	0.004	0.089	
6.10	0.488	0.008	0.096	
6.13	0.488	0.011	0.077	
6.17	0.489	0.013	0.058	
6.20	0.489	0.014	0.066	
6.23	0.489	0.017	0.072	
6.27	0.490	0.020	0.055	
6.30	0.491	0.021	0.036	
6.33	0.491	0.022	0.017	
6.37	0.492	0.022	-0.003	
6.40	0.493	0.021	0.011	
6.43	0.494	0.024	0.009	
6.47	0.495	0.023	-0.028	
6.50	0.495	0.021	-0.049	
6.53	0.496	0.019	-0.066	
6.57	0.496	0.016	-0.065	
6.60	0.497	0.014	-0.040	
6.63	0.497	0.014	-0.036	
6.67	0.498	0.013	-0.055	
6.70	0.498	0.010	-0.069	
6.73	0.499	0.008	-0.076	
6.77	0.499	0.005	-0.078	
6.80	0.499	0.003	-0.081	
6.83	0.499	-0.000	-0.089	
6.87	0.499	-0.003	-0.100	
6.90	0.499	-0.007	-0.103	
6.93	0.499	-0.010	-0.095	
6.97	0.498	-0.013	-0.088	
7.00	0.498	-0.017	-0.067	
7.03	0.497	-0.018	-0.048	
7.07	0.496	-0.019	-0.054	
7.10	0.496	-0.021	-0.068	
7.13	0.495	-0.024	-0.056	
7.17	0.494	-0.025	-0.027	
7.20	0.493	-0.026	-0.012	
7.23	0.492	-0.026	-0.004	
7.27	0.492	-0.026	0.004	
7.30	0.490	-0.026	0.030	
7.33	0.490	-0.024	0.050	
7.37	0.489	-0.022	0.039	
7.40	0.488	-0.022	0.047	
7.43	0.487	-0.020	0.077	
7.47	0.487	-0.016	0.091	
7.50	0.486	-0.013	0.088	
7.53	0.486	-0.010	0.085	
7.57	0.486	-0.008	0.089	
7.60	0.486	-0.005	0.100	
7.63	0.485	-0.001	0.103	
7.67	0.486	0.003	0.100	
7.70	0.486	0.006	0.104	
7.73	0.486	0.010	0.101	
7.77	0.486	0.013	0.093	
7.80	0.487	0.016	0.091	
7.83	0.487	0.019	0.093	
7.87	0.488	0.022	0.081	
7.90	0.489	0.025	0.057	
7.93	0.490	0.025	0.056	
7.97	0.490	0.028	0.058	
8.00	0.492	0.031	0.017	
8.03	0.493	0.029	-0.012	
8.07	0.494	0.028	0.008	
8.10	0.494	0.030	0.011	
8.13	0.496	0.031	-0.035	
8.17	0.496	0.027	-0.061	
8.20	0.497	0.025	-0.039	
8.23	0.498	0.025	-0.036	
8.27	0.499	0.024	-0.075	
8.30	0.500	0.020	-0.115	
8.33	0.500	0.015	-0.114	
8.37	0.501	0.012	-0.107	
8.40	0.501	0.009	-0.126	
8.43	0.501	0.003	-0.127	
8.47	0.501	-0.001	-0.096	
8.50	0.501	-0.003	-0.074	
8.53	0.501	-0.004	-0.091	
8.57	0.501	-0.009	-0.100	
8.60	0.501	-0.012	-0.086	
8.63	0.500	-0.014	-0.085	
8.67	0.500	-0.018	-0.085	
8.70	0.499	-0.021	-0.059	
8.73	0.498	-0.021	-0.063	
8.77	0.498	-0.024	-0.101	
8.80	0.496	-0.027	-0.126	
8.83	0.496	-0.032	-0.141	
8.87	0.495	-0.045	0.051	
8.90	0.492	-0.030	0.260	
8.93	0.493	-0.013	0.104	
8.97	0.492	-0.023	-0.066	
9.00	0.491	-0.026	-0.043	
9.03	0.490	-0.026	0.001	
9.07	0.489	-0.024	0.024	
9.10	0.489	-0.024	0.043	
9.13	0.487	-0.022	0.082	
9.17	0.487	-0.018	0.107	
9.20	0.486	-0.015	0.124	
9.23	0.486	-0.010	0.133	
9.27	0.486	-0.005	0.124	
9.30	0.486	-0.001	0.101	
9.33	0.486	0.001	0.094	
9.37	0.486	0.004	0.116	
9.40	0.486	0.009	0.123	
9.43	0.486	0.013	0.114	
9.47	0.487	0.016	0.118	
9.50	0.487	0.021	0.118	
9.53	0.488	0.025	0.095	
9.57	0.489	0.027	0.058	
9.60	0.490	0.028	0.032	
9.63	0.491	0.029	0.025	
9.67	0.492	0.030	0.016	
9.70	0.493	0.030	-0.000	
9.73	0.494	0.029	-0.001	
9.77	0.495	0.030	-0.004	
9.80	0.496	0.030	-0.027	
9.83	0.497	0.028	-0.047	
9.87	0.498	0.026	-0.053	
9.90	0.499	0.025	-0.061	
9.93	0.499	0.023	-0.078	
9.97	0.500	0.019	-0.078	
10.00	0.501	0.017	-0.081	
10.03	0.501	0.015	-0.104	
10.07	0.502	0.010	-0.123	
10.10	0.502	0.006	-0.125	
10.13	0.502	0.002	-0.123	
10.17	0.502	-0.002	-0.119	
10.20	0.502	-0.007	-0.100	
10.23	0.502	-0.009	-0.090	
10.27	0.501	-0.012	-0.087	
10.30	0.501	-0.015	-0.082	
10.33	0.500	-0.017	-0.098	
10.37	0.500	-0.021	-0.117	
10.40	0.499	-0.026	-0.094	
10.43	0.498	-0.028	-0.054	
10.47	0.497	-0.029	-0.036	
10.50	0.496	-0.030	-0.025	
10.53	0.495	-0.031	-0.011	
10.57	0.494	-0.031	0.000	
10.60	0.493	-0.031	0.011	
10.63	0.492	-0.030	0.027	
10.67	0.491	-0.029	0.038	
10.70	0.490	-0.028	0.047	
10.73	0.489	-0.026	0.059	
10.77	0.488	-0.024	0.066	
10.80	0.487	-0.022	0.088	
10.83	0.487	-0.018	0.112	
10.87	0.486	-0.014	0.117	
10.90	0.486	-0.010	0.117	
10.93	0.486	-0.006	0.126	
10.97	0.486	-0.000	0.101	
11.00	0.486	0.001	0.072	
11.03	0.486	0.003	0.082	
11.07	0.486	0.006	0.104	
11.10	0.486	0.010	0.116	
11.13	0.487	0.015	0.099	
11.17	0.487	0.017	0.070	
11.20	0.488	0.019	0.056	
11.23	0.488	0.021	0.055	
11.27	0.489	0.023	0.049	
11.30	0.490	0.024	0.044	
11.33	0.491	0.026	0.035	
11.37	0.491	0.027	0.006	
11.40	0.493	0.026	-0.014	
11.43	0.493	0.025	-0.001	
11.47	0.494	0.026	0.010	
11.50	0.495	0.027	-0.017	
11.53	0.496	0.025	-0.057	
11.57	0.496	0.022	-0.067	
11.60	0.497	0.020	-0.065	
11.63	0.498	0.018	-0.073	
11.67	0.499	0.015	-0.081	
11.70	0.499	0.012	-0.088	
11.73	0.499	0.009	-0.081	
11.77	0.499	0.007	-0.078	
11.80	0.500	0.004	-0.093	
11.83	0.500	0.001	-0.100	
11.87	0.500	-0.003	-0.100	
11.90	0.500	-0.006	-0.108	
11.93	0.500	-0.010	-0.127	
11.97	0.499	-0.014	-0.144	
12.00	0.499	-0.019	-0.148	
12.03	0.498	-0.031	0.023	
12.07	0.496	-0.018	0.199	
12.10	0.497	-0.005	0.033	
12.13	0.496	-0.016	-0.135	
12.17	0.495	-0.021	-0.111	
12.20	0.495	-0.024	-0.040	
12.23	0.494	-0.023	0.016	
12.27	0.493	-0.021	0.018	
12.30	0.492	-0.021	0.002	
12.33	0.492	-0.022	0.010	
12.37	0.491	-0.022	0.046	
12.40	0.490	-0.019	0.068	
12.43	0.490	-0.016	0.061	
12.47	0.489	-0.015	0.062	
12.50	0.489	-0.013	0.078	
12.53	0.488	-0.010	0.096	
12.57	0.488	-0.006	0.102	
12.60	0.488	-0.003	0.096	
12.63	0.488	0.000	0.097	
12.67	0.488	0.004	0.092	
12.70	0.488	0.006	0.091	
12.73	0.488	0.010	0.087	
12.77	0.489	0.013	0.051	
12.80	0.489	0.013	0.021	
12.83	0.490	0.014	0.027	
12.87	0.490	0.015	0.038	
12.90	0.491	0.016	0.050	
12.93	0.491	0.018	0.051	
12.97	0.492	0.021	0.013	
13.00	0.493	0.020	-0.033	
13.03	0.493	0.017	-0.025	
13.07	0.494	0.017	0.018	
13.10	0.494	0.019	0.041	
13.13	0.495	0.022	-0.007	
13.17	0.496	0.019	-0.067	
13.20	0.496	0.016	-0.080	
13.23	0.497	0.013	-0.077	
13.27	0.497	0.010	-0.064	
13.30	0.498	0.008	-0.048	
13.33	0.498	0.008	-0.043	
13.37	0.498	0.006	-0.062	
13.40	0.498	0.003	-0.072	
13.43	0.498	0.001	-0.061	
13.47	0.498	-0.001	-0.054	
13.50	0.498	-0.003	-0.056	
13.53	0.498	-0.005	-0.054	
13.57	0.498	-0.006	-0.062	
13.60	0.498	-0.008	-0.078	
13.63	0.498	-0.012	-0.080	
13.67	0.497	-0.014	-0.081	
13.70	0.497	-0.017	-0.090	
13.73	0.496	-0.021	-0.062	
13.77	0.495	-0.022	-0.009	
13.80	0.494	-0.020	0.002	
13.83	0.494	-0.021	-0.013	
13.87	0.493	-0.022	-0.002	
13.90	0.492	-0.021	0.018	
13.93	0.492	-0.020	0.034	
13.97	0.491	-0.019	0.061	
14.00	0.490	-0.016	0.076	
14.03	0.490	-0.013	0.072	
14.07	0.489	-0.012	0.077	
14.10	0.489	-0.008	0.082	
14.13	0.489	-0.006	0.077	
14.17	0.489	-0.004	0.087	
14.20	0.488	0.000	0.095	
14.23	0.489	0.004	0.073	
14.27	0.489	0.005	0.048	
14.30	0.489	0.006	0.053	
14.33	0.489	0.008	0.072	
14.37	0.490	0.011	0.086	
14.40	0.490	0.015	0.076	
14.43	0.491	0.017	0.042	
14.47	0.491	0.017	0.028	
14.50	0.492	0.018	0.028	
14.53	0.492	0.019	0.008	
14.57	0.493	0.018	-0.007	
14.60	0.493	0.018	-0.003	
14.63	0.494	0.018	0.002	
14.67	0.495	0.018	0.002	
14.70	0.495	0.019	-0.023	
14.73	0.496	0.017	-0.057	
14.77	0.497	0.014	-0.061	
14.80	0.497	0.013	-0.053	
14.83	0.498	0.012	-0.066	
14.87	0.498	0.008	-0.073	
14.90	0.498	0.006	-0.062	
14.93	0.498	0.005	-0.062	
14.97	0.498	0.002	-0.077	
15.00	0.498	-0.001	-0.092	
15.03	0.498	-0.004	-0.090	
15.07	0.498	-0.007	-0.070	
15.10	0.498	-0.009	-0.062	
15.13	0.497	-0.011	-0.053	
15.17	0.497	-0.012	-0.055	
15.20	0.497	-0.015	-0.068	
15.23	0.496	-0.016	-0.076	
15.27	0.496	-0.020	-0.073	
15.30	0.495	-0.022	-0.043	
15.33	0.494	-0.023	-0.013	
15.37	0.493	-0.023	0.002	
15.40	0.493	-0.022	-0.007	
15.43	0.492	-0.023	-0.013	
15.47	0.491	-0.024	0.016	
15.50	0.490	-0.022	0.053	
15.53	0.489	-0.019	0.056	
15.57	0.489	-0.018	0.043	
15.60	0.488	-0.017	0.052	
15.63	0.488	-0.015	0.074	
15.67	0.487	-0.012	0.095	
15.70	0.487	-0.008	0.099	
15.73	0.487	-0.005	0.093	
15.77	0.486	-0.002	0.093	
15.80	0.487	0.001	0.101	
15.83	0.486	0.005	0.104	
15.87	0.487	0.008	0.100	
15.90	0.487	0.011	0.103	
15.93	0.488	0.015	0.099	
15.97	0.488	0.018	0.085	
16.00	0.489	0.020	0.071	
16.03	0.489	0.023	0.058	
16.07	0.490	0.024	0.056	
16.10	0.491	0.026	0.056	
16.13	0.492	0.029	0.024	
16.17	0.493	0.028	-0.014	
16.20	0.494	0.027	-0.019	
16.23	0.495	0.026	-0.012	
16.27	0.496	0.027	-0.031	
16.30	0.496	0.025	-0.067	
16.33	0.497	0.021	-0.071	
16.37	0.498	0.019	-0.047	
16.40	0.499	0.018	-0.030	
16.43	0.499	0.019	-0.057	
16.47	0.500	0.015	-0.099	
16.50	0.500	0.011	-0.113	
16.53	0.501	0.007	-0.114	
16.57	0.501	0.003	-0.108	
16.60	0.501	0.000	-0.101	
16.63	0.501	-0.003	-0.104	
16.67	0.501	-0.007	-0.101	
16.70	0.500	-0.010	-0.093	
16.73	0.500	-0.013	-0.095	
16.77	0.499	-0.016	-0.103	
16.80	0.499	-0.020	-0.096	
16.83	0.498	-0.024	-0.063	
16.87	0.497	-0.024	-0.047	
16.90	0.496	-0.025	-0.074	
16.93	0.496	-0.030	-0.074	
16.97	0.494	-0.032	-0.076	
17.00	0.493	-0.033	-0.107	
17.03	0.492	-0.037	-0.143	
17.07	0.491	-0.050	0.016	
17.10	0.488	-0.044	0.358	
17.13	0.487	-0.014	0.378	
17.17	0.488	-0.007	0.061	
17.20	0.488	-0.016	-0.105	
17.23	0.487	-0.022	-0.047	
17.27	0.486	-0.020	0.059	
17.30	0.486	-0.016	0.109	
17.33	0.485	-0.011	0.105	
17.37	0.485	-0.008	0.087	
17.40	0.484	-0.006	0.098	
17.43	0.484	-0.002	0.126	
17.47	0.484	0.003	0.135	
17.50	0.484	0.007	0.122	
17.53	0.485	0.011	0.088	
17.57	0.485	0.013	0.070	
17.60	0.486	0.014	0.096	
17.63	0.486	0.019	0.131	
17.67	0.487	0.025	0.120	
17.70	0.488	0.029	0.062	
17.73	0.489	0.028	0.018	
17.77	0.490	0.028	0.025	
17.80	0.490	0.030	0.032	
17.83	0.492	0.031	0.004	
17.87	0.493	0.030	-0.005	
17.90	0.494	0.030	0.019	
17.93	0.495	0.032	0.016	
17.97	0.496	0.032	-0.018	
18.00	0.497	0.030	-0.029	
18.03	0.498	0.029	-0.028	
18.07	0.499	0.030	-0.077	
18.10	0.500	0.025	-0.144	
18.13	0.500	0.018	-0.146	
18.17	0.501	0.015	-0.129	
18.20	0.501	0.010	-0.128	
18.23	0.502	0.006	-0.121	
18.27	0.502	0.002	-0.114	
18.30	0.502	-0.002	-0.105	
18.33	0.502	-0.005	-0.094	
18.37	0.502	-0.008	-0.097	
18.40	0.501	-0.011	-0.111	
18.43	0.501	-0.015	-0.121	
18.47	0.500	-0.020	-0.110	
18.50	0.500	-0.023	-0.088	
18.53	0.499	-0.026	-0.070	
18.57	0.498	-0.028	-0.051	
18.60	0.497	-0.029	-0.039	
18.63	0.496	-0.030	-0.031	
18.67	0.495	-0.031	-0.019	
18.70	0.494	-0.031	-0.014	
18.73	0.493	-0.032	0.004	
18.77	0.492	-0.031	0.026	
18.80	0.490	-0.030	0.042	
18.83	0.490	-0.028	0.053	
18.87	0.489	-0.026	0.052	
18.90	0.488	-0.025	0.059	
18.93	0.487	-0.023	0.081	
18.97	0.486	-0.020	0.105	
19.00	0.486	-0.016	0.120	
19.03	0.485	-0.011	0.115	
19.07	0.485	-0.008	0.120	
19.10	0.485	-0.003	0.112	
19.13	0.485	-0.001	0.104	
19.17	0.484	0.003	0.121	
19.20	0.485	0.008	0.105	
19.23	0.485	0.011	0.081	
19.27	0.486	0.013	0.080	
19.30	0.486	0.016	0.088	
19.33	0.487	0.019	0.101	
19.37	0.487	0.023	0.095	
19.40	0.488	0.026	0.058	
19.43	0.489	0.026	0.032	
19.47	0.490	0.027	0.039	
19.50	0.491	0.030	0.031	
19.53	0.492	0.030	-0.001	
19.57	0.493	0.029	-0.018	
19.60	0.494	0.028	-0.021	
19.63	0.495	0.028	-0.025	
19.67	0.496	0.026	-0.021	
19.70	0.496	0.026	-0.012	
19.73	0.498	0.026	-0.022	
19.77	0.498	0.026	-0.073	
19.80	0.499	0.022	-0.135	
19.83	0.500	0.015	-0.139	
19.87	0.500	0.011	-0.107	
19.90	0.500	0.009	-0.101	
19.93	0.501	0.005	-0.110	
19.97	0.501	0.001	-0.100	
20.00	0.501	-0.002	-0.084	
20.03	0.501	-0.004	-0.090	
20.07	0.501	-0.008	-0.104	
20.10	0.500	-0.012	-0.095	
20.13	0.500	-0.014	-0.088	
20.17	0.499	-0.017	-0.082	
20.20	0.499	-0.020	-0.063	
20.23	0.498	-0.021	-0.058	
20.27	0.497	-0.023	-0.061	
20.30	0.496	-0.026	-0.056	
20.33	0.496	-0.028	-0.034	
20.37	0.494	-0.028	-0.006	
20.40	0.494	-0.028	0.015	
20.43	0.493	-0.026	0.019	
20.47	0.492	-0.026	0.017	
20.50	0.491	-0.026	0.043	
20.53	0.490	-0.023	0.073	
20.57	0.489	-0.021	0.080	
20.60	0.489	-0.018	0.083	
20.63	0.488	-0.015	0.085	
20.67	0.488	-0.012	0.089	
20.70	0.487	-0.009	0.081	
20.73	0.487	-0.007	0.078	
20.77	0.487	-0.004	0.096	
20.80	0.487	-0.000	0.107	
20.83	0.487	0.003	0.111	
20.87	0.487	0.007	0.107	
20.90	0.487	0.010	0.099	
20.93	0.488	0.013	0.096	
20.97	0.488	0.011	0.080	
21.00	0.489	0.019	0.047	
21.03	0.489	0.019	0.036	
21.07	0.490	0.022	0.028	
21.10	0.491	0.021	0.020	
21.13	0.492	0.023	0.018	
21.17	0.493	0.023	0.009	
21.20	0.493	0.023	0.003	
21.23	0.494	0.023	-0.005	
21.27	0.495	0.023	-0.020	
21.30	0.496	0.022	-0.045	
21.33	0.496	0.020	-0.067	
21.37	0.497	0.017	-0.061	
21.40	0.497	0.016	-0.043	
21.43	0.498	0.015	-0.048	
21.47	0.498	0.013	-0.063	
21.50	0.499	0.010	-0.073	
21.53	0.499	0.008	-0.078	
21.57	0.499	0.005	-0.085	
21.60	0.499	0.002	-0.099	
21.63	0.500	-0.001	-0.117	
21.67	0.499	-0.006	-0.110	
21.70	0.499	-0.009	-0.077	
21.73	0.499	-0.011	-0.058	
21.77	0.498	-0.013	-0.052	
21.80	0.498	-0.015	-0.040	
21.83	0.497	-0.015	-0.032	
21.87	0.497	-0.016	-0.043	
21.90	0.496	-0.018	-0.056	
21.93	0.495	-0.020	-0.051	
21.97	0.495	-0.022	-0.022	
22.00	0.494	-0.022	0.017	
22.03	0.493	-0.021	0.039	
22.07	0.493	-0.019	0.033	
22.10	0.492	-0.018	0.020	
22.13	0.491	-0.018	0.021	
22.17	0.491	-0.017	0.040	
22.20	0.490	-0.015	0.061	
22.23	0.490	-0.013	0.073	
22.27	0.489	-0.010	0.080	
22.30	0.489	-0.008	0.084	
22.33	0.489	-0.005	0.088	
22.37	0.489	-0.001	0.078	
22.40	0.489	0.000	0.069	
22.43	0.489	0.003	0.076	
22.47	0.489	0.006	0.077	
22.50	0.489	0.009	0.058	
22.53	0.490	0.010	0.033	
22.57	0.490	0.010	0.047	
22.60	0.490	0.013	0.068	
22.63	0.491	0.015	0.063	
22.67	0.491	0.017	0.041	
22.70	0.492	0.018	0.017	
22.73	0.492	0.018	0.005	
22.77	0.493	0.018	-0.001	
22.80	0.494	0.018	-0.001	
22.83	0.494	0.018	-0.003	
22.87	0.495	0.017	0.001	
22.90	0.495	0.020	-0.038	
22.93	0.496	0.015	-0.092	
22.97	0.496	0.011	-0.090	
23.00	0.497	0.009	-0.060	
23.03	0.497	0.008	-0.039	
23.07	0.498	0.007	-0.049	
23.10	0.498	0.005	-0.072	
23.13	0.498	0.002	-0.090	
23.17	0.498	-0.002	-0.087	
23.20	0.498	-0.004	-0.065	
23.23	0.497	-0.006	-0.055	
23.27	0.497	-0.008	-0.057	
23.30	0.497	-0.010	-0.060	
23.33	0.497	-0.011	-0.099	
23.37	0.496	-0.015	-0.180	
23.40	0.496	-0.022	-0.264	
23.43	0.495	-0.038	-0.166	
23.47	0.493	-0.040	0.135	
23.50	0.492	-0.025	0.308	
23.53	0.491	-0.014	0.288	
23.57	0.491	0.000	0.092	
23.60	0.492	-0.004	-0.192	
23.63	0.491	-0.026	-0.111	
23.67	0.489	-0.017	0.132	
23.70	0.490	-0.005	0.071	
23.73	0.489	-0.012	-0.016	
23.77	0.489	-0.011	-0.000	
23.80	0.489	-0.011	0.008	
23.83	0.488	-0.011	0.045	
23.87	0.488	-0.008	0.078	
23.90	0.488	-0.005	0.095	
23.93	0.488	-0.002	0.112	
23.97	0.487	0.003	0.118	
24.00	0.488	0.007	0.099	
24.03	0.488	0.010	0.067	
24.07	0.488	0.011	0.050	
24.10	0.489	0.012	0.052	
24.13	0.489	0.014	0.071	
24.17	0.489	0.017	0.107	
24.20	0.490	0.021	0.134	
24.23	0.491	0.025	0.146	
24.27	0.492	0.031	0.129	
24.30	0.493	0.043	-0.108	
24.33	0.496	0.024	-0.319	
24.37	0.494	0.005	-0.109	
24.40	0.495	0.017	0.091	
24.43	0.496	0.022	0.040	
24.47	0.497	0.020	-0.047	
24.50	0.497	0.016	-0.082	
24.53	0.498	0.013	-0.063	
24.57	0.498	0.012	-0.030	
24.60	0.499	0.012	-0.022	
24.63	0.499	0.011	-0.049	
24.67	0.499	0.008	-0.070	
24.70	0.499	0.006	-0.073	
24.73	0.500	0.005	-0.107	
24.77	0.500	-0.001	-0.136	
24.80	0.500	-0.005	-0.131	
24.83	0.500	-0.010	-0.117	
24.87	0.499	-0.014	-0.079	
24.90	0.499	-0.015	-0.049	
24.93	0.498	-0.016	-0.049	
24.97	0.498	-0.018	-0.062	
25.00	0.497	-0.021	-0.067	
25.03	0.496	-0.023	-0.060	
25.07	0.495	-0.025	-0.039	
25.10	0.494	-0.026	-0.020	
25.13	0.493	-0.026	-0.015	
25.17	0.493	-0.026	-0.014	
25.20	0.492	-0.027	0.004	
25.23	0.491	-0.027	0.040	
25.27	0.490	-0.024	0.054	
25.30	0.489	-0.022	0.035	
25.33	0.488	-0.022	0.036	
25.37	0.488	-0.021	0.077	
25.40	0.487	-0.016	0.102	
25.43	0.487	-0.013	0.095	
25.47	0.486	-0.010	0.089	
25.50	0.486	-0.008	0.091	
25.53	0.486	-0.005	0.104	
25.57	0.486	-0.000	0.110	
25.60	0.486	0.003	0.107	
25.63	0.486	0.007	0.097	
25.67	0.486	0.010	0.083	
25.70	0.487	0.012	0.092	
25.73	0.487	0.016	0.106	
25.77	0.488	0.020	0.091	
25.80	0.488	0.022	0.058	
25.83	0.489	0.023	0.037	
25.87	0.490	0.024	0.039	
25.90	0.491	0.026	0.041	
25.93	0.491	0.027	0.024	
25.97	0.493	0.028	0.000	
26.00	0.493	0.027	-0.001	
26.03	0.494	0.027	0.010	
26.07	0.495	0.029	-0.016	
26.10	0.496	0.027	-0.067	
26.13	0.497	0.022	-0.071	
26.17	0.498	0.021	-0.047	
26.20	0.498	0.020	-0.045	
26.23	0.499	0.019	-0.075	
26.27	0.500	0.015	-0.106	
26.30	0.500	0.011	-0.106	
26.33	0.500	0.008	-0.096	
26.37	0.501	0.005	-0.091	
26.40	0.501	0.002	-0.090	
26.43	0.501	-0.002	-0.079	
26.47	0.500	-0.004	-0.060	
26.50	0.500	-0.004	-0.093	
26.53	0.500	-0.010	-0.137	
26.57	0.500	-0.015	-0.131	
26.60	0.499	-0.018	-0.114	
26.63	0.499	-0.022	-0.093	
26.67	0.498	-0.024	-0.092	
26.70	0.497	-0.026	-0.149	
26.73	0.496	-0.033	-0.212	
26.77	0.495	-0.048	-0.058	
26.80	0.492	-0.044	0.264	
26.83	0.491	-0.017	0.234	
26.87	0.492	-0.017	-0.098	
26.90	0.491	-0.039	-0.059	
26.93	0.488	-0.028	0.167	
26.97	0.489	-0.014	0.071	
27.00	0.488	-0.023	-0.041	
27.03	0.487	-0.024	0.006	
27.07	0.487	-0.022	0.070	
27.10	0.486	-0.018	0.109	
27.13	0.485	-0.014	0.103	
27.17	0.485	-0.011	0.087	
27.20	0.485	-0.009	0.098	
27.23	0.484	-0.005	0.126	
27.27	0.484	0.000	0.136	
27.30	0.484	0.005	0.125	
27.33	0.485	0.009	0.094	
27.37	0.485	0.011	0.076	
27.40	0.485	0.013	0.086	
27.43	0.486	0.016	0.102	
27.47	0.486	0.020	0.105	
27.50	0.487	0.024	0.074	
27.53	0.488	0.025	0.041	
27.57	0.489	0.026	0.034	
27.60	0.490	0.027	0.045	
27.63	0.490	0.030	0.034	
27.67	0.492	0.031	-0.014	
27.70	0.493	0.028	-0.030	
27.73	0.494	0.027	-0.004	
27.77	0.494	0.029	-0.015	
27.80	0.496	0.027	-0.054	
27.83	0.496	0.024	-0.064	
27.87	0.497	0.022	-0.046	
27.90	0.498	0.022	-0.049	
27.93	0.499	0.020	-0.082	
27.97	0.499	0.016	-0.103	
28.00	0.500	0.012	-0.110	
28.03	0.500	0.008	-0.107	
28.07	0.500	0.005	-0.101	
28.10	0.500	0.002	-0.103	
28.13	0.500	-0.002	-0.099	
28.17	0.500	-0.005	-0.084	
28.20	0.500	-0.007	-0.075	
28.23	0.500	-0.010	-0.078	
28.27	0.499	-0.011	-0.117	
28.30	0.499	-0.018	-0.128	
28.33	0.498	-0.022	-0.081	
28.37	0.498	-0.023	-0.047	
28.40	0.496	-0.024	-0.042	
28.43	0.496	-0.026	-0.046	
28.47	0.495	-0.028	-0.034	
28.50	0.494	-0.028	-0.015	
28.53	0.493	-0.028	-0.003	
28.57	0.492	-0.028	0.008	
28.60	0.491	-0.028	0.026	
28.63	0.490	-0.027	0.053	
28.67	0.489	-0.024	0.065	
28.70	0.489	-0.022	0.055	
28.73	0.488	-0.021	0.070	
28.77	0.487	-0.018	0.104	
28.80	0.487	-0.013	0.113	
28.83	0.486	-0.010	0.110	
28.87	0.486	-0.006	0.097	
28.90	0.486	-0.003	0.078	
28.93	0.486	-0.001	0.078	
28.97	0.486	0.002	0.083	
29.00	0.486	0.005	0.081	
29.03	0.486	0.007	0.099	
29.07	0.486	0.011	0.121	
29.10	0.487	0.016	0.104	
29.13	0.487	0.018	0.069	
29.17	0.488	0.020	0.042	
29.20	0.489	0.021	0.011	
29.23	0.490	0.020	0.015	
29.27	0.490	0.021	0.045	
29.30	0.491	0.024	0.038	
29.33	0.492	0.025	0.007	
29.37	0.493	0.024	-0.003	
29.40	0.493	0.024	0.007	
29.43	0.494	0.025	-0.002	
29.47	0.495	0.025	-0.039	
29.50	0.496	0.022	-0.075	
29.53	0.496	0.019	-0.082	
29.57	0.497	0.016	-0.065	
29.60	0.498	0.015	-0.060	
29.63	0.498	0.013	-0.071	
29.67	0.498	0.010	-0.084	
29.70	0.499	0.007	-0.095	
29.73	0.499	0.003	-0.093	
29.77	0.499	0.001	-0.082	
29.80	0.499	-0.001	-0.091	
29.83	0.499	-0.005	-0.105	
29.87	0.499	-0.009	-0.085	
29.90	0.498	-0.012	-0.047	
29.93	0.498	-0.012	-0.023	
29.97	0.498	-0.011	-0.055	
30.00	0.497	-0.016	-0.083	
30.03	0.496	-0.018	-0.070	
30.07	0.496	-0.021	-0.058	
30.10	0.495	-0.022	-0.032	
30.13	0.494	-0.023	-0.005	
30.17	0.493	-0.023	0.017	
30.20	0.493	-0.021	0.022	
30.23	0.492	-0.021	0.016	
30.27	0.492	-0.020	0.020	
30.30	0.491	-0.020	0.036	
30.33	0.490	-0.018	0.054	
30.37	0.489	-0.016	0.061	
30.40	0.489	-0.014	0.076	
30.43	0.488	-0.011	0.087	
30.47	0.488	-0.008	0.081	
30.50	0.488	-0.005	0.073	
30.53	0.488	-0.003	0.067	
30.57	0.488	-0.001	0.078	
30.60	0.488	0.002	0.091	
30.63	0.488	0.005	0.091	
30.67	0.488	0.008	0.087	
30.70	0.488	0.012	0.067	
30.73	0.489	0.013	0.048	
30.77	0.489	0.014	0.057	
30.80	0.490	0.016	0.074	
30.83	0.490	0.020	0.059	
30.87	0.491	0.021	0.006	
30.90	0.492	0.020	-0.039	
30.93	0.493	0.017	-0.032	
30.97	0.493	0.017	0.004	
31.00	0.494	0.019	0.005	
31.03	0.494	0.018	-0.018	
31.07	0.495	0.017	-0.024	
31.10	0.495	0.017	-0.041	
31.13	0.496	0.015	-0.071	
31.17	0.496	0.011	-0.076	
31.20	0.497	0.009	-0.053	
31.23	0.497	0.008	-0.037	
31.27	0.497	0.007	-0.045	
31.30	0.497	0.005	-0.062	
31.33	0.498	0.003	-0.072	
31.37	0.498	0.000	-0.076	
31.40	0.498	-0.003	-0.076	
31.43	0.497	-0.005	-0.073	
31.47	0.497	-0.008	-0.067	
31.50	0.497	-0.010	-0.063	
31.53	0.497	-0.011	-0.089	
31.57	0.496	-0.015	-0.131	
31.60	0.496	-0.020	-0.134	
31.63	0.495	-0.031	0.054	
31.67	0.493	-0.017	0.244	
31.70	0.494	-0.002	0.088	
31.73	0.494	-0.010	-0.105	
31.77	0.493	-0.017	-0.099	
31.80	0.492	-0.018	-0.037	
31.83	0.492	-0.018	0.008	
31.87	0.491	-0.017	0.039	
31.90	0.491	-0.015	0.061	
31.93	0.490	-0.013	0.072	
31.97	0.490	-0.010	0.076	
32.00	0.489	-0.008	0.076	
32.03	0.489	-0.005	0.073	
32.07	0.489	-0.003	0.066	
32.10	0.489	-0.001	0.055	
32.13	0.489	0.001	0.055	
32.17	0.489	0.003	0.066	
32.20	0.489	0.005	0.073	
32.23	0.489	0.008	0.076	
32.27	0.490	0.010	0.073	
32.30	0.490	0.013	0.066	
32.33	0.490	0.015	0.053	
32.37	0.491	0.016	0.045	
32.40	0.492	0.018	0.036	
32.43	0.492	0.019	0.010	
32.47	0.493	0.018	-0.004	
32.50	0.494	0.017	0.017	
32.53	0.494	0.020	0.021	
32.57	0.495	0.021	-0.026	
32.60	0.495	0.018	-0.066	
32.63	0.496	0.014	-0.052	
32.67	0.496	0.014	-0.017	
32.70	0.497	0.015	-0.015	
32.73	0.497	0.014	-0.048	
32.77	0.498	0.011	-0.072	
32.80	0.498	0.008	-0.072	
32.83	0.499	0.007	-0.080	
32.87	0.499	0.003	-0.089	
32.90	0.499	0.000	-0.084	
32.93	0.499	-0.003	-0.081	
32.97	0.499	-0.005	-0.079	
33.00	0.498	-0.008	-0.081	
33.03	0.498	-0.010	-0.083	
33.07	0.498	-0.013	-0.084	
33.10	0.497	-0.017	-0.066	
33.13	0.496	-0.018	-0.043	
33.17	0.496	-0.019	-0.043	
33.20	0.495	-0.021	-0.046	
33.23	0.495	-0.022	-0.032	
33.27	0.494	-0.023	-0.009	
33.30	0.493	-0.023	0.007	
33.33	0.492	-0.022	0.019	
33.37	0.492	-0.021	0.005	
33.40	0.491	-0.023	0.013	
33.43	0.490	-0.021	0.045	
33.47	0.489	-0.019	0.046	
33.50	0.489	-0.018	0.046	
33.53	0.488	-0.016	0.052	
33.57	0.488	-0.015	0.073	
33.60	0.487	-0.012	0.105	
33.63	0.487	-0.006	0.107	
33.67	0.487	-0.003	0.082	
33.70	0.487	-0.002	0.079	
33.73	0.487	0.001	0.101	
33.77	0.487	0.005	0.118	
33.80	0.487	0.010	0.110	
33.83	0.487	0.013	0.091	
33.87	0.488	0.015	0.074	
33.90	0.488	0.018	0.057	
33.93	0.489	0.019	0.041	
33.97	0.490	0.019	0.053	
34.00	0.490	0.022	0.088	
34.03	0.491	0.027	0.079	
34.07	0.492	0.029	0.024	
34.10	0.493	0.028	-0.018	
34.13	0.494	0.026	-0.007	
34.17	0.495	0.028	0.003	
34.20	0.496	0.028	-0.043	
34.23	0.497	0.024	-0.076	
34.27	0.498	0.021	-0.067	
34.30	0.498	0.020	-0.061	
34.33	0.499	0.018	-0.068	
34.37	0.499	0.015	-0.078	
34.40	0.500	0.013	-0.091	
34.43	0.500	0.010	-0.106	
34.47	0.501	0.005	-0.111	
34.50	0.500	0.001	-0.093	
34.53	0.501	-0.001	-0.082	
34.57	0.500	-0.003	-0.093	
34.60	0.500	-0.007	-0.096	
34.63	0.500	-0.010	-0.089	
34.67	0.500	-0.013	-0.085	
34.70	0.499	-0.016	-0.088	
34.73	0.499	-0.019	-0.091	
34.77	0.498	-0.022	-0.077	
34.80	0.497	-0.024	-0.047	
34.83	0.496	-0.024	-0.042	
34.87	0.496	-0.026	-0.057	
34.90	0.494	-0.029	-0.042	
34.93	0.494	-0.030	-0.006	
34.97	0.492	-0.029	0.014	
35.00	0.492	-0.029	0.018	
35.03	0.490	-0.029	0.041	
35.07	0.490	-0.025	0.046	
35.10	0.489	-0.025	0.036	
35.13	0.488	-0.023	0.043	
35.17	0.487	-0.022	0.060	
35.20	0.486	-0.020	0.091	
35.23	0.486	-0.016	0.106	
35.27	0.485	-0.012	0.111	
35.30	0.485	-0.008	0.108	
35.33	0.485	-0.005	0.101	
35.37	0.485	-0.002	0.104	
35.40	0.485	0.002	0.101	
35.43	0.485	0.005	0.094	
35.47	0.485	0.008	0.097	
35.50	0.486	0.011	0.111	
35.53	0.486	0.015	0.120	
35.57	0.487	0.020	0.102	
35.60	0.487	0.023	0.067	
35.63	0.488	0.024	0.030	
35.67	0.489	0.024	0.021	
35.70	0.490	0.025	0.045	
35.73	0.490	0.028	0.049	
35.77	0.492	0.029	0.015	
35.80	0.492	0.028	-0.014	
35.83	0.493	0.027	-0.010	
35.87	0.494	0.028	-0.005	
35.90	0.495	0.028	-0.021	
35.93	0.496	0.026	-0.035	
35.97	0.497	0.025	-0.050	
36.00	0.498	0.023	-0.068	
36.03	0.499	0.020	-0.080	
36.07	0.499	0.018	-0.089	
36.10	0.500	0.014	-0.085	
36.13	0.500	0.012	-0.089	
36.17	0.501	0.009	-0.115	
36.20	0.501	0.004	-0.122	
36.23	0.501	0.000	-0.110	
36.27	0.501	-0.003	-0.108	
36.30	0.501	-0.007	-0.102	
36.33	0.500	-0.010	-0.094	
36.37	0.500	-0.013	-0.096	
36.40	0.499	-0.016	-0.107	
36.43	0.499	-0.020	-0.107	
36.47	0.498	-0.024	-0.080	
36.50	0.497	-0.026	-0.054	
36.53	0.496	-0.027	-0.051	
36.57	0.495	-0.030	-0.037	
36.60	0.494	-0.030	-0.001	
36.63	0.493	-0.029	0.017	
36.67	0.492	-0.029	0.032	
36.70	0.491	-0.026	0.020	
36.73	0.491	-0.027	0.003	
36.77	0.489	-0.027	0.027	
36.80	0.489	-0.026	0.052	
36.83	0.488	-0.023	0.064	
36.87	0.487	-0.021	0.069	
36.90	0.486	-0.019	0.089	
36.93	0.486	-0.015	0.114	
36.97	0.485	-0.011	0.118	
37.00	0.485	-0.007	0.114	
37.03	0.485	-0.003	0.104	
37.07	0.485	-0.000	0.090	
37.10	0.485	0.003	0.082	
37.13	0.485	0.005	0.083	
37.17	0.485	0.008	0.093	
37.20	0.486	0.011	0.110	
37.23	0.486	0.015	0.120	
37.27	0.487	0.020	0.102	
37.30	0.487	0.023	0.067	
37.33	0.488	0.024	0.030	
37.37	0.489	0.024	0.020	
37.40	0.490	0.025	0.041	
37.43	0.490	0.027	0.038	
37.47	0.492	0.029	-0.003	
37.50	0.493	0.026	-0.026	
37.53	0.493	0.025	-0.005	
37.57	0.494	0.027	-0.005	
37.60	0.495	0.027	-0.050	
37.63	0.496	0.023	-0.082	
37.67	0.497	0.019	-0.071	
37.70	0.497	0.018	-0.051	
37.73	0.498	0.017	-0.060	
37.77	0.498	0.015	-0.086	
37.80	0.499	0.011	-0.099	
37.83	0.499	0.008	-0.099	
37.87	0.500	0.005	-0.103	
37.90	0.499	0.001	-0.100	
37.93	0.500	-0.002	-0.089	
37.97	0.499	-0.005	-0.082	
38.00	0.499	-0.008	-0.082	
38.03	0.499	-0.010	-0.088	
38.07	0.499	-0.013	-0.094	
38.10	0.498	-0.017	-0.084	
38.13	0.497	-0.020	-0.053	
38.17	0.496	-0.021	-0.029	
38.20	0.496	-0.021	-0.024	
38.23	0.495	-0.022	-0.020	
38.27	0.494	-0.022	-0.023	
38.30	0.494	-0.024	-0.018	
38.33	0.493	-0.024	-0.003	
38.37	0.492	-0.024	0.001	
38.40	0.491	-0.024	0.025	
38.43	0.490	-0.022	0.058	
38.47	0.490	-0.019	0.061	
38.50	0.489	-0.018	0.053	
38.53	0.488	-0.017	0.066	
38.57	0.488	-0.013	0.074	
38.60	0.488	-0.011	0.067	
38.63	0.487	-0.010	0.078	
38.67	0.487	-0.007	0.111	
38.70	0.487	-0.002	0.135	
38.73	0.487	0.004	0.121	
38.77	0.487	0.007	0.082	
38.80	0.487	0.008	0.063	
38.83	0.488	0.010	0.063	
38.87	0.488	0.013	0.058	
38.90	0.489	0.015	0.043	
38.93	0.489	0.015	0.033	
38.97	0.490	0.016	0.042	
39.00	0.490	0.018	0.052	
39.03	0.491	0.020	0.040	
39.07	0.491	0.022	0.005	
39.10	0.492	0.020	-0.024	
39.13	0.493	0.019	-0.018	
39.17	0.494	0.019	0.003	
39.20	0.494	0.020	0.005	
39.23	0.495	0.020	-0.017	
39.27	0.495	0.018	-0.035	
39.30	0.496	0.017	-0.049	
39.33	0.496	0.015	-0.065	
39.37	0.497	0.013	-0.073	
39.40	0.497	0.010	-0.076	
39.43	0.498	0.008	-0.077	
39.47	0.498	0.005	-0.076	
39.50	0.498	0.003	-0.073	
39.53	0.498	0.000	-0.067	
39.57	0.498	-0.002	-0.058	
39.60	0.498	-0.003	-0.062	
39.63	0.498	-0.006	-0.077	
39.67	0.498	-0.009	-0.073	
39.70	0.497	-0.011	-0.065	
39.73	0.497	-0.013	-0.069	
39.77	0.496	-0.015	-0.067	
39.80	0.496	-0.018	-0.053	
39.83	0.495	-0.020	-0.020	
39.87	0.494	-0.019	0.015	
39.90	0.494	-0.017	0.011	
39.93	0.493	-0.018	-0.013	
39.97	0.493	-0.019	-0.018	
40.00	0.492	-0.021	0.014	
40.03	0.491	-0.018	0.054	
40.07	0.491	-0.015	0.049	
40.10	0.490	-0.016	0.064	
40.13	0.490	-0.012	0.100	
40.17	0.489	-0.007	0.095	
40.20	0.489	-0.005	0.075	
40.23	0.489	-0.003	0.082	
40.27	0.489	0.001	0.078	
40.30	0.489	0.002	0.058	
40.33	0.489	0.004	0.062	
40.37	0.489	0.007	0.063	
40.40	0.490	0.008	0.063	
40.43	0.490	0.010	0.074	
40.47	0.490	0.013	0.086	
40.50	0.491	0.016	0.092	
40.53	0.492	0.020	0.068	
40.57	0.492	0.022	-0.002	
40.60	0.493	0.019	-0.045	
40.63	0.493	0.017	-0.024	
40.67	0.494	0.018	-0.000	
40.70	0.495	0.018	0.003	
40.73	0.495	0.018	-0.006	
40.77	0.496	0.018	-0.025	
40.80	0.497	0.017	-0.052	
40.83	0.497	0.014	-0.061	
40.87	0.498	0.012	-0.042	
40.90	0.498	0.012	-0.043	
40.93	0.498	0.010	-0.067	
40.97	0.498	0.006	-0.072	
41.00	0.499	0.005	-0.071	
41.03	0.499	0.002	-0.077	
41.07	0.499	-0.001	-0.067	
41.10	0.499	-0.003	-0.055	
41.13	0.499	-0.004	-0.069	
41.17	0.498	-0.007	-0.080	
41.20	0.498	-0.010	-0.069	
41.23	0.498	-0.012	-0.050	
41.27	0.497	-0.013	-0.041	
41.30	0.497	-0.014	-0.054	
41.33	0.496	-0.017	-0.058	
41.37	0.496	-0.018	-0.045	
41.40	0.495	-0.020	-0.023	
41.43	0.494	-0.021	0.018	
41.47	0.494	-0.018	0.021	
41.50	0.493	-0.018	-0.011	
41.53	0.493	-0.019	-0.028	
41.57	0.492	-0.021	-0.011	
41.60	0.491	-0.020	0.031	
41.63	0.491	-0.018	0.056	
41.67	0.490	-0.017	0.082	
41.70	0.489	-0.013	0.098	
41.73	0.489	-0.009	0.084	
41.77	0.489	-0.007	0.070	
41.80	0.488	-0.005	0.071	
41.83	0.489	-0.003	0.075	
41.87	0.488	0.000	0.079	
41.90	0.489	0.003	0.079	
41.93	0.488	0.005	0.074	
41.97	0.489	0.008	0.052	
42.00	0.489	0.008	0.045	
42.03	0.489	0.010	0.085	
42.07	0.490	0.015	0.111	
42.10	0.490	0.018	0.103	
42.13	0.491	0.022	0.068	
42.17	0.492	0.024	0.012	
42.20	0.493	0.022	-0.008	
42.23	0.493	0.022	0.014	
42.27	0.494	0.023	0.024	
42.30	0.495	0.025	-0.005	
42.33	0.496	0.024	-0.058	
42.37	0.497	0.019	-0.073	
42.40	0.497	0.017	-0.035	
42.43	0.498	0.018	-0.012	
42.47	0.498	0.018	-0.027	
42.50	0.499	0.017	-0.069	
42.53	0.499	0.013	-0.103	
42.57	0.500	0.008	-0.101	
42.60	0.500	0.005	-0.081	
42.63	0.500	0.003	-0.064	
42.67	0.500	0.002	-0.067	
42.70	0.500	-0.001	-0.089	
42.73	0.500	-0.005	-0.099	
42.77	0.500	-0.008	-0.099	
42.80	0.499	-0.011	-0.103	
42.83	0.499	-0.015	-0.099	
42.87	0.498	-0.018	-0.084	
42.90	0.498	-0.020	-0.070	
42.93	0.497	-0.023	-0.056	
42.97	0.496	-0.023	-0.070	
43.00	0.495	-0.026	-0.095	
43.03	0.495	-0.029	-0.111	
43.07	0.494	-0.041	0.049	
43.10	0.491	-0.027	0.214	
43.13	0.492	-0.014	0.058	
43.17	0.491	-0.025	-0.068	
43.20	0.490	-0.026	-0.018	
43.23	0.489	-0.024	0.021	
43.27	0.489	-0.023	0.039	
43.30	0.488	-0.022	0.062	
43.33	0.487	-0.020	0.096	
43.37	0.486	-0.015	0.117	
43.40	0.486	-0.011	0.111	
43.43	0.486	-0.008	0.097	
43.47	0.486	-0.005	0.094	
43.50	0.485	-0.002	0.101	
43.53	0.485	0.002	0.104	
43.57	0.485	0.005	0.101	
43.60	0.486	0.008	0.108	
43.63	0.486	0.012	0.114	
43.67	0.487	0.016	0.112	
43.70	0.487	0.020	0.096	
43.73	0.488	0.024	0.050	
43.77	0.489	0.023	0.022	
43.80	0.489	0.023	0.048	
43.83	0.490	0.026	0.074	
43.87	0.491	0.030	0.034	
43.90	0.492	0.029	-0.029	
43.93	0.493	0.026	-0.024	
43.97	0.494	0.027	0.015	
44.00	0.495	0.029	0.004	
44.03	0.496	0.028	-0.036	
44.07	0.497	0.026	-0.059	
44.10	0.498	0.023	-0.064	
44.13	0.498	0.021	-0.060	
44.17	0.499	0.020	-0.070	
44.20	0.500	0.017	-0.096	
44.23	0.500	0.013	-0.111	
44.27	0.501	0.009	-0.102	
44.30	0.501	0.007	-0.101	
44.33	0.501	0.003	-0.108	
44.37	0.501	-0.001	-0.097	
44.40	0.501	-0.004	-0.093	
44.43	0.501	-0.007	-0.098	
44.47	0.500	-0.010	-0.098	
44.50	0.500	-0.014	-0.103	
44.53	0.500	-0.018	-0.096	
44.57	0.499	-0.021	-0.063	
44.60	0.498	-0.021	-0.060	
44.63	0.498	-0.024	-0.072	
44.67	0.496	-0.026	-0.064	
44.70	0.496	-0.029	-0.056	
44.73	0.494	-0.031	-0.017	
44.77	0.494	-0.029	0.011	
44.80	0.493	-0.029	0.008	
44.83	0.492	-0.030	0.022	
44.87	0.490	-0.028	0.046	
44.90	0.490	-0.026	0.054	
44.93	0.489	-0.024	0.047	
44.97	0.488	-0.023	0.049	
45.00	0.487	-0.022	0.082	
45.03	0.487	-0.018	0.121	
45.07	0.486	-0.013	0.139	
45.10	0.486	-0.008	0.136	
45.13	0.486	-0.003	0.116	
45.17	0.486	-0.000	0.097	
45.20	0.486	0.003	0.091	
45.23	0.486	0.006	0.101	
45.27	0.486	0.009	0.138	
45.30	0.487	0.013	0.226	
45.33	0.487	0.022	0.349	
45.37	0.487	0.044	0.248	
45.40	0.490	0.047	-0.109	
45.43	0.491	0.032	-0.337	
45.47	0.492	0.019	-0.353	
45.50	0.493	-0.001	-0.106	
45.53	0.491	0.005	0.283	
45.57	0.492	0.037	0.175	
45.60	0.495	0.026	-0.159	
45.63	0.494	0.008	-0.059	
45.67	0.495	0.020	0.098	
45.70	0.496	0.024	0.043	
45.73	0.496	0.023	-0.033	
45.77	0.497	0.019	-0.054	
45.80	0.498	0.018	-0.035	
45.83	0.499	0.018	-0.035	
45.87	0.499	0.017	-0.063	
45.90	0.500	0.014	-0.105	
45.93	0.500	0.009	-0.116	
45.97	0.500	0.005	-0.096	
46.00	0.500	0.003	-0.079	
46.03	0.500	0.000	-0.070	
46.07	0.500	-0.001	-0.078	
46.10	0.500	-0.005	-0.086	
46.13	0.500	-0.008	-0.068	
46.17	0.500	-0.008	-0.084	
46.20	0.500	-0.013	-0.121	
46.23	0.499	-0.018	-0.117	
46.27	0.498	-0.022	-0.083	
46.30	0.497	-0.023	-0.049	
46.33	0.497	-0.024	-0.043	
46.37	0.496	-0.026	-0.042	
46.40	0.495	-0.027	-0.023	
46.43	0.494	-0.028	0.004	
46.47	0.493	-0.026	0.012	
46.50	0.492	-0.026	0.009	
46.53	0.492	-0.027	0.031	
46.57	0.490	-0.025	0.067	
46.60	0.490	-0.021	0.075	
46.63	0.489	-0.019	0.054	
46.67	0.489	-0.018	0.042	
46.70	0.488	-0.017	0.060	
46.73	0.487	-0.015	0.095	
46.77	0.487	-0.010	0.116	
46.80	0.487	-0.006	0.110	
46.83	0.486	-0.003	0.093	
46.87	0.487	0.000	0.082	
46.90	0.486	0.003	0.079	
46.93	0.487	0.005	0.082	
46.97	0.487	0.008	0.091	
47.00	0.487	0.011	0.101	
47.03	0.487	0.015	0.091	
47.07	0.488	0.018	0.044	
47.10	0.489	0.018	0.004	
47.13	0.489	0.017	0.014	
47.17	0.490	0.018	0.041	
47.20	0.491	0.020	0.046	
47.23	0.491	0.022	0.022	
47.27	0.492	0.022	-0.012	
47.30	0.493	0.021	-0.025	
47.33	0.494	0.019	-0.005	
47.37	0.494	0.021	0.008	
47.40	0.495	0.022	-0.024	
47.43	0.495	0.020	-0.071	
47.47	0.496	0.016	-0.086	
47.50	0.496	0.012	-0.057	
47.53	0.497	0.012	-0.036	
47.57	0.497	0.011	-0.054	
47.60	0.498	0.008	-0.070	
47.63	0.498	0.006	-0.072	
47.67	0.498	0.005	-0.098	
47.70	0.498	-0.001	-0.111	
47.73	0.498	-0.004	-0.085	
47.77	0.498	-0.006	-0.076	
47.80	0.498	-0.008	-0.082	
47.83	0.498	-0.012	-0.074	
47.87	0.497	-0.014	-0.047	
47.90	0.496	-0.014	-0.043	
47.93	0.496	-0.016	-0.061	
47.97	0.495	-0.019	-0.052	
48.00	0.495	-0.020	-0.022	
48.03	0.494	-0.020	0.002	
48.07	0.493	-0.020	0.017	
48.10	0.493	-0.019	0.016	
48.13	0.492	-0.019	0.005	
48.17	0.492	-0.019	0.020	
48.20	0.491	-0.018	0.046	
48.23	0.490	-0.016	0.057	
48.27	0.490	-0.013	0.053	
48.30	0.489	-0.012	0.055	
48.33	0.489	-0.010	0.065	
48.37	0.489	-0.008	0.070	
48.40	0.488	-0.005	0.070	
48.43	0.488	-0.003	0.070	
48.47	0.488	-0.001	0.088	
48.50	0.488	0.003	0.108	
48.53	0.488	0.007	0.096	
48.57	0.489	0.010	0.061	
48.60	0.489	0.011	0.015	
48.63	0.490	0.010	-0.010	
48.67	0.490	0.009	0.015	
48.70	0.490	0.011	0.060	
48.73	0.490	0.014	0.089	
48.77	0.491	0.018	0.079	
48.80	0.492	0.021	0.017	
48.83	0.493	0.019	-0.051	
48.87	0.493	0.015	-0.051	
48.90	0.493	0.014	0.004	
48.93	0.494	0.016	0.046	
48.97	0.494	0.018	0.048	
49.00	0.495	0.021	-0.004	
49.03	0.496	0.019	-0.072	
49.07	0.496	0.013	-0.071	
49.10	0.497	0.013	-0.039	
49.13	0.497	0.012	-0.047	
49.17	0.498	0.011	-0.095	
49.20	0.498	0.006	-0.158	
49.23	0.498	0.001	-0.218	
49.27	0.498	-0.008	-0.244	
49.30	0.498	-0.023	-0.058	
49.33	0.496	-0.019	0.283	
49.37	0.495	0.009	0.275	
49.40	0.498	0.012	-0.076	
49.43	0.497	-0.005	-0.227	
49.47	0.497	-0.012	-0.149	
49.50	0.496	-0.012	-0.113	
49.53	0.496	-0.016	-0.148	
49.57	0.495	-0.023	-0.139	
49.60	0.495	-0.034	0.075	
49.63	0.492	-0.018	0.265	
49.67	0.493	-0.002	0.095	
49.70	0.493	-0.012	-0.095	
49.73	0.492	-0.016	-0.090	
49.77	0.492	-0.019	-0.022	
49.80	0.491	-0.017	0.049	
49.83	0.490	-0.014	0.070	
49.87	0.490	-0.012	0.076	
49.90	0.489	-0.010	0.091	
49.93	0.489	-0.006	0.091	
49.97	0.489	-0.003	0.073	
50.00	0.489	-0.001	0.052	
50.03	0.489	0.000	0.045	
50.07	0.489	0.001	0.066	
50.10	0.489	0.005	0.084	
50.13	0.490	0.008	0.085	
50.17	0.490	0.010	0.088	
50.20	0.490	0.013	0.094	
50.23	0.490	0.016	0.096	
50.27	0.491	0.021	0.056	
50.30	0.492	0.021	-0.015	
50.33	0.493	0.019	-0.044	
50.37	0.493	0.017	-0.016	
50.40	0.494	0.017	0.030	
50.43	0.494	0.020	0.040	
50.47	0.495	0.021	-0.004	
50.50	0.496	0.020	-0.053	
50.53	0.497	0.016	-0.058	
50.57	0.497	0.014	-0.023	
50.60	0.498	0.015	-0.002	
50.63	0.498	0.016	-0.024	
50.67	0.499	0.014	-0.050	
50.70	0.499	0.012	-0.053	
50.73	0.499	0.012	-0.091	
50.77	0.500	0.005	-0.114	
50.80	0.500	0.002	-0.099	
50.83	0.500	-0.001	-0.102	
50.87	0.500	-0.005	-0.098	
50.90	0.500	-0.008	-0.089	
50.93	0.499	-0.010	-0.084	
50.97	0.499	-0.013	-0.084	
51.00	0.498	-0.016	-0.081	
51.03	0.498	-0.019	-0.061	
51.07	0.497	-0.020	-0.044	
51.10	0.496	-0.020	-0.088	
51.13	0.496	-0.025	-0.142	
51.17	0.495	-0.031	-0.124	
51.20	0.494	-0.041	0.089	
51.23	0.491	-0.024	0.263	
51.27	0.492	-0.010	0.083	
51.30	0.492	-0.020	-0.076	
51.33	0.490	-0.023	-0.031	
51.37	0.490	-0.022	0.039	
51.40	0.489	-0.019	0.071	
51.43	0.489	-0.016	0.058	
51.47	0.488	-0.015	0.052	
51.50	0.488	-0.014	0.074	
51.53	0.487	-0.010	0.096	
51.57	0.487	-0.006	0.088	
51.60	0.487	-0.005	0.081	
51.63	0.487	-0.002	0.094	
51.67	0.486	0.002	0.101	
51.70	0.487	0.005	0.102	
51.73	0.487	0.008	0.110	
51.77	0.487	0.013	0.107	
51.80	0.488	0.017	0.077	
51.83	0.488	0.018	0.048	
51.87	0.489	0.019	0.048	
51.90	0.490	0.021	0.061	
51.93	0.490	0.023	0.062	
51.97	0.491	0.025	0.046	
52.00	0.492	0.027	0.013	
52.03	0.493	0.026	-0.007	
52.07	0.494	0.025	0.008	
52.10	0.495	0.027	0.008	
52.13	0.495	0.027	-0.021	
52.17	0.496	0.025	-0.028	
52.20	0.497	0.024	-0.017	
52.23	0.498	0.025	-0.051	
52.27	0.499	0.021	-0.096	
52.30	0.499	0.018	-0.110	
52.33	0.500	0.013	-0.109	
52.37	0.500	0.010	-0.100	
52.40	0.501	0.007	-0.100	
52.43	0.501	0.003	-0.093	
52.47	0.501	0.001	-0.078	
52.50	0.501	-0.001	-0.082	
52.53	0.501	-0.005	-0.093	
52.57	0.500	-0.008	-0.096	
52.60	0.500	-0.011	-0.103	
52.63	0.500	-0.015	-0.099	
52.67	0.499	-0.018	-0.084	
52.70	0.499	-0.020	-0.067	
52.73	0.498	-0.022	-0.048	
52.77	0.497	-0.023	-0.043	
52.80	0.496	-0.024	-0.057	
52.83	0.495	-0.028	-0.057	
52.87	0.495	-0.029	-0.027	
52.90	0.493	-0.029	-0.007	
52.93	0.493	-0.029	-0.008	
52.97	0.492	-0.030	0.008	
53.00	0.491	-0.029	0.046	
53.03	0.489	-0.026	0.068	
53.07	0.489	-0.024	0.061	
53.10	0.488	-0.023	0.063	
53.13	0.487	-0.020	0.082	
53.17	0.487	-0.017	0.107	
53.20	0.486	-0.013	0.121	
53.23	0.486	-0.008	0.115	
53.27	0.486	-0.005	0.103	
53.30	0.485	-0.002	0.101	
53.33	0.486	0.002	0.094	
53.37	0.486	0.005	0.082	
53.40	0.486	0.006	0.093	
53.43	0.486	0.010	0.115	
53.47	0.487	0.015	0.116	
53.50	0.487	0.018	0.106	
53.53	0.488	0.022	0.084	
53.57	0.488	0.024	0.054	
53.60	0.489	0.025	0.052	
53.63	0.490	0.027	0.064	
53.67	0.491	0.032	0.013	
53.70	0.492	0.028	-0.044	
53.73	0.493	0.026	-0.025	
53.77	0.494	0.026	0.009	
53.80	0.495	0.028	-0.007	
53.83	0.496	0.026	-0.035	
53.87	0.496	0.024	-0.030	
53.90	0.498	0.025	-0.035	
53.93	0.498	0.023	-0.059	
53.97	0.499	0.020	-0.080	
54.00	0.500	0.017	-0.098	
54.03	0.500	0.013	-0.100	
54.07	0.500	0.010	-0.093	
54.10	0.501	0.008	-0.093	
54.13	0.501	0.005	-0.101	
54.17	0.501	0.001	-0.104	
54.20	0.501	-0.003	-0.100	
54.23	0.501	-0.006	-0.104	
54.27	0.501	-0.010	-0.101	
54.30	0.500	-0.013	-0.093	
54.33	0.500	-0.016	-0.091	
54.37	0.499	-0.019	-0.092	
54.40	0.499	-0.022	-0.077	
54.43	0.498	-0.024	-0.043	
54.47	0.497	-0.024	-0.031	
54.50	0.496	-0.026	-0.035	
54.53	0.495	-0.027	-0.020	
54.57	0.494	-0.028	0.004	
54.60	0.493	-0.026	0.012	
54.63	0.493	-0.026	0.009	
54.67	0.492	-0.027	0.030	
54.70	0.491	-0.025	0.064	
54.73	0.490	-0.021	0.068	
54.77	0.489	-0.019	0.047	
54.80	0.489	-0.019	0.049	
54.83	0.488	-0.017	0.084	
54.87	0.487	-0.013	0.117	
54.90	0.487	-0.010	0.169	
54.93	0.487	-0.003	0.250	
54.97	0.487	0.006	0.323	
55.00	0.487	0.025	0.209	
55.03	0.489	0.027	-0.071	
55.07	0.489	0.012	-0.150	
55.10	0.489	0.009	-0.021	
55.13	0.489	0.013	0.070	
55.17	0.490	0.019	0.012	
55.20	0.491	0.016	-0.115	
55.23	0.491	0.012	-0.225	
55.27	0.492	-0.006	-0.134	
55.30	0.490	-0.006	0.187	
55.33	0.491	0.015	0.293	
55.37	0.492	0.022	0.155	
55.40	0.493	0.023	0.035	
55.43	0.493	0.021	-0.007	
55.47	0.494	0.021	0.000	
55.50	0.495	0.022	-0.009	
55.53	0.496	0.022	-0.042	
55.57	0.496	0.019	-0.056	
55.60	0.497	0.017	-0.038	
55.63	0.497	0.017	-0.037	
55.67	0.498	0.015	-0.060	
55.70	0.498	0.013	-0.081	
55.73	0.499	0.010	-0.101	
55.77	0.499	0.006	-0.106	
55.80	0.499	0.002	-0.096	
55.83	0.499	-0.001	-0.074	
55.87	0.499	-0.003	-0.056	
55.90	0.499	-0.004	-0.071	
55.93	0.499	-0.007	-0.088	
55.97	0.499	-0.010	-0.090	
56.00	0.498	-0.013	-0.087	
56.03	0.498	-0.017	-0.066	
56.07	0.497	-0.018	-0.040	
56.10	0.496	-0.019	-0.036	
56.13	0.496	-0.020	-0.035	
56.17	0.495	-0.021	-0.034	
56.20	0.495	-0.023	-0.025	
56.23	0.494	-0.023	-0.008	
56.27	0.493	-0.023	0.007	
56.30	0.492	-0.023	0.022	
56.33	0.492	-0.021	0.028	
56.37	0.491	-0.021	0.032	
56.40	0.490	-0.020	0.053	
56.43	0.489	-0.017	0.080	
56.47	0.489	-0.014	0.083	
56.50	0.488	-0.011	0.066	
56.53	0.488	-0.010	0.061	
56.57	0.488	-0.008	0.078	
56.60	0.488	-0.005	0.099	
56.63	0.487	-0.001	0.120	
56.67	0.488	0.005	0.098	
56.70	0.488	0.006	0.062	
56.73	0.488	0.008	0.052	
56.77	0.488	0.010	0.038	
56.80	0.489	0.010	0.032	
56.83	0.489	0.011	0.043	
56.87	0.489	0.013	0.061	
56.90	0.490	0.015	0.065	
56.93	0.490	0.018	0.052	
56.97	0.491	0.020	0.017	
57.00	0.492	0.019	-0.024	
57.03	0.493	0.017	-0.028	
57.07	0.493	0.016	-0.000	
57.10	0.494	0.017	0.009	
57.13	0.494	0.018	-0.007	
57.17	0.495	0.017	-0.035	
57.20	0.495	0.015	-0.059	
57.23	0.496	0.013	-0.067	
57.27	0.496	0.010	-0.061	
57.30	0.496	0.008	-0.044	
57.33	0.496	0.008	-0.037	
57.37	0.497	0.007	-0.055	
57.40	0.497	0.004	-0.084	
57.43	0.497	0.001	-0.093	
57.47	0.497	-0.002	-0.083	
57.50	0.497	-0.005	-0.069	
57.53	0.497	-0.007	-0.053	
57.57	0.497	-0.008	-0.048	
57.60	0.496	-0.010	-0.054	
57.63	0.496	-0.011	-0.069	
57.67	0.495	-0.015	-0.074	
57.70	0.495	-0.017	-0.053	
57.73	0.494	-0.018	-0.031	
57.77	0.494	-0.019	-0.009	
57.80	0.493	-0.019	0.003	
57.83	0.493	-0.019	-0.004	
57.87	0.492	-0.019	0.005	
57.90	0.491	-0.018	0.021	
57.93	0.490	-0.018	0.035	
57.97	0.490	-0.017	0.064	
58.00	0.489	-0.013	0.083	
58.03	0.489	-0.010	0.081	
58.07	0.489	-0.008	0.076	
58.10	0.489	-0.005	0.070	
58.13	0.488	-0.004	0.077	
58.17	0.488	0.000	0.066	
58.20	0.488	0.001	0.051	
58.23	0.488	0.003	0.061	
58.27	0.489	0.005	0.066	
58.30	0.489	0.008	0.064	
58.33	0.489	0.010	0.055	
58.37	0.489	0.011	0.055	
58.40	0.490	0.013	0.064	
58.43	0.490	0.015	0.063	
58.47	0.491	0.018	0.045	
58.50	0.491	0.019	0.010	
58.53	0.492	0.018	-0.013	
58.57	0.493	0.017	0.001	
58.60	0.493	0.018	0.018	
58.63	0.494	0.019	0.001	
58.67	0.495	0.018	-0.023	
58.70	0.495	0.017	-0.040	
58.73	0.496	0.015	-0.049	
58.77	0.496	0.014	-0.040	
58.80	0.497	0.013	-0.036	
58.83	0.497	0.012	-0.054	
58.87	0.498	0.010	-0.080	
58.90	0.498	0.006	-0.084	
58.93	0.498	0.003	-0.070	
58.97	0.498	0.002	-0.070	
59.00	0.498	-0.001	-0.089	
59.03	0.498	-0.005	-0.094	
59.07	0.498	-0.008	-0.083	
59.10	0.497	-0.010	-0.067	
59.13	0.497	-0.012	-0.049	
59.17	0.496	-0.013	-0.043	
59.20	0.496	-0.014	-0.061	
59.23	0.495	-0.017	-0.071	
59.27	0.495	-0.020	-0.052	
59.30	0.494	-0.021	-0.031	
59.33	0.494	-0.022	-0.010	
59.37	0.493	-0.021	-0.000	
59.40	0.492	-0.021	-0.009	
59.43	0.491	-0.022	0.001	
59.47	0.491	-0.022	0.036	
59.50	0.490	-0.020	0.073	
59.53	0.489	-0.016	0.081	
59.57	0.489	-0.014	0.072	
59.60	0.488	-0.011	0.040	
59.63	0.488	-0.012	0.018	
59.67	0.487	-0.011	0.048	
59.70	0.487	-0.008	0.071	
59.73	0.487	-0.006	0.076	
59.77	0.487	-0.004	0.096	
59.80	0.487	0.000	0.126	
59.83	0.487	0.005	0.136	
59.87	0.487	0.010	0.123	
59.90	0.488	0.014	0.084	
59.93	0.488	0.016	0.048	
59.97	0.489	0.017	0.021	
60.00	0.489	0.016	-0.002	
