Vernier Format 2
0.6.txt 1/28/2019 19:35:31
Run 1
Time	Position	Velocity	Acceleration	
T	P	V	A	
s	m	m/s	m/s^2	

0.00	0.493	0.004	-0.045	
0.03	0.494	0.002	-0.044	
0.07	0.494	0.001	-0.047	
0.10	0.494	-0.001	-0.035	
0.13	0.493	-0.002	-0.002	
0.17	0.494	-0.001	0.009	
0.20	0.493	-0.000	-0.005	
0.23	0.494	-0.001	-0.025	
0.27	0.493	-0.002	-0.033	
0.30	0.493	-0.004	-0.015	
0.33	0.493	-0.003	-0.000	
0.37	0.493	-0.003	-0.005	
0.40	0.493	-0.004	0.003	
0.43	0.493	-0.003	0.011	
0.47	0.493	-0.003	0.004	
0.50	0.493	-0.003	-0.004	
0.53	0.493	-0.003	-0.011	
0.57	0.493	-0.004	-0.004	
0.60	0.492	-0.003	0.000	
0.63	0.492	-0.003	-0.011	
0.67	0.492	-0.004	-0.007	
0.70	0.492	-0.004	0.012	
0.73	0.492	-0.003	0.022	
0.77	0.492	-0.003	0.022	
0.80	0.492	-0.002	0.027	
0.83	0.492	-0.001	0.027	
0.87	0.492	0.000	0.023	
0.90	0.492	0.001	0.027	
0.93	0.492	0.002	0.028	
0.97	0.492	0.003	0.027	
1.00	0.492	0.003	0.037	
1.03	0.492	0.004	0.041	
1.07	0.492	0.007	0.023	
1.10	0.493	0.007	-0.003	
1.13	0.493	0.006	-0.006	
1.17	0.493	0.006	0.013	
1.20	0.493	0.007	0.021	
1.23	0.493	0.008	0.017	
1.27	0.493	0.008	0.012	
1.30	0.494	0.009	-0.007	
1.33	0.494	0.008	-0.023	
1.37	0.494	0.006	-0.015	
1.40	0.494	0.007	-0.014	
1.43	0.495	0.006	-0.030	
1.47	0.495	0.004	-0.023	
1.50	0.495	0.004	0.007	
1.53	0.495	0.006	0.002	
1.57	0.496	0.005	-0.028	
1.60	0.495	0.003	-0.040	
1.63	0.496	0.002	-0.045	
1.67	0.496	0.000	-0.040	
1.70	0.496	-0.001	-0.018	
1.73	0.495	-0.001	0.001	
1.77	0.496	0.001	-0.038	
1.80	0.496	-0.004	-0.078	
1.83	0.495	-0.007	-0.056	
1.87	0.495	-0.008	-0.030	
1.90	0.495	-0.008	-0.019	
1.93	0.495	-0.008	-0.028	
1.97	0.494	-0.010	-0.033	
2.00	0.494	-0.011	-0.029	
2.03	0.494	-0.012	-0.015	
2.07	0.493	-0.012	0.010	
2.10	0.493	-0.011	0.018	
2.13	0.493	-0.010	0.011	
2.17	0.492	-0.010	0.005	
2.20	0.492	-0.010	0.006	
2.23	0.491	-0.010	0.016	
2.27	0.491	-0.010	0.034	
2.30	0.491	-0.008	0.045	
2.33	0.491	-0.006	0.039	
2.37	0.490	-0.005	0.032	
2.40	0.490	-0.004	0.043	
2.43	0.490	-0.002	0.057	
2.47	0.490	-0.000	0.057	
2.50	0.490	0.002	0.043	
2.53	0.490	0.003	0.033	
2.57	0.490	0.003	0.043	
2.60	0.490	0.005	0.057	
2.63	0.490	0.008	0.057	
2.67	0.491	0.010	0.042	
2.70	0.491	0.010	0.028	
2.73	0.492	0.011	0.028	
2.77	0.492	0.012	0.027	
2.80	0.493	0.013	0.023	
2.83	0.493	0.013	0.026	
2.87	0.493	0.015	0.023	
2.90	0.494	0.015	0.010	
2.93	0.494	0.015	-0.002	
2.97	0.495	0.015	-0.018	
3.00	0.495	0.015	-0.041	
3.03	0.496	0.012	-0.056	
3.07	0.496	0.010	-0.039	
3.10	0.496	0.010	-0.021	
3.13	0.497	0.009	-0.036	
3.17	0.497	0.008	-0.054	
3.20	0.498	0.005	-0.060	
3.23	0.497	0.003	-0.054	
3.27	0.498	0.002	-0.055	
3.30	0.498	-0.000	-0.066	
3.33	0.498	-0.003	-0.072	
3.37	0.497	-0.005	-0.072	
3.40	0.497	-0.008	-0.066	
3.43	0.497	-0.010	-0.055	
3.47	0.497	-0.011	-0.053	
3.50	0.496	-0.013	-0.054	
3.53	0.496	-0.015	-0.042	
3.57	0.495	-0.016	-0.016	
3.60	0.495	-0.015	-0.016	
3.63	0.494	-0.017	-0.027	
3.67	0.493	-0.018	-0.015	
3.70	0.493	-0.018	-0.007	
3.73	0.492	-0.018	-0.000	
3.77	0.492	-0.018	0.005	
3.80	0.491	-0.018	0.016	
3.83	0.491	-0.017	0.034	
3.87	0.490	-0.015	0.049	
3.90	0.490	-0.013	0.049	
3.93	0.489	-0.012	0.050	
3.97	0.489	-0.010	0.055	
4.00	0.488	-0.008	0.054	
4.03	0.488	-0.007	0.061	
4.07	0.488	-0.005	0.077	
4.10	0.488	-0.001	0.077	
4.13	0.488	0.001	0.076	
4.17	0.488	0.003	0.088	
4.20	0.488	0.007	0.085	
4.23	0.488	0.010	0.066	
4.27	0.489	0.011	0.059	
4.30	0.489	0.013	0.066	
4.33	0.489	0.015	0.068	
4.37	0.490	0.018	0.060	
4.40	0.491	0.020	0.039	
4.43	0.492	0.020	0.021	
4.47	0.492	0.021	0.016	
4.50	0.493	0.021	0.022	
4.53	0.493	0.023	0.017	
4.57	0.494	0.023	-0.004	
4.60	0.495	0.022	-0.030	
4.63	0.496	0.021	-0.049	
4.67	0.496	0.019	-0.050	
4.70	0.497	0.017	-0.054	
4.73	0.498	0.015	-0.065	
4.77	0.498	0.013	-0.069	
4.80	0.498	0.010	-0.066	
4.83	0.499	0.008	-0.060	
4.87	0.499	0.007	-0.070	
4.90	0.499	0.004	-0.099	
4.93	0.499	0.000	-0.114	
4.97	0.499	-0.004	-0.103	
5.00	0.499	-0.007	-0.082	
5.03	0.499	-0.009	-0.082	
5.07	0.498	-0.012	-0.088	
5.10	0.498	-0.015	-0.081	
5.13	0.497	-0.018	-0.072	
5.17	0.497	-0.020	-0.062	
5.20	0.496	-0.022	-0.061	
5.23	0.495	-0.025	-0.051	
5.27	0.494	-0.026	-0.024	
5.30	0.494	-0.026	-0.004	
5.33	0.493	-0.026	0.024	
5.37	0.492	-0.023	0.022	
5.40	0.491	-0.024	0.009	
5.43	0.490	-0.023	0.016	
5.47	0.490	-0.023	0.022	
5.50	0.489	-0.022	0.041	
5.53	0.488	-0.020	0.061	
5.57	0.487	-0.018	0.073	
5.60	0.487	-0.015	0.080	
5.63	0.486	-0.013	0.088	
5.67	0.486	-0.010	0.100	
5.70	0.486	-0.006	0.103	
5.73	0.486	-0.003	0.100	
5.77	0.485	0.001	0.104	
5.80	0.486	0.005	0.104	
5.83	0.486	0.008	0.100	
5.87	0.486	0.011	0.104	
5.90	0.486	0.015	0.103	
5.93	0.487	0.018	0.095	
5.97	0.488	0.021	0.088	
6.00	0.489	0.024	0.067	
6.03	0.489	0.026	0.043	
6.07	0.490	0.026	0.042	
6.10	0.491	0.028	0.043	
6.13	0.492	0.030	0.025	
6.17	0.493	0.030	-0.001	
6.20	0.494	0.029	-0.014	
6.23	0.495	0.030	-0.030	
6.27	0.496	0.028	-0.053	
6.30	0.497	0.025	-0.047	
6.33	0.498	0.025	-0.043	
6.37	0.499	0.023	-0.063	
6.40	0.499	0.020	-0.085	
6.43	0.500	0.017	-0.109	
6.47	0.501	0.013	-0.122	
6.50	0.501	0.008	-0.115	
6.53	0.501	0.005	-0.105	
6.57	0.501	0.002	-0.109	
6.60	0.501	-0.002	-0.113	
6.63	0.501	-0.006	-0.116	
6.67	0.501	-0.010	-0.118	
6.70	0.500	-0.013	-0.119	
6.73	0.500	-0.018	-0.115	
6.77	0.499	-0.022	-0.093	
6.80	0.499	-0.024	-0.080	
6.83	0.498	-0.026	-0.084	
6.87	0.497	-0.030	-0.069	
6.90	0.495	-0.032	-0.031	
6.93	0.495	-0.031	-0.009	
6.97	0.493	-0.032	-0.012	
7.00	0.493	-0.033	-0.005	
7.03	0.491	-0.033	0.023	
7.07	0.490	-0.031	0.050	
7.10	0.489	-0.029	0.075	
7.13	0.488	-0.025	0.075	
7.17	0.488	-0.024	0.069	
7.20	0.487	-0.021	0.075	
7.23	0.486	-0.019	0.069	
7.27	0.485	-0.017	0.084	
7.30	0.485	-0.014	0.119	
7.33	0.484	-0.008	0.133	
7.37	0.484	-0.004	0.116	
7.40	0.484	-0.001	0.114	
7.43	0.484	0.003	0.136	
7.47	0.484	0.008	0.151	
7.50	0.485	0.013	0.154	
7.53	0.485	0.019	0.128	
7.57	0.486	0.022	0.091	
7.60	0.487	0.024	0.085	
7.63	0.488	0.027	0.100	
7.67	0.488	0.032	0.087	
7.70	0.490	0.034	0.041	
7.73	0.491	0.033	0.028	
7.77	0.492	0.035	0.031	
7.80	0.493	0.037	-0.001	
7.83	0.495	0.035	-0.022	
7.87	0.495	0.035	-0.033	
7.90	0.497	0.033	-0.047	
7.93	0.498	0.031	-0.034	
7.97	0.499	0.032	-0.047	
8.00	0.500	0.029	-0.102	
8.03	0.501	0.024	-0.129	
8.07	0.501	0.019	-0.114	
8.10	0.502	0.016	-0.095	
8.13	0.502	0.014	-0.110	
8.17	0.503	0.009	-0.146	
8.20	0.503	0.003	-0.160	
8.23	0.503	-0.002	-0.151	
8.27	0.503	-0.006	-0.149	
8.30	0.503	-0.012	-0.140	
8.33	0.502	-0.017	-0.110	
8.37	0.502	-0.019	-0.101	
8.40	0.501	-0.022	-0.124	
8.43	0.500	-0.028	-0.133	
8.47	0.499	-0.032	-0.108	
8.50	0.498	-0.034	-0.085	
8.53	0.497	-0.038	-0.064	
8.57	0.496	-0.039	-0.027	
8.60	0.494	-0.038	-0.019	
8.63	0.493	-0.040	-0.019	
8.67	0.491	-0.041	0.024	
8.70	0.490	-0.038	0.047	
8.73	0.489	-0.038	0.059	
8.77	0.488	-0.035	0.087	
8.80	0.487	-0.031	0.097	
8.83	0.486	-0.027	0.082	
8.87	0.485	-0.027	0.091	
8.90	0.484	-0.023	0.131	
8.93	0.483	-0.017	0.159	
8.97	0.483	-0.011	0.159	
9.00	0.483	-0.006	0.132	
9.03	0.482	-0.003	0.114	
9.07	0.482	0.001	0.123	
9.10	0.482	0.005	0.144	
9.13	0.483	0.010	0.164	
9.17	0.483	0.016	0.181	
9.20	0.484	0.023	0.179	
9.23	0.484	0.029	0.145	
9.27	0.486	0.033	0.105	
9.30	0.487	0.035	0.095	
9.33	0.488	0.039	0.081	
9.37	0.489	0.041	0.054	
9.40	0.491	0.042	0.046	
9.43	0.492	0.045	0.025	
9.47	0.494	0.044	-0.000	
9.50	0.495	0.044	-0.009	
9.53	0.497	0.044	-0.023	
9.57	0.498	0.043	-0.048	
9.60	0.500	0.041	-0.083	
9.63	0.501	0.037	-0.107	
9.67	0.502	0.034	-0.144	
9.70	0.503	0.028	-0.182	
9.73	0.504	0.020	-0.168	
9.77	0.504	0.016	-0.136	
9.80	0.505	0.012	-0.135	
9.83	0.505	0.007	-0.155	
9.87	0.506	0.002	-0.179	
9.90	0.505	-0.005	-0.187	
9.93	0.505	-0.012	-0.169	
9.97	0.505	-0.016	-0.154	
10.00	0.504	-0.021	-0.155	
10.03	0.503	-0.027	-0.143	
10.07	0.502	-0.031	-0.126	
10.10	0.501	-0.035	-0.126	
10.13	0.500	-0.040	-0.111	
10.17	0.498	-0.043	-0.073	
10.20	0.497	-0.044	-0.047	
10.23	0.495	-0.046	-0.029	
10.27	0.494	-0.046	-0.012	
10.30	0.492	-0.046	-0.002	
10.33	0.491	-0.046	0.009	
10.37	0.489	-0.046	0.032	
10.40	0.488	-0.045	0.074	
10.43	0.486	-0.041	0.117	
10.47	0.485	-0.036	0.137	
10.50	0.484	-0.032	0.155	
10.53	0.483	-0.025	0.150	
10.57	0.482	-0.022	0.141	
10.60	0.481	-0.016	0.148	
10.63	0.481	-0.012	0.159	
10.67	0.481	-0.006	0.189	
10.70	0.481	0.001	0.191	
10.73	0.481	0.007	0.167	
10.77	0.481	0.012	0.153	
10.80	0.482	0.016	0.166	
10.83	0.482	0.022	0.201	
10.87	0.483	0.031	0.193	
10.90	0.484	0.037	0.138	
10.93	0.486	0.040	0.105	
10.97	0.487	0.043	0.091	
11.00	0.488	0.046	0.070	
11.03	0.490	0.048	0.045	
11.07	0.492	0.049	0.024	
11.10	0.493	0.049	0.016	
11.13	0.495	0.050	-0.002	
11.17	0.497	0.049	-0.024	
11.20	0.498	0.049	-0.046	
11.23	0.500	0.047	-0.085	
11.27	0.501	0.042	-0.108	
11.30	0.503	0.039	-0.112	
11.33	0.504	0.036	-0.147	
11.37	0.505	0.029	-0.181	
11.40	0.506	0.023	-0.190	
11.43	0.507	0.017	-0.202	
11.47	0.507	0.009	-0.195	
11.50	0.507	0.003	-0.178	
11.53	0.507	-0.002	-0.193	
11.57	0.507	-0.009	-0.223	
11.60	0.507	-0.018	-0.209	
11.63	0.506	-0.023	-0.177	
11.67	0.505	-0.029	-0.170	
11.70	0.504	-0.035	-0.157	
11.73	0.503	-0.039	-0.141	
11.77	0.502	-0.045	-0.110	
11.80	0.500	-0.047	-0.065	
11.83	0.498	-0.048	-0.058	
11.87	0.497	-0.050	-0.079	
11.90	0.495	-0.055	-0.058	
11.93	0.493	-0.055	0.002	
11.97	0.491	-0.054	0.052	
12.00	0.489	-0.051	0.081	
12.03	0.488	-0.048	0.098	
12.07	0.486	-0.044	0.108	
12.10	0.485	-0.041	0.119	
12.13	0.483	-0.038	0.160	
12.17	0.482	-0.029	0.161	
12.20	0.482	-0.026	0.129	
12.23	0.481	-0.022	0.141	
12.27	0.480	-0.017	0.177	
12.30	0.479	-0.010	0.213	
12.33	0.479	-0.002	0.231	
12.37	0.479	0.006	0.233	
12.40	0.480	0.014	0.209	
12.43	0.480	0.020	0.175	
12.47	0.481	0.024	0.171	
12.50	0.482	0.031	0.178	
12.53	0.483	0.037	0.160	
12.57	0.484	0.042	0.138	
12.60	0.486	0.046	0.120	
12.63	0.487	0.050	0.090	
12.67	0.489	0.052	0.069	
12.70	0.491	0.054	0.061	
12.73	0.493	0.056	0.041	
12.77	0.495	0.058	-0.001	
12.80	0.497	0.056	-0.045	
12.83	0.498	0.054	-0.069	
12.87	0.500	0.051	-0.085	
12.90	0.502	0.049	-0.109	
12.93	0.504	0.045	-0.149	
12.97	0.505	0.038	-0.179	
13.00	0.506	0.032	-0.177	
13.03	0.507	0.026	-0.167	
13.07	0.508	0.022	-0.186	
13.10	0.508	0.015	-0.223	
13.13	0.509	0.006	-0.233	
13.17	0.509	-0.002	-0.218	
13.20	0.509	-0.008	-0.208	
13.23	0.508	-0.015	-0.205	
13.27	0.508	-0.022	-0.193	
13.30	0.507	-0.028	-0.180	
13.33	0.506	-0.034	-0.177	
13.37	0.505	-0.040	-0.166	
13.40	0.503	-0.046	-0.142	
13.43	0.501	-0.049	-0.129	
13.47	0.500	-0.054	-0.118	
13.50	0.498	-0.058	-0.083	
13.53	0.496	-0.060	-0.028	
13.57	0.494	-0.059	0.013	
13.60	0.492	-0.059	0.033	
13.63	0.490	-0.057	0.045	
13.67	0.488	-0.056	0.061	
13.70	0.486	-0.053	0.093	
13.73	0.485	-0.049	0.120	
13.77	0.483	-0.046	0.164	
13.80	0.481	-0.038	0.191	
13.83	0.480	-0.033	0.192	
13.87	0.479	-0.026	0.203	
13.90	0.479	-0.019	0.202	
13.93	0.478	-0.012	0.204	
13.97	0.478	-0.005	0.210	
14.00	0.478	0.002	0.210	
14.03	0.478	0.008	0.223	
14.07	0.478	0.016	0.248	
14.10	0.479	0.026	0.255	
14.13	0.480	0.035	0.225	
14.17	0.481	0.041	0.181	
14.20	0.483	0.046	0.148	
14.23	0.484	0.051	0.118	
14.27	0.486	0.054	0.097	
14.30	0.488	0.057	0.088	
14.33	0.490	0.060	0.079	
14.37	0.492	0.063	0.048	
14.40	0.494	0.063	-0.004	
14.43	0.496	0.062	-0.040	
14.47	0.498	0.061	-0.068	
14.50	0.500	0.057	-0.086	
14.53	0.502	0.054	-0.094	
14.57	0.504	0.052	-0.131	
14.60	0.506	0.046	-0.176	
14.63	0.507	0.039	-0.191	
14.67	0.508	0.033	-0.196	
14.70	0.509	0.026	-0.203	
14.73	0.510	0.020	-0.221	
14.77	0.511	0.012	-0.252	
14.80	0.511	0.003	-0.267	
14.83	0.511	-0.007	-0.253	
14.87	0.510	-0.015	-0.224	
14.90	0.510	-0.021	-0.209	
14.93	0.509	-0.028	-0.206	
14.97	0.508	-0.035	-0.194	
15.00	0.506	-0.041	-0.184	
15.03	0.505	-0.047	-0.187	
15.07	0.503	-0.054	-0.178	
15.10	0.502	-0.060	-0.134	
15.13	0.499	-0.063	-0.074	
15.17	0.497	-0.064	-0.036	
15.20	0.495	-0.065	-0.020	
15.23	0.493	-0.066	0.004	
15.27	0.490	-0.065	0.050	
15.30	0.489	-0.062	0.082	
15.33	0.486	-0.059	0.099	
15.37	0.485	-0.056	0.123	
15.40	0.483	-0.052	0.165	
15.43	0.481	-0.044	0.176	
15.47	0.480	-0.040	0.173	
15.50	0.478	-0.033	0.194	
15.53	0.478	-0.026	0.204	
15.57	0.477	-0.020	0.227	
15.60	0.476	-0.012	0.264	
15.63	0.476	-0.002	0.290	
15.67	0.476	0.009	0.276	
15.70	0.476	0.017	0.240	
15.73	0.477	0.024	0.228	
15.77	0.478	0.032	0.234	
15.80	0.479	0.040	0.218	
15.83	0.481	0.047	0.170	
15.87	0.483	0.051	0.129	
15.90	0.484	0.055	0.121	
15.93	0.486	0.059	0.118	
15.97	0.488	0.063	0.094	
16.00	0.490	0.066	0.054	
16.03	0.493	0.067	0.020	
16.07	0.495	0.067	-0.001	
16.10	0.497	0.067	-0.025	
16.13	0.499	0.066	-0.066	
16.17	0.501	0.063	-0.122	
16.20	0.504	0.057	-0.159	
16.23	0.505	0.051	-0.173	
16.27	0.507	0.046	-0.190	
16.30	0.508	0.039	-0.208	
16.33	0.510	0.032	-0.235	
16.37	0.511	0.023	-0.256	
16.40	0.511	0.014	-0.250	
16.43	0.511	0.007	-0.248	
16.47	0.512	-0.002	-0.255	
16.50	0.511	-0.010	-0.258	
16.53	0.511	-0.019	-0.268	
16.57	0.510	-0.029	-0.253	
16.60	0.509	-0.036	-0.227	
16.63	0.508	-0.044	-0.212	
16.67	0.506	-0.051	-0.190	
16.70	0.504	-0.056	-0.168	
16.73	0.502	-0.062	-0.146	
16.77	0.500	-0.066	-0.116	
16.80	0.498	-0.070	-0.070	
16.83	0.495	-0.070	-0.039	
16.87	0.493	-0.072	-0.026	
16.90	0.490	-0.073	0.013	
16.93	0.488	-0.072	0.064	
16.97	0.486	-0.069	0.113	
17.00	0.484	-0.064	0.151	
17.03	0.481	-0.058	0.177	
17.07	0.480	-0.051	0.174	
17.10	0.478	-0.047	0.183	
17.13	0.476	-0.040	0.224	
17.17	0.475	-0.031	0.247	
17.20	0.474	-0.023	0.256	
17.23	0.474	-0.015	0.269	
17.27	0.473	-0.005	0.278	
17.30	0.474	0.004	0.273	
17.33	0.474	0.013	0.269	
17.37	0.474	0.022	0.277	
17.40	0.475	0.032	0.265	
17.43	0.477	0.040	0.227	
17.47	0.478	0.047	0.202	
17.50	0.480	0.053	0.186	
17.53	0.481	0.059	0.168	
17.57	0.484	0.065	0.149	
17.60	0.486	0.070	0.108	
17.63	0.488	0.072	0.062	
17.67	0.490	0.073	0.042	
17.70	0.493	0.075	0.008	
17.73	0.496	0.074	-0.042	
17.77	0.498	0.072	-0.076	
17.80	0.500	0.069	-0.104	
17.83	0.503	0.065	-0.125	
17.87	0.505	0.061	-0.155	
17.90	0.507	0.055	-0.204	
17.93	0.508	0.047	-0.241	
17.97	0.510	0.038	-0.260	
18.00	0.511	0.030	-0.280	
18.03	0.512	0.019	-0.281	
18.07	0.512	0.010	-0.267	
18.10	0.513	0.002	-0.267	
18.13	0.512	-0.007	-0.271	
18.17	0.512	-0.016	-0.277	
18.20	0.511	-0.026	-0.283	
18.23	0.511	-0.035	-0.272	
18.27	0.509	-0.044	-0.253	
18.30	0.508	-0.053	-0.222	
18.33	0.505	-0.059	-0.185	
18.37	0.504	-0.065	-0.159	
18.40	0.501	-0.070	-0.121	
18.43	0.499	-0.072	-0.088	
18.47	0.496	-0.075	-0.075	
18.50	0.494	-0.078	-0.040	
18.53	0.491	-0.079	0.022	
18.57	0.489	-0.077	0.078	
18.60	0.486	-0.073	0.120	
18.63	0.484	-0.067	0.120	
18.67	0.482	-0.065	0.122	
18.70	0.479	-0.061	0.167	
18.73	0.477	-0.054	0.209	
18.77	0.476	-0.046	0.241	
18.80	0.474	-0.038	0.269	
18.83	0.473	-0.028	0.292	
18.87	0.472	-0.018	0.303	
18.90	0.472	-0.008	0.306	
18.93	0.472	0.003	0.300	
18.97	0.472	0.013	0.286	
19.00	0.473	0.022	0.263	
19.03	0.474	0.029	0.255	
19.07	0.475	0.039	0.257	
19.10	0.476	0.048	0.235	
19.13	0.478	0.054	0.208	
19.17	0.480	0.061	0.186	
19.20	0.482	0.067	0.165	
19.23	0.484	0.072	0.144	
19.27	0.487	0.077	0.108	
19.30	0.489	0.080	0.050	
19.33	0.492	0.080	0.000	
19.37	0.495	0.079	-0.014	
19.40	0.498	0.080	-0.050	
19.43	0.500	0.076	-0.108	
19.47	0.503	0.071	-0.131	
19.50	0.505	0.068	-0.158	
19.53	0.507	0.061	-0.204	
19.57	0.509	0.054	-0.242	
19.60	0.511	0.045	-0.274	
19.63	0.512	0.035	-0.281	
19.67	0.513	0.026	-0.275	
19.70	0.514	0.017	-0.290	
19.73	0.514	0.007	-0.315	
19.77	0.514	-0.005	-0.322	
19.80	0.514	-0.015	-0.308	
19.83	0.513	-0.025	-0.289	
19.87	0.512	-0.034	-0.277	
19.90	0.511	-0.044	-0.265	
19.93	0.509	-0.053	-0.231	
19.97	0.507	-0.059	-0.196	
20.00	0.505	-0.065	-0.178	
20.03	0.503	-0.071	-0.154	
20.07	0.501	-0.076	-0.111	
20.10	0.498	-0.078	-0.068	
20.13	0.495	-0.081	-0.011	
20.17	0.492	-0.081	0.078	
20.20	0.490	-0.073	0.093	
20.23	0.488	-0.071	0.033	
20.27	0.485	-0.073	0.029	
20.30	0.483	-0.072	0.097	
20.33	0.480	-0.066	0.171	
20.37	0.478	-0.059	0.208	
20.40	0.476	-0.052	0.223	
20.43	0.475	-0.045	0.248	
20.47	0.473	-0.036	0.282	
20.50	0.472	-0.026	0.304	
20.53	0.471	-0.015	0.322	
20.57	0.471	-0.004	0.341	
20.60	0.471	0.008	0.348	
20.63	0.472	0.020	0.324	
20.67	0.472	0.030	0.290	
20.70	0.474	0.039	0.265	
20.73	0.475	0.047	0.261	
20.77	0.477	0.056	0.252	
20.80	0.479	0.064	0.222	
20.83	0.481	0.072	0.166	
20.87	0.484	0.075	0.118	
20.90	0.486	0.078	0.108	
20.93	0.489	0.083	0.081	
20.97	0.492	0.084	0.033	
21.00	0.495	0.085	-0.004	
21.03	0.498	0.084	-0.041	
21.07	0.500	0.082	-0.078	
21.10	0.503	0.079	-0.117	
21.13	0.506	0.074	-0.158	
21.17	0.508	0.069	-0.203	
21.20	0.510	0.061	-0.249	
21.23	0.512	0.051	-0.277	
21.27	0.514	0.042	-0.285	
21.30	0.515	0.033	-0.297	
21.33	0.516	0.022	-0.319	
21.37	0.517	0.011	-0.327	
21.40	0.517	0.000	-0.319	
21.43	0.517	-0.010	-0.313	
21.47	0.516	-0.021	-0.309	
21.50	0.515	-0.031	-0.304	
21.53	0.514	-0.041	-0.295	
21.57	0.512	-0.051	-0.276	
21.60	0.510	-0.059	-0.253	
21.63	0.508	-0.068	-0.217	
21.67	0.506	-0.074	-0.167	
21.70	0.504	-0.079	-0.121	
21.73	0.500	-0.083	-0.068	
21.77	0.498	-0.082	-0.053	
21.80	0.495	-0.086	-0.045	
21.83	0.492	-0.087	0.001	
21.87	0.489	-0.086	0.052	
21.90	0.486	-0.083	0.095	
21.93	0.484	-0.079	0.128	
21.97	0.481	-0.075	0.184	
22.00	0.479	-0.067	0.233	
22.03	0.476	-0.059	0.257	
22.07	0.475	-0.049	0.269	
22.10	0.473	-0.041	0.282	
22.13	0.472	-0.032	0.315	
22.17	0.471	-0.019	0.328	
22.20	0.471	-0.009	0.313	
22.23	0.470	0.001	0.319	
22.27	0.471	0.012	0.345	
22.30	0.471	0.025	0.343	
22.33	0.472	0.036	0.292	
22.37	0.474	0.044	0.247	
22.40	0.475	0.052	0.237	
22.43	0.477	0.059	0.241	
22.47	0.479	0.068	0.239	
22.50	0.482	0.077	0.191	
22.53	0.485	0.081	0.121	
22.57	0.487	0.083	0.090	
22.60	0.490	0.087	0.069	
22.63	0.493	0.089	0.025	
22.67	0.496	0.089	-0.035	
22.70	0.499	0.087	-0.090	
22.73	0.502	0.082	-0.126	
22.77	0.504	0.078	-0.147	
22.80	0.507	0.073	-0.181	
22.83	0.509	0.066	-0.228	
22.87	0.512	0.057	-0.254	
22.90	0.513	0.049	-0.269	
22.93	0.515	0.040	-0.298	
22.97	0.516	0.029	-0.323	
23.00	0.517	0.018	-0.337	
23.03	0.517	0.007	-0.353	
23.07	0.517	-0.006	-0.347	
23.10	0.517	-0.017	-0.323	
23.13	0.516	-0.027	-0.321	
23.17	0.515	-0.039	-0.316	
23.20	0.513	-0.050	-0.275	
23.23	0.511	-0.057	-0.222	
23.27	0.510	-0.062	-0.224	
23.30	0.507	-0.072	-0.240	
23.33	0.505	-0.080	-0.198	
23.37	0.502	-0.086	-0.126	
23.40	0.499	-0.088	-0.075	
23.43	0.496	-0.090	-0.047	
23.47	0.493	-0.092	-0.008	
23.50	0.490	-0.091	0.048	
23.53	0.487	-0.088	0.092	
23.57	0.484	-0.085	0.126	
23.60	0.481	-0.080	0.177	
23.63	0.479	-0.072	0.216	
23.67	0.476	-0.065	0.231	
23.70	0.474	-0.058	0.261	
23.73	0.472	-0.048	0.300	
23.77	0.471	-0.037	0.315	
23.80	0.470	-0.026	0.312	
23.83	0.469	-0.017	0.328	
23.87	0.469	-0.005	0.354	
23.90	0.469	0.008	0.360	
23.93	0.469	0.020	0.346	
23.97	0.470	0.031	0.325	
24.00	0.471	0.041	0.311	
24.03	0.473	0.051	0.296	
24.07	0.475	0.061	0.269	
24.10	0.477	0.070	0.223	
24.13	0.480	0.076	0.189	
24.17	0.482	0.082	0.170	
24.20	0.485	0.088	0.123	
24.23	0.488	0.090	0.076	
24.27	0.491	0.092	0.042	
24.30	0.494	0.094	-0.008	
24.33	0.497	0.092	-0.062	
24.37	0.501	0.089	-0.111	
24.40	0.503	0.085	-0.153	
24.43	0.506	0.079	-0.189	
24.47	0.509	0.072	-0.219	
24.50	0.511	0.064	-0.244	
24.53	0.513	0.056	-0.273	
24.57	0.515	0.046	-0.304	
24.60	0.516	0.035	-0.331	
24.63	0.517	0.024	-0.346	
24.67	0.518	0.012	-0.354	
24.70	0.518	0.000	-0.360	
24.73	0.518	-0.012	-0.348	
24.77	0.517	-0.023	-0.331	
24.80	0.516	-0.035	-0.310	
24.83	0.515	-0.043	-0.309	
24.87	0.513	-0.055	-0.306	
24.90	0.511	-0.064	-0.279	
24.93	0.509	-0.074	-0.244	
24.97	0.506	-0.081	-0.191	
25.00	0.504	-0.087	-0.139	
25.03	0.500	-0.090	-0.101	
25.07	0.498	-0.093	-0.073	
25.10	0.494	-0.096	-0.026	
25.13	0.491	-0.095	0.028	
25.17	0.488	-0.093	0.062	
25.20	0.485	-0.091	0.107	
25.23	0.482	-0.086	0.166	
25.27	0.479	-0.080	0.211	
25.30	0.476	-0.072	0.241	
25.33	0.474	-0.064	0.269	
25.37	0.472	-0.054	0.293	
25.40	0.471	-0.044	0.309	
25.43	0.469	-0.033	0.324	
25.47	0.468	-0.022	0.347	
25.50	0.468	-0.010	0.368	
25.53	0.468	0.003	0.376	
25.57	0.468	0.015	0.368	
25.60	0.469	0.028	0.344	
25.63	0.470	0.038	0.317	
25.67	0.471	0.048	0.297	
25.70	0.473	0.058	0.289	
25.73	0.475	0.068	0.268	
25.77	0.477	0.076	0.223	
25.80	0.480	0.083	0.185	
25.83	0.483	0.089	0.143	
25.87	0.486	0.092	0.096	
25.90	0.489	0.095	0.054	
25.93	0.493	0.096	0.005	
25.97	0.496	0.095	-0.039	
26.00	0.499	0.093	-0.066	
26.03	0.502	0.091	-0.109	
26.07	0.505	0.086	-0.170	
26.10	0.508	0.079	-0.222	
26.13	0.510	0.071	-0.263	
26.17	0.512	0.062	-0.291	
26.20	0.514	0.051	-0.303	
26.23	0.516	0.041	-0.307	
26.27	0.517	0.031	-0.315	
26.30	0.518	0.021	-0.337	
26.33	0.519	0.010	-0.391	
26.37	0.519	-0.006	-0.419	
26.40	0.518	-0.020	-0.394	
26.43	0.517	-0.033	-0.357	
26.47	0.516	-0.044	-0.323	
26.50	0.514	-0.054	-0.301	
26.53	0.512	-0.064	-0.276	
26.57	0.510	-0.072	-0.250	
26.60	0.507	-0.081	-0.208	
26.63	0.505	-0.087	-0.156	
26.67	0.502	-0.090	-0.124	
26.70	0.499	-0.095	-0.099	
26.73	0.495	-0.097	-0.063	
26.77	0.492	-0.099	-0.010	
26.80	0.489	-0.099	0.061	
26.83	0.486	-0.095	0.121	
26.87	0.482	-0.090	0.160	
26.90	0.480	-0.084	0.192	
26.93	0.477	-0.077	0.221	
26.97	0.474	-0.069	0.248	
27.00	0.472	-0.061	0.285	
27.03	0.470	-0.051	0.330	
27.07	0.469	-0.038	0.359	
27.10	0.468	-0.026	0.364	
27.13	0.467	-0.014	0.351	
27.17	0.467	-0.003	0.341	
27.20	0.467	0.008	0.351	
27.23	0.467	0.021	0.364	
27.27	0.468	0.033	0.360	
27.30	0.470	0.045	0.335	
27.33	0.471	0.056	0.301	
27.37	0.473	0.065	0.280	
27.40	0.475	0.074	0.260	
27.43	0.478	0.083	0.212	
27.47	0.481	0.089	0.152	
27.50	0.484	0.093	0.112	
27.53	0.487	0.096	0.092	
27.57	0.491	0.099	0.055	
27.60	0.494	0.101	-0.017	
27.63	0.498	0.098	-0.086	
27.67	0.500	0.094	-0.134	
27.70	0.504	0.089	-0.174	
27.73	0.506	0.081	-0.177	
27.77	0.509	0.077	-0.181	
27.80	0.512	0.071	-0.230	
27.83	0.514	0.063	-0.319	
27.87	0.516	0.048	-0.369	
27.90	0.517	0.036	-0.360	
27.93	0.518	0.025	-0.362	
27.97	0.519	0.013	-0.372	
28.00	0.519	0.000	-0.380	
28.03	0.519	-0.013	-0.381	
28.07	0.518	-0.026	-0.373	
28.10	0.517	-0.038	-0.357	
28.13	0.516	-0.049	-0.337	
28.17	0.514	-0.061	-0.305	
28.20	0.512	-0.070	-0.252	
28.23	0.509	-0.077	-0.212	
28.27	0.507	-0.083	-0.200	
28.30	0.504	-0.091	-0.172	
28.33	0.500	-0.096	-0.110	
28.37	0.497	-0.098	-0.057	
28.40	0.494	-0.100	-0.012	
28.43	0.490	-0.099	0.045	
28.47	0.487	-0.097	0.102	
28.50	0.484	-0.092	0.141	
28.53	0.481	-0.086	0.150	
28.57	0.478	-0.082	0.161	
28.60	0.476	-0.077	0.215	
28.63	0.473	-0.068	0.274	
28.67	0.471	-0.058	0.317	
28.70	0.469	-0.047	0.367	
28.73	0.468	-0.033	0.381	
28.77	0.467	-0.021	0.369	
28.80	0.466	-0.009	0.378	
28.83	0.466	0.005	0.387	
28.87	0.467	0.017	0.380	
28.90	0.467	0.029	0.380	
28.93	0.469	0.043	0.369	
28.97	0.470	0.055	0.326	
29.00	0.472	0.065	0.285	
29.03	0.475	0.074	0.248	
29.07	0.477	0.081	0.205	
29.10	0.480	0.087	0.169	
29.13	0.483	0.092	0.139	
29.17	0.486	0.097	0.103	
29.20	0.490	0.100	0.058	
29.23	0.493	0.100	0.018	
29.27	0.496	0.101	-0.032	
29.30	0.500	0.098	-0.085	
29.33	0.503	0.096	-0.145	
29.37	0.506	0.089	-0.209	
29.40	0.509	0.080	-0.235	
29.43	0.512	0.073	-0.240	
29.47	0.514	0.065	-0.272	
29.50	0.516	0.055	-0.331	
29.53	0.518	0.043	-0.377	
29.57	0.519	0.029	-0.386	
29.60	0.519	0.016	-0.363	
29.63	0.520	0.005	-0.346	
29.67	0.520	-0.006	-0.356	
29.70	0.520	-0.018	-0.375	
29.73	0.519	-0.031	-0.378	
29.77	0.518	-0.045	-0.342	
29.80	0.516	-0.055	-0.284	
29.83	0.514	-0.062	-0.256	
29.87	0.511	-0.071	-0.262	
29.90	0.509	-0.081	-0.242	
29.93	0.506	-0.088	-0.179	
29.97	0.503	-0.093	-0.118	
30.00	0.500	-0.096	-0.068	
30.03	0.497	-0.096	-0.040	
30.07	0.493	-0.098	-0.018	
30.10	0.490	-0.100	0.078	
30.13	0.487	-0.095	0.195	
30.17	0.484	-0.085	0.230	
30.20	0.481	-0.069	0.013	
30.23	0.480	-0.085	-0.142	
30.27	0.475	-0.098	0.219	
30.30	0.472	-0.070	0.555	
30.33	0.470	-0.049	0.555	
30.37	0.469	-0.024	0.303	
30.40	0.470	-0.029	0.066	
30.43	0.467	-0.036	0.266	
30.47	0.466	-0.012	0.505	
30.50	0.466	0.006	0.527	
30.53	0.467	0.024	0.479	
30.57	0.468	0.038	0.410	
30.60	0.469	0.051	0.367	
30.63	0.472	0.062	0.347	
30.67	0.474	0.072	0.356	
30.70	0.476	0.086	0.349	
30.73	0.479	0.106	0.096	
30.77	0.485	0.093	-0.154	
30.80	0.485	0.079	0.031	
30.83	0.489	0.096	0.189	
30.87	0.492	0.101	0.108	
30.90	0.495	0.103	0.018	
30.93	0.499	0.101	-0.070	
30.97	0.502	0.097	-0.130	
31.00	0.506	0.092	-0.173	
31.03	0.508	0.086	-0.219	
31.07	0.511	0.077	-0.258	
31.10	0.514	0.069	-0.289	
31.13	0.516	0.058	-0.323	
31.17	0.518	0.047	-0.342	
31.20	0.519	0.035	-0.354	
31.23	0.520	0.023	-0.362	
31.27	0.521	0.011	-0.359	
31.30	0.521	-0.001	-0.363	
31.33	0.521	-0.013	-0.374	
31.37	0.520	-0.026	-0.380	
31.40	0.519	-0.039	-0.375	
31.43	0.517	-0.051	-0.354	
31.47	0.516	-0.063	-0.312	
31.50	0.513	-0.072	-0.270	
31.53	0.511	-0.080	-0.242	
31.57	0.508	-0.089	-0.200	
31.60	0.505	-0.094	-0.139	
31.63	0.501	-0.097	-0.087	
31.67	0.498	-0.100	-0.048	
31.70	0.495	-0.100	-0.019	
31.73	0.492	-0.101	0.005	
31.77	0.488	-0.101	0.051	
31.80	0.485	-0.097	0.106	
31.83	0.481	-0.093	0.144	
31.87	0.478	-0.088	0.200	
31.90	0.475	-0.081	0.276	
31.93	0.473	-0.069	0.332	
31.97	0.471	-0.057	0.352	
32.00	0.469	-0.046	0.362	
32.03	0.468	-0.033	0.375	
32.07	0.467	-0.021	0.385	
32.10	0.466	-0.008	0.393	
32.13	0.466	0.006	0.399	
32.17	0.467	0.019	0.396	
32.20	0.468	0.032	0.395	
32.23	0.469	0.045	0.404	
32.27	0.471	0.061	0.356	
32.30	0.473	0.070	0.281	
32.33	0.475	0.079	0.226	
32.37	0.478	0.085	0.181	
32.40	0.481	0.090	0.157	
32.43	0.484	0.095	0.134	
32.47	0.487	0.099	0.095	
32.50	0.491	0.102	0.042	
32.53	0.494	0.102	-0.011	
32.57	0.498	0.101	-0.049	
32.60	0.501	0.099	-0.089	
32.63	0.505	0.095	-0.135	
32.67	0.507	0.090	-0.175	
32.70	0.511	0.084	-0.223	
32.73	0.513	0.075	-0.269	
32.77	0.516	0.066	-0.311	
32.80	0.517	0.054	-0.346	
32.83	0.519	0.042	-0.358	
32.87	0.520	0.030	-0.373	
32.90	0.521	0.017	-0.396	
32.93	0.521	0.003	-0.403	
32.97	0.521	-0.010	-0.392	
33.00	0.521	-0.023	-0.378	
33.03	0.520	-0.035	-0.359	
33.07	0.518	-0.047	-0.346	
33.10	0.517	-0.059	-0.329	
33.13	0.514	-0.069	-0.296	
33.17	0.512	-0.079	-0.251	
33.20	0.509	-0.086	-0.197	
33.23	0.506	-0.091	-0.166	
33.27	0.503	-0.097	-0.138	
33.30	0.500	-0.101	-0.085	
33.33	0.496	-0.103	-0.034	
33.37	0.493	-0.103	0.000	
33.40	0.489	-0.103	0.036	
33.43	0.486	-0.101	0.093	
33.47	0.482	-0.097	0.161	
33.50	0.480	-0.090	0.210	
33.53	0.476	-0.082	0.242	
33.57	0.474	-0.074	0.274	
33.60	0.471	-0.064	0.309	
33.63	0.470	-0.053	0.344	
33.67	0.468	-0.041	0.379	
33.70	0.467	-0.028	0.407	
33.73	0.466	-0.014	0.433	
33.77	0.466	0.002	0.419	
33.80	0.466	0.014	0.397	
33.83	0.467	0.028	0.392	
33.87	0.468	0.041	0.371	
33.90	0.470	0.053	0.339	
33.93	0.472	0.064	0.302	
33.97	0.474	0.073	0.280	
34.00	0.477	0.082	0.260	
34.03	0.479	0.091	0.207	
34.07	0.483	0.097	0.135	
34.10	0.486	0.100	0.075	
34.13	0.489	0.101	0.037	
34.17	0.493	0.102	0.005	
34.20	0.496	0.102	-0.040	
34.23	0.499	0.099	-0.071	
34.27	0.503	0.097	-0.104	
34.30	0.506	0.093	-0.166	
34.33	0.509	0.085	-0.216	
34.37	0.512	0.078	-0.242	
34.40	0.514	0.070	-0.285	
34.43	0.516	0.059	-0.331	
34.47	0.518	0.047	-0.350	
34.50	0.519	0.035	-0.366	
34.53	0.521	0.023	-0.389	
34.57	0.521	0.010	-0.410	
34.60	0.521	-0.005	-0.414	
34.63	0.521	-0.019	-0.385	
34.67	0.520	-0.031	-0.352	
34.70	0.519	-0.042	-0.341	
34.73	0.517	-0.053	-0.331	
34.77	0.515	-0.064	-0.310	
34.80	0.513	-0.074	-0.281	
34.83	0.510	-0.083	-0.235	
34.87	0.507	-0.090	-0.192	
34.90	0.504	-0.096	-0.160	
34.93	0.501	-0.101	-0.108	
34.97	0.497	-0.104	-0.032	
35.00	0.494	-0.103	0.025	
35.03	0.490	-0.101	0.048	
35.07	0.487	-0.100	0.072	
35.10	0.484	-0.097	0.116	
35.13	0.481	-0.092	0.163	
35.17	0.477	-0.086	0.212	
35.20	0.475	-0.077	0.235	
35.23	0.472	-0.071	0.274	
35.27	0.470	-0.059	0.331	
35.30	0.469	-0.047	0.348	
35.33	0.467	-0.037	0.380	
35.37	0.466	-0.023	0.423	
35.40	0.465	-0.008	0.444	
35.43	0.465	0.008	0.439	
35.47	0.466	0.022	0.409	
35.50	0.467	0.035	0.372	
35.53	0.468	0.046	0.350	
35.57	0.470	0.058	0.345	
35.60	0.472	0.070	0.311	
35.63	0.475	0.080	0.236	
35.67	0.477	0.085	0.183	
35.70	0.481	0.091	0.167	
35.73	0.483	0.097	0.141	
35.77	0.487	0.101	0.087	
35.80	0.490	0.103	0.032	
35.83	0.494	0.103	-0.007	
35.87	0.497	0.102	-0.047	
35.90	0.501	0.100	-0.093	
35.93	0.504	0.096	-0.150	
35.97	0.507	0.090	-0.203	
36.00	0.510	0.082	-0.238	
36.03	0.513	0.074	-0.270	
36.07	0.515	0.064	-0.301	
36.10	0.517	0.054	-0.331	
36.13	0.518	0.042	-0.365	
36.17	0.520	0.029	-0.384	
36.20	0.520	0.016	-0.381	
36.23	0.521	0.004	-0.389	
36.27	0.521	-0.010	-0.397	
36.30	0.520	-0.023	-0.392	
36.33	0.519	-0.036	-0.383	
36.37	0.518	-0.049	-0.365	
36.40	0.516	-0.061	-0.330	
36.43	0.514	-0.071	-0.282	
36.47	0.511	-0.079	-0.237	
36.50	0.508	-0.087	-0.200	
36.53	0.505	-0.093	-0.165	
36.57	0.502	-0.098	-0.130	
36.60	0.499	-0.102	-0.067	
36.63	0.495	-0.102	-0.020	
36.67	0.492	-0.103	-0.003	
36.70	0.488	-0.102	0.029	
36.73	0.485	-0.101	0.084	
36.77	0.482	-0.097	0.153	
36.80	0.479	-0.091	0.218	
36.83	0.475	-0.082	0.267	
36.87	0.473	-0.072	0.288	
36.90	0.471	-0.063	0.312	
36.93	0.469	-0.052	0.336	
36.97	0.467	-0.041	0.356	
37.00	0.466	-0.028	0.382	
37.03	0.465	-0.015	0.407	
37.07	0.465	-0.001	0.432	
37.10	0.465	0.015	0.429	
37.13	0.466	0.029	0.385	
37.17	0.467	0.040	0.353	
37.20	0.469	0.051	0.344	
37.23	0.471	0.063	0.322	
37.27	0.473	0.073	0.297	
37.30	0.475	0.083	0.254	
37.33	0.479	0.091	0.183	
37.37	0.482	0.095	0.128	
37.40	0.485	0.098	0.102	
37.43	0.488	0.102	0.073	
37.47	0.492	0.104	0.021	
37.50	0.495	0.103	-0.027	
37.53	0.499	0.102	-0.073	
37.57	0.502	0.099	-0.131	
37.60	0.505	0.093	-0.177	
37.63	0.508	0.087	-0.216	
37.67	0.511	0.079	-0.261	
37.70	0.513	0.069	-0.300	
37.73	0.516	0.059	-0.330	
37.77	0.517	0.047	-0.346	
37.80	0.519	0.035	-0.359	
37.83	0.520	0.023	-0.378	
37.87	0.521	0.010	-0.393	
37.90	0.521	-0.003	-0.407	
37.93	0.520	-0.017	-0.407	
37.97	0.519	-0.031	-0.392	
38.00	0.518	-0.044	-0.370	
38.03	0.516	-0.056	-0.332	
38.07	0.514	-0.066	-0.283	
38.10	0.512	-0.075	-0.230	
38.13	0.509	-0.080	-0.217	
38.17	0.507	-0.089	-0.218	
38.20	0.503	-0.096	-0.176	
38.23	0.500	-0.101	-0.132	
38.27	0.497	-0.105	-0.088	
38.30	0.493	-0.107	-0.030	
38.33	0.489	-0.107	0.036	
38.37	0.486	-0.105	0.103	
38.40	0.482	-0.100	0.163	
38.43	0.479	-0.094	0.217	
38.47	0.476	-0.085	0.253	
38.50	0.474	-0.076	0.259	
38.53	0.471	-0.068	0.279	
38.57	0.469	-0.058	0.325	
38.60	0.467	-0.046	0.362	
38.63	0.466	-0.033	0.383	
38.67	0.465	-0.020	0.397	
38.70	0.465	-0.007	0.411	
38.73	0.464	0.007	0.414	
38.77	0.465	0.021	0.404	
38.80	0.466	0.035	0.377	
38.83	0.468	0.046	0.344	
38.87	0.469	0.057	0.328	
38.90	0.471	0.068	0.304	
38.93	0.474	0.077	0.272	
38.97	0.476	0.087	0.234	
39.00	0.479	0.094	0.178	
39.03	0.483	0.098	0.132	
39.07	0.486	0.102	0.096	
39.10	0.490	0.105	0.053	
39.13	0.493	0.106	0.010	
39.17	0.497	0.106	-0.051	
39.20	0.500	0.102	-0.118	
39.23	0.504	0.097	-0.168	
39.27	0.507	0.091	-0.213	
39.30	0.510	0.083	-0.243	
39.33	0.512	0.075	-0.259	
39.37	0.515	0.066	-0.291	
39.40	0.517	0.056	-0.335	
39.43	0.518	0.043	-0.374	
39.47	0.519	0.030	-0.393	
39.50	0.521	0.016	-0.390	
39.53	0.521	0.004	-0.375	
39.57	0.521	-0.007	-0.408	
39.60	0.520	-0.024	-0.428	
39.63	0.519	-0.037	-0.387	
39.67	0.518	-0.049	-0.351	
39.70	0.516	-0.061	-0.319	
39.73	0.514	-0.070	-0.299	
39.77	0.511	-0.080	-0.286	
39.80	0.508	-0.090	-0.234	
39.83	0.505	-0.097	-0.158	
39.87	0.502	-0.100	-0.103	
39.90	0.498	-0.103	-0.067	
39.93	0.495	-0.105	-0.029	
39.97	0.491	-0.105	0.020	
40.00	0.488	-0.104	0.080	
40.03	0.484	-0.100	0.137	
40.07	0.481	-0.094	0.165	
40.10	0.478	-0.089	0.194	
40.13	0.475	-0.081	0.243	
40.17	0.472	-0.072	0.285	
40.20	0.470	-0.063	0.327	
40.23	0.468	-0.050	0.354	
40.27	0.467	-0.038	0.366	
40.30	0.466	-0.026	0.399	
40.33	0.465	-0.011	0.414	
40.37	0.465	0.002	0.399	
40.40	0.465	0.015	0.382	
40.43	0.466	0.028	0.363	
40.47	0.467	0.039	0.354	
40.50	0.469	0.051	0.343	
40.53	0.471	0.063	0.309	
40.57	0.473	0.072	0.274	
40.60	0.476	0.080	0.257	
40.63	0.478	0.089	0.232	
40.67	0.482	0.097	0.180	
40.70	0.485	0.102	0.113	
40.73	0.488	0.104	0.048	
40.77	0.492	0.104	0.012	
40.80	0.495	0.105	-0.017	
40.83	0.499	0.104	-0.073	
40.87	0.502	0.100	-0.130	
40.90	0.505	0.095	-0.170	
40.93	0.509	0.088	-0.197	
40.97	0.511	0.082	-0.230	
41.00	0.514	0.074	-0.301	
41.03	0.516	0.061	-0.352	
41.07	0.518	0.050	-0.379	
41.10	0.520	0.036	-0.407	
41.13	0.521	0.022	-0.405	
41.17	0.521	0.009	-0.407	
41.20	0.521	-0.005	-0.412	
41.23	0.521	-0.019	-0.393	
41.27	0.520	-0.031	-0.373	
41.30	0.519	-0.044	-0.362	
41.33	0.517	-0.056	-0.339	
41.37	0.515	-0.067	-0.308	
41.40	0.512	-0.076	-0.272	
41.43	0.510	-0.085	-0.235	
41.47	0.507	-0.092	-0.192	
41.50	0.504	-0.098	-0.131	
41.53	0.500	-0.101	-0.078	
41.57	0.497	-0.103	-0.043	
41.60	0.493	-0.104	0.003	
41.63	0.490	-0.103	0.051	
41.67	0.486	-0.100	0.090	
41.70	0.483	-0.097	0.135	
41.73	0.480	-0.092	0.192	
41.77	0.477	-0.084	0.245	
41.80	0.474	-0.075	0.280	
41.83	0.472	-0.065	0.297	
41.87	0.470	-0.055	0.325	
41.90	0.468	-0.043	0.361	
41.93	0.467	-0.031	0.384	
41.97	0.466	-0.018	0.395	
42.00	0.466	-0.004	0.386	
42.03	0.466	0.008	0.375	
42.07	0.466	0.021	0.377	
42.10	0.468	0.033	0.373	
42.13	0.469	0.046	0.356	
42.17	0.471	0.058	0.319	
42.20	0.472	0.067	0.282	
42.23	0.475	0.076	0.251	
42.27	0.478	0.084	0.212	
42.30	0.481	0.090	0.179	
42.33	0.484	0.096	0.141	
42.37	0.487	0.100	0.098	
42.40	0.490	0.102	0.071	
42.43	0.494	0.106	0.000	
42.47	0.498	0.103	-0.087	
42.50	0.501	0.098	-0.123	
42.53	0.504	0.094	-0.153	
42.57	0.507	0.089	-0.198	
42.60	0.510	0.081	-0.250	
42.63	0.513	0.072	-0.287	
42.67	0.515	0.062	-0.308	
42.70	0.517	0.051	-0.327	
42.73	0.518	0.040	-0.354	
42.77	0.519	0.028	-0.381	
42.80	0.520	0.014	-0.385	
42.83	0.520	0.002	-0.385	
42.87	0.521	-0.011	-0.400	
42.90	0.520	-0.025	-0.399	
42.93	0.519	-0.038	-0.379	
42.97	0.517	-0.051	-0.345	
43.00	0.515	-0.061	-0.305	
43.03	0.513	-0.071	-0.264	
43.07	0.511	-0.079	-0.225	
43.10	0.508	-0.085	-0.203	
43.13	0.505	-0.092	-0.182	
43.17	0.501	-0.099	-0.130	
43.20	0.498	-0.102	-0.059	
43.23	0.495	-0.102	-0.002	
43.27	0.491	-0.101	0.030	
43.30	0.488	-0.100	0.059	
43.33	0.485	-0.098	0.120	
43.37	0.481	-0.092	0.184	
43.40	0.478	-0.085	0.222	
43.43	0.476	-0.077	0.246	
43.47	0.473	-0.069	0.275	
43.50	0.471	-0.059	0.309	
43.53	0.469	-0.048	0.342	
43.57	0.468	-0.036	0.368	
43.60	0.467	-0.023	0.377	
43.63	0.466	-0.010	0.374	
43.67	0.466	0.002	0.367	
43.70	0.466	0.014	0.369	
43.73	0.467	0.026	0.378	
43.77	0.468	0.040	0.364	
43.80	0.470	0.051	0.334	
43.83	0.471	0.061	0.322	
43.87	0.474	0.074	0.278	
43.90	0.477	0.080	0.217	
43.93	0.479	0.087	0.184	
43.97	0.482	0.092	0.151	
44.00	0.485	0.097	0.110	
44.03	0.489	0.101	0.043	
44.07	0.492	0.100	-0.017	
44.10	0.496	0.098	-0.045	
44.13	0.499	0.097	-0.070	
44.17	0.502	0.094	-0.111	
44.20	0.505	0.090	-0.159	
44.23	0.508	0.084	-0.214	
44.27	0.511	0.076	-0.272	
44.30	0.513	0.065	-0.303	
44.33	0.515	0.055	-0.308	
44.37	0.517	0.045	-0.329	
44.40	0.518	0.033	-0.362	
44.43	0.519	0.020	-0.384	
44.47	0.519	0.007	-0.395	
44.50	0.520	-0.007	-0.385	
44.53	0.519	-0.018	-0.371	
44.57	0.518	-0.031	-0.365	
44.60	0.517	-0.043	-0.349	
44.63	0.516	-0.054	-0.326	
44.67	0.513	-0.065	-0.286	
44.70	0.511	-0.074	-0.236	
44.73	0.508	-0.080	-0.209	
44.77	0.506	-0.087	-0.189	
44.80	0.502	-0.094	-0.148	
44.83	0.499	-0.097	-0.098	
44.87	0.496	-0.100	-0.049	
44.90	0.493	-0.101	0.014	
44.93	0.489	-0.099	0.079	
44.97	0.486	-0.095	0.118	
45.00	0.483	-0.091	0.136	
45.03	0.480	-0.087	0.167	
45.07	0.477	-0.081	0.227	
45.10	0.475	-0.071	0.282	
45.13	0.472	-0.060	0.302	
45.17	0.471	-0.051	0.316	
45.20	0.469	-0.041	0.361	
45.23	0.468	-0.026	0.372	
45.27	0.467	-0.015	0.351	
45.30	0.467	-0.003	0.344	
45.33	0.467	0.008	0.342	
45.37	0.467	0.019	0.358	
45.40	0.468	0.032	0.357	
45.43	0.469	0.044	0.338	
45.47	0.471	0.054	0.323	
45.50	0.473	0.066	0.292	
45.53	0.476	0.074	0.249	
45.57	0.478	0.082	0.208	
45.60	0.481	0.089	0.155	
45.63	0.484	0.092	0.105	
45.67	0.487	0.095	0.069	
45.70	0.490	0.097	0.030	
45.73	0.494	0.097	-0.015	
45.77	0.497	0.096	-0.068	
45.80	0.500	0.092	-0.111	
45.83	0.503	0.088	-0.132	
45.87	0.506	0.084	-0.163	
45.90	0.509	0.078	-0.220	
45.93	0.511	0.069	-0.273	
45.97	0.513	0.059	-0.303	
46.00	0.515	0.049	-0.323	
46.03	0.517	0.038	-0.347	
46.07	0.518	0.026	-0.369	
46.10	0.518	0.013	-0.381	
46.13	0.519	0.000	-0.383	
46.17	0.518	-0.013	-0.377	
46.20	0.518	-0.025	-0.359	
46.23	0.517	-0.037	-0.328	
46.27	0.515	-0.047	-0.308	
46.30	0.513	-0.057	-0.304	
46.33	0.512	-0.068	-0.277	
46.37	0.509	-0.076	-0.230	
46.40	0.506	-0.083	-0.196	
46.43	0.503	-0.089	-0.161	
46.47	0.500	-0.094	-0.108	
46.50	0.497	-0.097	-0.047	
46.53	0.494	-0.097	0.007	
46.57	0.490	-0.096	0.044	
46.60	0.488	-0.094	0.081	
46.63	0.484	-0.091	0.134	
46.67	0.481	-0.084	0.162	
46.70	0.479	-0.080	0.192	
46.73	0.476	-0.072	0.238	
46.77	0.474	-0.064	0.267	
46.80	0.472	-0.054	0.292	
46.83	0.470	-0.044	0.309	
46.87	0.469	-0.034	0.342	
46.90	0.468	-0.021	0.368	
46.93	0.467	-0.008	0.361	
46.97	0.467	0.003	0.354	
47.00	0.468	0.015	0.348	
47.03	0.468	0.026	0.343	
47.07	0.469	0.038	0.334	
47.10	0.471	0.049	0.315	
47.13	0.472	0.059	0.291	
47.17	0.475	0.069	0.254	
47.20	0.477	0.076	0.208	
47.23	0.480	0.082	0.170	
47.27	0.483	0.087	0.138	
47.30	0.486	0.092	0.095	
47.33	0.489	0.094	0.039	
47.37	0.492	0.094	-0.016	
47.40	0.495	0.092	-0.053	
47.43	0.498	0.090	-0.071	
47.47	0.501	0.088	-0.090	
47.50	0.504	0.085	-0.141	
47.53	0.507	0.079	-0.208	
47.57	0.510	0.070	-0.247	
47.60	0.512	0.062	-0.282	
47.63	0.514	0.051	-0.308	
47.67	0.515	0.040	-0.299	
47.70	0.516	0.032	-0.307	
47.73	0.517	0.022	-0.355	
47.77	0.518	0.008	-0.390	
47.80	0.518	-0.005	-0.393	
47.83	0.518	-0.019	-0.365	
47.87	0.516	-0.030	-0.325	
47.90	0.516	-0.040	-0.313	
47.93	0.514	-0.051	-0.304	
47.97	0.512	-0.061	-0.274	
48.00	0.510	-0.069	-0.234	
48.03	0.507	-0.077	-0.190	
48.07	0.505	-0.083	-0.134	
48.10	0.502	-0.084	-0.109	
48.13	0.499	-0.089	-0.101	
48.17	0.496	-0.092	-0.063	
48.20	0.493	-0.094	-0.002	
48.23	0.489	-0.093	0.077	
48.27	0.487	-0.088	0.127	
48.30	0.484	-0.083	0.134	
48.33	0.481	-0.079	0.141	
48.37	0.478	-0.074	0.170	
48.40	0.476	-0.068	0.221	
48.43	0.474	-0.060	0.286	
48.47	0.472	-0.049	0.331	
48.50	0.470	-0.037	0.337	
48.53	0.470	-0.026	0.328	
48.57	0.469	-0.015	0.329	
48.60	0.469	-0.004	0.343	
48.63	0.468	0.008	0.354	
48.67	0.469	0.020	0.345	
48.70	0.470	0.031	0.330	
48.73	0.471	0.042	0.316	
48.77	0.472	0.053	0.286	
48.80	0.475	0.061	0.247	
48.83	0.477	0.068	0.231	
48.87	0.479	0.076	0.211	
48.90	0.482	0.083	0.161	
48.93	0.485	0.087	0.107	
48.97	0.488	0.090	0.066	
49.00	0.491	0.092	0.023	
49.03	0.494	0.092	-0.027	
49.07	0.497	0.090	-0.072	
49.10	0.500	0.087	-0.111	
49.13	0.503	0.082	-0.142	
49.17	0.505	0.077	-0.167	
49.20	0.508	0.071	-0.198	
49.23	0.510	0.064	-0.236	
49.27	0.512	0.056	-0.280	
49.30	0.514	0.045	-0.325	
49.33	0.515	0.033	-0.348	
49.37	0.516	0.021	-0.341	
49.40	0.517	0.010	-0.323	
49.43	0.517	0.000	-0.308	
49.47	0.517	-0.010	-0.299	
49.50	0.516	-0.020	-0.294	
49.53	0.515	-0.028	-0.319	
49.57	0.514	-0.042	-0.328	
49.60	0.512	-0.052	-0.302	
49.63	0.511	-0.062	-0.274	
49.67	0.508	-0.071	-0.225	
49.70	0.506	-0.077	-0.170	
49.73	0.503	-0.082	-0.124	
49.77	0.501	-0.085	-0.085	
49.80	0.498	-0.087	-0.050	
49.83	0.495	-0.089	-0.004	
49.87	0.492	-0.087	0.038	
49.90	0.489	-0.085	0.061	
49.93	0.486	-0.084	0.093	
49.97	0.483	-0.079	0.136	
50.00	0.481	-0.074	0.174	
50.03	0.478	-0.068	0.219	
50.07	0.476	-0.059	0.257	
50.10	0.474	-0.051	0.284	
50.13	0.472	-0.041	0.307	
50.17	0.472	-0.029	0.308	
50.20	0.471	-0.020	0.308	
50.23	0.470	-0.010	0.325	
50.27	0.470	0.002	0.332	
50.30	0.470	0.013	0.334	
50.33	0.471	0.024	0.341	
50.37	0.472	0.036	0.338	
50.40	0.473	0.047	0.307	
50.43	0.475	0.056	0.269	
50.47	0.477	0.065	0.242	
50.50	0.480	0.073	0.200	
50.53	0.482	0.079	0.139	
50.57	0.485	0.082	0.091	
50.60	0.487	0.084	0.056	
50.63	0.490	0.085	0.034	
50.67	0.493	0.087	0.007	
50.70	0.496	0.086	-0.039	
50.73	0.499	0.084	-0.085	
50.77	0.502	0.080	-0.117	
50.80	0.504	0.076	-0.144	
50.83	0.507	0.071	-0.182	
50.87	0.509	0.063	-0.205	
50.90	0.511	0.058	-0.249	
50.93	0.513	0.047	-0.294	
50.97	0.514	0.037	-0.293	
51.00	0.516	0.028	-0.293	
51.03	0.516	0.018	-0.306	
51.07	0.517	0.007	-0.323	
51.10	0.517	-0.004	-0.337	
51.13	0.517	-0.016	-0.323	
51.17	0.516	-0.026	-0.293	
51.20	0.515	-0.035	-0.289	
51.23	0.513	-0.045	-0.277	
51.27	0.512	-0.054	-0.245	
51.30	0.510	-0.061	-0.213	
51.33	0.508	-0.068	-0.175	
51.37	0.505	-0.073	-0.153	
51.40	0.503	-0.078	-0.143	
51.43	0.500	-0.083	-0.099	
51.47	0.497	-0.086	-0.021	
51.50	0.494	-0.084	0.040	
51.53	0.492	-0.081	0.053	
51.57	0.489	-0.080	0.055	
51.60	0.486	-0.079	0.105	
51.63	0.483	-0.074	0.170	
51.67	0.481	-0.066	0.188	
51.70	0.479	-0.061	0.200	
51.73	0.477	-0.054	0.247	
51.77	0.475	-0.044	0.284	
51.80	0.474	-0.034	0.288	
51.83	0.473	-0.025	0.294	
51.87	0.472	-0.015	0.317	
51.90	0.472	-0.004	0.344	
51.93	0.472	0.008	0.355	
51.97	0.472	0.021	0.323	
52.00	0.474	0.030	0.275	
52.03	0.475	0.038	0.268	
52.07	0.476	0.048	0.265	
52.10	0.478	0.056	0.238	
52.13	0.480	0.064	0.204	
52.17	0.482	0.070	0.158	
52.20	0.485	0.074	0.132	
52.23	0.487	0.079	0.110	
52.27	0.490	0.082	0.050	
52.30	0.493	0.081	0.008	
52.33	0.495	0.083	-0.029	
52.37	0.498	0.080	-0.072	
52.40	0.501	0.077	-0.094	
52.43	0.503	0.074	-0.123	
52.47	0.506	0.069	-0.154	
52.50	0.508	0.064	-0.186	
52.53	0.510	0.057	-0.212	
52.57	0.512	0.049	-0.231	
52.60	0.513	0.042	-0.267	
52.63	0.515	0.031	-0.300	
52.67	0.515	0.021	-0.310	
52.70	0.516	0.011	-0.326	
52.73	0.516	-0.001	-0.324	
52.77	0.516	-0.012	-0.297	
52.80	0.515	-0.020	-0.296	
52.83	0.515	-0.031	-0.304	
52.87	0.513	-0.042	-0.271	
52.90	0.512	-0.049	-0.227	
52.93	0.510	-0.056	-0.196	
52.97	0.508	-0.063	-0.158	
53.00	0.506	-0.066	-0.141	
53.03	0.504	-0.072	-0.129	
53.07	0.501	-0.076	-0.074	
53.10	0.498	-0.076	-0.040	
53.13	0.496	-0.077	-0.053	
53.17	0.493	-0.081	-0.014	
53.20	0.490	-0.080	0.077	
53.23	0.488	-0.074	0.116	
53.27	0.485	-0.071	0.124	
53.30	0.483	-0.067	0.144	
53.33	0.481	-0.062	0.168	
53.37	0.479	-0.056	0.203	
53.40	0.477	-0.048	0.240	
53.43	0.476	-0.039	0.262	
53.47	0.475	-0.031	0.280	
53.50	0.474	-0.021	0.314	
53.53	0.473	-0.009	0.328	
53.57	0.473	0.002	0.318	
53.60	0.473	0.011	0.360	
53.63	0.474	0.023	0.464	
53.67	0.475	0.040	0.570	
53.70	0.476	0.071	0.384	
53.73	0.480	0.075	-0.044	
53.77	0.482	0.059	-0.232	
53.80	0.484	0.046	-0.037	
53.83	0.484	0.060	0.110	
53.87	0.489	0.063	0.011	
53.90	0.488	0.053	0.100	
53.93	0.491	0.069	0.207	
53.97	0.493	0.074	0.120	
54.00	0.496	0.076	0.022	
54.03	0.499	0.074	-0.056	
54.07	0.501	0.072	-0.102	
54.10	0.503	0.068	-0.152	
54.13	0.506	0.061	-0.194	
54.17	0.507	0.054	-0.207	
54.20	0.509	0.047	-0.201	
54.23	0.511	0.041	-0.203	
54.27	0.512	0.035	-0.233	
54.30	0.513	0.026	-0.270	
54.33	0.514	0.016	-0.290	
54.37	0.514	0.006	-0.310	
54.40	0.514	-0.005	-0.318	
54.43	0.514	-0.016	-0.288	
54.47	0.513	-0.024	-0.259	
54.50	0.512	-0.033	-0.245	
54.53	0.511	-0.041	-0.228	
54.57	0.509	-0.047	-0.225	
54.60	0.508	-0.056	-0.211	
54.63	0.506	-0.063	-0.165	
54.67	0.504	-0.067	-0.120	
54.70	0.501	-0.070	-0.095	
54.73	0.499	-0.073	-0.066	
54.77	0.496	-0.074	-0.032	
54.80	0.494	-0.075	-0.003	
54.83	0.491	-0.075	0.048	
54.87	0.489	-0.073	0.113	
54.90	0.486	-0.066	0.133	
54.93	0.484	-0.062	0.121	
54.97	0.482	-0.060	0.147	
55.00	0.480	-0.053	0.194	
55.03	0.478	-0.046	0.221	
55.07	0.477	-0.038	0.220	
55.10	0.476	-0.032	0.230	
55.13	0.475	-0.023	0.262	
55.17	0.475	-0.014	0.291	
55.20	0.474	-0.003	0.301	
55.23	0.474	0.007	0.281	
55.27	0.475	0.015	0.263	
55.30	0.475	0.024	0.259	
55.33	0.476	0.033	0.254	
55.37	0.478	0.041	0.237	
55.40	0.479	0.049	0.214	
55.43	0.481	0.056	0.178	
55.47	0.483	0.061	0.136	
55.50	0.485	0.064	0.105	
55.53	0.487	0.067	0.089	
55.57	0.489	0.071	0.061	
55.60	0.492	0.072	0.023	
55.63	0.494	0.072	-0.008	
55.67	0.496	0.071	-0.042	
55.70	0.499	0.069	-0.078	
55.73	0.501	0.066	-0.116	
55.77	0.504	0.061	-0.153	
55.80	0.505	0.056	-0.184	
55.83	0.507	0.049	-0.204	
55.87	0.508	0.042	-0.209	
55.90	0.510	0.035	-0.223	
55.93	0.511	0.027	-0.250	
55.97	0.512	0.018	-0.265	
56.00	0.512	0.009	-0.258	
56.03	0.512	0.001	-0.259	
56.07	0.512	-0.008	-0.274	
56.10	0.512	-0.017	-0.272	
56.13	0.511	-0.026	-0.263	
56.17	0.510	-0.035	-0.242	
56.20	0.509	-0.043	-0.205	
56.23	0.507	-0.049	-0.174	
56.27	0.505	-0.054	-0.155	
56.30	0.504	-0.059	-0.139	
56.33	0.501	-0.064	-0.115	
56.37	0.499	-0.067	-0.086	
56.40	0.497	-0.069	-0.053	
56.43	0.495	-0.071	-0.001	
56.47	0.492	-0.070	0.062	
56.50	0.490	-0.065	0.086	
56.53	0.488	-0.063	0.070	
56.57	0.486	-0.061	0.069	
56.60	0.484	-0.060	0.111	
56.63	0.482	-0.054	0.161	
56.67	0.480	-0.048	0.194	
56.70	0.478	-0.041	0.218	
56.73	0.477	-0.033	0.231	
56.77	0.476	-0.026	0.242	
56.80	0.476	-0.017	0.255	
56.83	0.475	-0.008	0.262	
56.87	0.475	0.000	0.265	
56.90	0.475	0.009	0.275	
56.93	0.476	0.019	0.261	
56.97	0.476	0.027	0.221	
57.00	0.478	0.033	0.195	
57.03	0.479	0.039	0.194	
57.07	0.480	0.046	0.198	
57.10	0.482	0.053	0.179	
57.13	0.484	0.059	0.142	
57.17	0.486	0.063	0.097	
57.20	0.488	0.065	0.062	
57.23	0.490	0.067	0.038	
57.27	0.493	0.068	-0.003	
57.30	0.495	0.067	-0.046	
57.33	0.497	0.064	-0.072	
57.37	0.499	0.062	-0.091	
57.40	0.501	0.058	-0.113	
57.43	0.503	0.054	-0.136	
57.47	0.505	0.049	-0.157	
57.50	0.506	0.044	-0.195	
57.53	0.508	0.036	-0.226	
57.57	0.508	0.028	-0.216	
57.60	0.510	0.022	-0.213	
57.63	0.510	0.015	-0.240	
57.67	0.511	0.006	-0.258	
57.70	0.510	-0.003	-0.263	
57.73	0.510	-0.012	-0.255	
57.77	0.510	-0.020	-0.229	
57.80	0.509	-0.028	-0.199	
57.83	0.508	-0.034	-0.165	
57.87	0.507	-0.037	-0.181	
57.90	0.505	-0.046	-0.209	
57.93	0.504	-0.053	-0.182	
57.97	0.502	-0.058	-0.132	
58.00	0.500	-0.061	-0.083	
58.03	0.498	-0.064	-0.045	
58.07	0.495	-0.064	-0.017	
58.10	0.493	-0.064	0.000	
58.13	0.491	-0.064	0.017	
58.17	0.489	-0.064	0.048	
58.20	0.487	-0.061	0.088	
58.23	0.485	-0.058	0.130	
58.27	0.483	-0.052	0.157	
58.30	0.482	-0.047	0.166	
58.33	0.480	-0.042	0.195	
58.37	0.479	-0.034	0.223	
58.40	0.477	-0.026	0.223	
58.43	0.477	-0.019	0.216	
58.47	0.476	-0.012	0.221	
58.50	0.476	-0.004	0.242	
58.53	0.476	0.005	0.245	
58.57	0.476	0.013	0.231	
58.60	0.477	0.020	0.216	
58.63	0.478	0.026	0.212	
58.67	0.478	0.034	0.215	
58.70	0.480	0.042	0.188	
58.73	0.481	0.047	0.154	
58.77	0.483	0.051	0.135	
58.80	0.485	0.056	0.108	
58.83	0.487	0.059	0.077	
58.87	0.489	0.061	0.043	
58.90	0.491	0.062	0.016	
58.93	0.493	0.062	-0.004	
58.97	0.495	0.061	-0.028	
59.00	0.497	0.060	-0.066	
59.03	0.499	0.057	-0.103	
59.07	0.501	0.053	-0.130	
59.10	0.503	0.048	-0.155	
59.13	0.504	0.042	-0.156	
59.17	0.506	0.038	-0.156	
59.20	0.507	0.032	-0.168	
59.23	0.508	0.028	-0.211	
59.27	0.509	0.018	-0.258	
59.30	0.509	0.009	-0.252	
59.33	0.509	0.001	-0.227	
59.37	0.509	-0.006	-0.215	
59.40	0.509	-0.013	-0.220	
59.43	0.508	-0.021	-0.222	
59.47	0.507	-0.028	-0.214	
59.50	0.506	-0.035	-0.193	
59.53	0.505	-0.041	-0.169	
59.57	0.503	-0.046	-0.150	
59.60	0.502	-0.051	-0.127	
59.63	0.500	-0.055	-0.093	
59.67	0.498	-0.057	-0.065	
59.70	0.496	-0.059	-0.049	
59.73	0.494	-0.061	-0.019	
59.77	0.492	-0.061	0.024	
59.80	0.490	-0.059	0.061	
59.83	0.488	-0.056	0.086	
59.87	0.486	-0.053	0.109	
59.90	0.484	-0.049	0.119	
59.93	0.483	-0.045	0.108	
59.97	0.482	-0.042	0.098	
60.00	0.480	-0.039	0.095	
