Vernier Format 2
0.7.txt 1/28/2019 19:37:15
Run 1
Time	Position	Velocity	Acceleration	
T	P	V	A	
s	m	m/s	m/s^2	

0.00	0.492	-0.003	0.055	
0.03	0.492	-0.001	0.040	
0.07	0.492	0.000	0.030	
0.10	0.492	0.001	0.034	
0.13	0.492	0.002	0.034	
0.17	0.492	0.004	0.012	
0.20	0.492	0.003	-0.006	
0.23	0.492	0.003	-0.002	
0.27	0.492	0.003	0.008	
0.30	0.492	0.003	0.021	
0.33	0.493	0.005	0.022	
0.37	0.493	0.005	0.012	
0.40	0.493	0.005	0.008	
0.43	0.493	0.005	0.011	
0.47	0.493	0.006	0.018	
0.50	0.493	0.007	0.011	
0.53	0.494	0.007	-0.012	
0.57	0.494	0.006	-0.022	
0.60	0.494	0.005	-0.021	
0.63	0.494	0.005	-0.023	
0.67	0.494	0.003	-0.017	
0.70	0.494	0.003	-0.005	
0.73	0.495	0.004	-0.015	
0.77	0.495	0.002	-0.034	
0.80	0.495	0.001	-0.031	
0.83	0.495	0.000	-0.023	
0.87	0.495	-0.000	-0.025	
0.90	0.495	-0.001	-0.036	
0.93	0.495	-0.004	-0.028	
0.97	0.494	-0.004	-0.005	
1.00	0.494	-0.002	-0.041	
1.03	0.494	-0.006	-0.074	
1.07	0.494	-0.009	-0.044	
1.10	0.494	-0.010	-0.003	
1.13	0.493	-0.008	0.014	
1.17	0.493	-0.008	0.006	
1.20	0.493	-0.008	-0.007	
1.23	0.493	-0.008	-0.021	
1.27	0.492	-0.010	-0.021	
1.30	0.492	-0.010	-0.006	
1.33	0.492	-0.010	0.010	
1.37	0.491	-0.010	0.029	
1.40	0.491	-0.008	0.034	
1.43	0.491	-0.006	0.016	
1.47	0.490	-0.007	0.010	
1.50	0.490	-0.007	0.031	
1.53	0.490	-0.005	0.053	
1.57	0.490	-0.003	0.060	
1.60	0.490	-0.001	0.054	
1.63	0.490	0.001	0.054	
1.67	0.490	0.003	0.061	
1.70	0.490	0.005	0.058	
1.73	0.490	0.007	0.043	
1.77	0.491	0.008	0.032	
1.80	0.491	0.008	0.038	
1.83	0.491	0.010	0.041	
1.87	0.491	0.012	0.023	
1.90	0.492	0.012	-0.003	
1.93	0.492	0.011	-0.006	
1.97	0.493	0.011	0.012	
2.00	0.493	0.012	0.018	
2.03	0.494	0.013	0.010	
2.07	0.494	0.013	0.003	
2.10	0.494	0.013	-0.004	
2.13	0.495	0.013	-0.016	
2.17	0.495	0.012	-0.038	
2.20	0.495	0.010	-0.060	
2.23	0.496	0.008	-0.068	
2.27	0.496	0.005	-0.065	
2.30	0.496	0.003	-0.054	
2.33	0.496	0.002	-0.051	
2.37	0.496	0.000	-0.054	
2.40	0.496	-0.002	-0.050	
2.43	0.496	-0.003	-0.050	
2.47	0.496	-0.005	-0.055	
2.50	0.496	-0.007	-0.054	
2.53	0.495	-0.008	-0.059	
2.57	0.495	-0.011	-0.066	
2.60	0.495	-0.014	-0.039	
2.63	0.494	-0.014	0.005	
2.67	0.494	-0.013	0.023	
2.70	0.494	-0.011	-0.013	
2.73	0.493	-0.014	-0.044	
2.77	0.493	-0.015	-0.035	
2.80	0.492	-0.016	-0.028	
2.83	0.492	-0.017	-0.008	
2.87	0.491	-0.017	0.026	
2.90	0.490	-0.015	0.053	
2.93	0.490	-0.013	0.064	
2.97	0.489	-0.011	0.064	
3.00	0.489	-0.009	0.069	
3.03	0.489	-0.006	0.066	
3.07	0.489	-0.004	0.043	
3.10	0.489	-0.004	0.043	
3.13	0.489	-0.002	0.066	
3.17	0.488	0.001	0.069	
3.20	0.489	0.003	0.065	
3.23	0.489	0.005	0.069	
3.27	0.489	0.008	0.070	
3.30	0.489	0.010	0.065	
3.33	0.490	0.012	0.054	
3.37	0.490	0.013	0.049	
3.40	0.491	0.015	0.046	
3.43	0.491	0.017	0.028	
3.47	0.492	0.017	0.008	
3.50	0.492	0.017	0.011	
3.53	0.493	0.017	0.019	
3.57	0.493	0.019	-0.001	
3.60	0.494	0.018	-0.025	
3.63	0.495	0.017	-0.029	
3.67	0.495	0.017	-0.045	
3.70	0.496	0.014	-0.073	
3.73	0.496	0.010	-0.061	
3.77	0.496	0.010	-0.039	
3.80	0.497	0.009	-0.051	
3.83	0.497	0.006	-0.059	
3.87	0.497	0.005	-0.061	
3.90	0.497	0.002	-0.072	
3.93	0.498	-0.000	-0.080	
3.97	0.497	-0.003	-0.083	
4.00	0.497	-0.006	-0.066	
4.03	0.497	-0.008	-0.044	
4.07	0.497	-0.008	-0.048	
4.10	0.496	-0.010	-0.063	
4.13	0.496	-0.013	-0.075	
4.17	0.495	-0.016	-0.081	
4.20	0.495	-0.018	-0.075	
4.23	0.494	-0.022	-0.039	
4.27	0.494	-0.022	0.015	
4.30	0.493	-0.019	0.035	
4.33	0.492	-0.018	0.029	
4.37	0.492	-0.018	0.042	
4.40	0.491	-0.015	0.040	
4.43	0.491	-0.015	0.024	
4.47	0.490	-0.015	0.040	
4.50	0.490	-0.013	0.062	
4.53	0.489	-0.010	0.078	
4.57	0.489	-0.007	0.083	
4.60	0.489	-0.004	0.066	
4.63	0.489	-0.003	0.044	
4.67	0.488	-0.002	0.048	
4.70	0.489	0.000	0.063	
4.73	0.488	0.003	0.072	
4.77	0.489	0.005	0.076	
4.80	0.489	0.008	0.076	
4.83	0.489	0.010	0.073	
4.87	0.489	0.013	0.066	
4.90	0.490	0.015	0.053	
4.93	0.490	0.016	0.046	
4.97	0.491	0.018	0.039	
5.00	0.492	0.019	0.016	
5.03	0.493	0.019	0.005	
5.07	0.493	0.019	0.015	
5.10	0.494	0.020	0.013	
5.13	0.494	0.020	-0.009	
5.17	0.495	0.020	-0.041	
5.20	0.496	0.017	-0.067	
5.23	0.496	0.014	-0.065	
5.27	0.496	0.013	-0.054	
5.30	0.497	0.012	-0.066	
5.33	0.497	0.008	-0.074	
5.37	0.498	0.006	-0.066	
5.40	0.498	0.004	-0.069	
5.43	0.498	0.002	-0.085	
5.47	0.498	-0.002	-0.084	
5.50	0.498	-0.004	-0.065	
5.53	0.498	-0.006	-0.058	
5.57	0.498	-0.008	-0.063	
5.60	0.497	-0.010	-0.066	
5.63	0.497	-0.012	-0.065	
5.67	0.496	-0.014	-0.072	
5.70	0.496	-0.017	-0.071	
5.73	0.495	-0.020	-0.042	
5.77	0.495	-0.020	-0.009	
5.80	0.494	-0.020	0.016	
5.83	0.493	-0.019	0.018	
5.87	0.492	-0.018	0.005	
5.90	0.492	-0.018	-0.000	
5.93	0.491	-0.019	0.024	
5.97	0.491	-0.017	0.064	
6.00	0.490	-0.015	0.090	
6.03	0.490	-0.010	0.075	
6.07	0.489	-0.009	0.054	
6.10	0.489	-0.007	0.059	
6.13	0.489	-0.005	0.059	
6.17	0.489	-0.003	0.054	
6.20	0.489	-0.002	0.055	
6.23	0.488	0.000	0.066	
6.27	0.489	0.003	0.073	
6.30	0.489	0.005	0.076	
6.33	0.489	0.008	0.077	
6.37	0.489	0.010	0.076	
6.40	0.490	0.013	0.069	
6.43	0.490	0.015	0.053	
6.47	0.491	0.017	0.027	
6.50	0.491	0.016	0.013	
6.53	0.492	0.017	0.009	
6.57	0.492	0.017	-0.003	
6.60	0.493	0.017	0.003	
6.63	0.493	0.018	0.007	
6.67	0.494	0.018	-0.008	
6.70	0.495	0.017	-0.032	
6.73	0.495	0.015	-0.052	
6.77	0.496	0.013	-0.056	
6.80	0.496	0.012	-0.062	
6.83	0.496	0.009	-0.058	
6.87	0.497	0.008	-0.050	
6.90	0.497	0.006	-0.065	
6.93	0.497	0.003	-0.074	
6.97	0.497	0.001	-0.065	
7.00	0.497	-0.001	-0.065	
7.03	0.497	-0.003	-0.073	
7.07	0.497	-0.006	-0.062	
7.10	0.497	-0.008	-0.043	
7.13	0.497	-0.008	-0.048	
7.17	0.496	-0.010	-0.061	
7.20	0.496	-0.013	-0.066	
7.23	0.495	-0.015	-0.056	
7.27	0.495	-0.017	-0.027	
7.30	0.494	-0.017	0.006	
7.33	0.494	-0.016	0.017	
7.37	0.493	-0.016	0.011	
7.40	0.493	-0.015	0.008	
7.43	0.492	-0.015	0.012	
7.47	0.492	-0.015	0.023	
7.50	0.491	-0.013	0.028	
7.53	0.491	-0.013	0.030	
7.57	0.490	-0.012	0.053	
7.60	0.490	-0.010	0.083	
7.63	0.489	-0.006	0.104	
7.67	0.489	-0.001	0.072	
7.70	0.490	-0.001	0.033	
7.73	0.489	-0.000	0.033	
7.77	0.490	0.001	0.042	
7.80	0.489	0.003	0.056	
7.83	0.490	0.005	0.057	
7.87	0.490	0.006	0.061	
7.90	0.490	0.009	0.054	
7.93	0.490	0.010	0.039	
7.97	0.491	0.011	0.041	
8.00	0.491	0.013	0.041	
8.03	0.492	0.015	0.018	
8.07	0.492	0.015	-0.017	
8.10	0.493	0.013	-0.035	
8.13	0.493	0.011	-0.021	
8.17	0.493	0.011	0.007	
8.20	0.494	0.012	0.016	
8.23	0.494	0.013	0.005	
8.27	0.494	0.013	-0.012	
8.30	0.495	0.012	-0.038	
8.33	0.495	0.010	-0.060	
8.37	0.496	0.008	-0.067	
8.40	0.496	0.005	-0.062	
8.43	0.496	0.003	-0.048	
8.47	0.496	0.002	-0.043	
8.50	0.496	0.001	-0.058	
8.53	0.496	-0.002	-0.061	
8.57	0.496	-0.004	-0.038	
8.60	0.496	-0.004	-0.032	
8.63	0.496	-0.005	-0.043	
8.67	0.495	-0.007	-0.042	
8.70	0.495	-0.008	-0.037	
8.73	0.495	-0.010	-0.027	
8.77	0.495	-0.010	-0.012	
8.80	0.494	-0.010	-0.004	
8.83	0.494	-0.010	-0.001	
8.87	0.494	-0.010	0.001	
8.90	0.493	-0.010	0.004	
8.93	0.493	-0.010	0.011	
8.97	0.493	-0.010	0.019	
9.00	0.492	-0.008	0.016	
9.03	0.492	-0.008	0.005	
9.07	0.492	-0.009	0.016	
9.10	0.492	-0.008	0.036	
9.13	0.491	-0.006	0.041	
9.17	0.491	-0.005	0.044	
9.20	0.491	-0.004	0.060	
9.23	0.491	0.000	0.046	
9.27	0.491	0.000	0.017	
9.30	0.491	0.000	0.017	
9.33	0.491	0.001	0.032	
9.37	0.491	0.003	0.044	
9.40	0.491	0.004	0.034	
9.43	0.491	0.005	0.020	
9.47	0.492	0.005	0.016	
9.50	0.492	0.006	0.020	
9.53	0.492	0.007	0.014	
9.57	0.492	0.007	-0.004	
9.60	0.492	0.006	-0.006	
9.63	0.492	0.007	-0.007	
9.67	0.493	0.006	-0.008	
9.70	0.493	0.006	-0.000	
9.73	0.493	0.006	-0.011	
9.77	0.493	0.005	-0.023	
9.80	0.494	0.004	-0.011	
9.83	0.493	0.005	-0.004	
9.87	0.494	0.004	-0.016	
9.90	0.494	0.003	-0.019	
9.93	0.494	0.003	-0.012	
9.97	0.494	0.003	-0.009	
10.00	0.494	0.002	-0.015	
10.03	0.494	0.002	-0.030	
10.07	0.494	0.000	-0.034	
10.10	0.494	-0.001	-0.015	
10.13	0.494	-0.001	-0.005	
10.17	0.494	-0.001	-0.016	
10.20	0.494	-0.002	-0.018	
10.23	0.494	-0.002	-0.007	
10.27	0.494	-0.002	0.003	
10.30	0.494	-0.002	0.010	
10.33	0.494	-0.001	-0.000	
10.37	0.494	-0.002	-0.011	
10.40	0.494	-0.002	-0.007	
10.43	0.494	-0.003	-0.003	
10.47	0.494	-0.003	0.003	
10.50	0.493	-0.002	0.007	
10.53	0.493	-0.002	0.012	
10.57	0.493	-0.001	0.004	
10.60	0.493	-0.002	-0.000	
10.63	0.493	-0.002	0.011	
10.67	0.493	-0.001	0.010	
10.70	0.493	-0.001	-0.001	
10.73	0.493	-0.002	0.007	
10.77	0.493	-0.001	0.033	
10.80	0.493	0.002	0.015	
10.83	0.493	0.001	-0.018	
10.87	0.493	-0.000	-0.022	
10.90	0.493	-0.001	-0.009	
10.93	0.493	-0.001	0.003	
10.97	0.493	-0.001	-0.001	
11.00	0.493	-0.001	0.010	
11.03	0.493	0.000	0.019	
11.07	0.493	0.001	-0.001	
11.10	0.493	0.000	-0.022	
11.13	0.493	-0.001	-0.017	
11.17	0.493	-0.001	-0.011	
11.20	0.493	-0.002	-0.008	
11.23	0.493	-0.002	0.004	
11.27	0.493	-0.001	0.001	
11.30	0.493	-0.002	-0.000	
11.33	0.493	-0.002	0.016	
11.37	0.493	-0.001	0.022	
11.40	0.493	0.000	0.018	
11.43	0.493	0.000	0.016	
11.47	0.493	0.001	0.005	
11.50	0.493	0.001	0.001	
11.53	0.493	0.001	0.019	
11.57	0.493	0.002	0.030	
11.60	0.493	0.003	0.033	
11.63	0.493	0.005	0.025	
11.67	0.493	0.005	0.008	
11.70	0.493	0.005	-0.007	
11.73	0.493	0.005	-0.021	
11.77	0.494	0.003	-0.022	
11.80	0.494	0.003	-0.011	
11.83	0.494	0.003	-0.003	
11.87	0.494	0.003	0.003	
11.90	0.494	0.003	0.011	
11.93	0.494	0.003	0.022	
11.97	0.494	0.005	0.021	
12.00	0.494	0.005	0.007	
12.03	0.495	0.005	-0.007	
12.07	0.495	0.005	-0.022	
12.10	0.495	0.003	-0.026	
12.13	0.495	0.003	-0.022	
12.17	0.495	0.002	-0.024	
12.20	0.495	0.001	-0.020	
12.23	0.495	0.000	-0.014	
12.27	0.495	0.001	-0.028	
12.30	0.495	-0.002	-0.035	
12.33	0.495	-0.003	-0.008	
12.37	0.495	-0.001	-0.020	
12.40	0.495	-0.004	-0.042	
12.43	0.495	-0.005	-0.034	
12.47	0.495	-0.006	-0.032	
12.50	0.494	-0.007	-0.024	
12.53	0.494	-0.008	-0.012	
12.57	0.494	-0.008	-0.004	
12.60	0.494	-0.008	-0.002	
12.63	0.493	-0.008	-0.008	
12.67	0.493	-0.008	-0.018	
12.70	0.493	-0.009	-0.030	
12.73	0.493	-0.011	-0.014	
12.77	0.492	-0.010	0.015	
12.80	0.492	-0.009	0.019	
12.83	0.491	-0.009	0.026	
12.87	0.491	-0.008	0.042	
12.90	0.491	-0.006	0.042	
12.93	0.491	-0.005	0.039	
12.97	0.490	-0.003	0.035	
13.00	0.491	-0.002	0.035	
13.03	0.490	-0.001	0.050	
13.07	0.490	0.001	0.053	
13.10	0.490	0.003	0.045	
13.13	0.491	0.004	0.054	
13.17	0.491	0.007	0.051	
13.20	0.491	0.008	0.038	
13.23	0.491	0.008	0.041	
13.27	0.492	0.010	0.041	
13.30	0.492	0.012	0.019	
13.33	0.493	0.012	-0.013	
13.37	0.493	0.010	-0.024	
13.40	0.493	0.009	0.001	
13.43	0.493	0.010	0.029	
13.47	0.494	0.012	0.028	
13.50	0.494	0.013	0.014	
13.53	0.495	0.013	-0.000	
13.57	0.495	0.013	-0.016	
13.60	0.496	0.012	-0.042	
13.63	0.496	0.010	-0.070	
13.67	0.496	0.007	-0.085	
13.70	0.496	0.003	-0.072	
13.73	0.496	0.001	-0.035	
13.77	0.496	0.002	-0.015	
13.80	0.497	0.002	-0.027	
13.83	0.496	-0.001	-0.030	
13.87	0.496	0.000	-0.053	
13.90	0.497	-0.003	-0.098	
13.93	0.496	-0.007	-0.109	
13.97	0.496	-0.012	-0.084	
14.00	0.495	-0.013	-0.051	
14.03	0.495	-0.015	-0.024	
14.07	0.494	-0.015	0.002	
14.10	0.494	-0.014	0.005	
14.13	0.494	-0.014	0.002	
14.17	0.493	-0.014	-0.007	
14.20	0.493	-0.014	-0.031	
14.23	0.492	-0.017	-0.025	
14.27	0.492	-0.017	0.013	
14.30	0.491	-0.015	0.041	
14.33	0.490	-0.013	0.048	
14.37	0.490	-0.012	0.050	
14.40	0.490	-0.010	0.058	
14.43	0.490	-0.008	0.059	
14.47	0.489	-0.007	0.069	
14.50	0.489	-0.003	0.076	
14.53	0.489	-0.002	0.077	
14.57	0.489	0.002	0.073	
14.60	0.489	0.004	0.052	
14.63	0.489	0.004	0.059	
14.67	0.489	0.007	0.081	
14.70	0.490	0.010	0.089	
14.73	0.490	0.013	0.088	
14.77	0.491	0.017	0.059	
14.80	0.491	0.018	0.008	
14.83	0.492	0.016	-0.009	
14.87	0.492	0.016	0.034	
14.90	0.493	0.019	0.054	
14.93	0.494	0.021	0.016	
14.97	0.494	0.020	-0.027	
15.00	0.495	0.019	-0.043	
15.03	0.496	0.017	-0.049	
15.07	0.496	0.015	-0.053	
15.10	0.497	0.013	-0.047	
15.13	0.497	0.012	-0.043	
15.17	0.498	0.011	-0.043	
15.20	0.498	0.010	-0.047	
15.23	0.498	0.008	-0.057	
15.27	0.498	0.006	-0.058	
15.30	0.499	0.004	-0.065	
15.33	0.499	0.001	-0.064	
15.37	0.499	-0.000	-0.063	
15.40	0.499	-0.003	-0.079	
15.43	0.498	-0.005	-0.108	
15.47	0.498	-0.011	-0.100	
15.50	0.498	-0.014	-0.038	
15.53	0.497	-0.013	0.002	
15.57	0.497	-0.011	-0.016	
15.60	0.497	-0.012	-0.074	
15.63	0.496	-0.017	-0.102	
15.67	0.495	-0.021	-0.066	
15.70	0.494	-0.022	-0.013	
15.73	0.494	-0.021	0.012	
15.77	0.493	-0.021	0.014	
15.80	0.493	-0.020	0.020	
15.83	0.492	-0.020	0.040	
15.87	0.491	-0.018	0.062	
15.90	0.490	-0.015	0.076	
15.93	0.490	-0.013	0.087	
15.97	0.490	-0.010	0.095	
16.00	0.489	-0.006	0.087	
16.03	0.489	-0.003	0.063	
16.07	0.489	-0.002	0.052	
16.10	0.489	-0.000	0.056	
16.13	0.489	0.001	0.073	
16.17	0.489	0.005	0.086	
16.20	0.490	0.008	0.081	
16.23	0.490	0.010	0.072	
16.27	0.490	0.012	0.062	
16.30	0.490	0.014	0.061	
16.33	0.491	0.017	0.049	
16.37	0.492	0.018	0.020	
16.40	0.492	0.018	-0.001	
16.43	0.493	0.017	-0.012	
16.47	0.494	0.016	0.002	
16.50	0.494	0.017	0.031	
16.53	0.495	0.020	0.024	
16.57	0.495	0.020	-0.034	
16.60	0.496	0.016	-0.070	
16.63	0.496	0.014	-0.056	
16.67	0.497	0.013	-0.042	
16.70	0.497	0.012	-0.051	
16.73	0.498	0.010	-0.067	
16.77	0.498	0.006	-0.056	
16.80	0.498	0.006	-0.036	
16.83	0.498	0.005	-0.044	
16.87	0.499	0.004	-0.092	
16.90	0.499	-0.002	-0.108	
16.93	0.498	-0.005	-0.075	
16.97	0.498	-0.006	-0.066	
17.00	0.498	-0.009	-0.058	
17.03	0.498	-0.010	-0.053	
17.07	0.497	-0.012	-0.071	
17.10	0.497	-0.015	-0.080	
17.13	0.496	-0.019	-0.048	
17.17	0.496	-0.018	-0.016	
17.20	0.495	-0.019	-0.010	
17.23	0.494	-0.019	0.002	
17.27	0.494	-0.018	0.012	
17.30	0.493	-0.018	0.012	
17.33	0.492	-0.018	0.019	
17.37	0.492	-0.017	0.035	
17.40	0.491	-0.015	0.050	
17.43	0.491	-0.013	0.050	
17.47	0.490	-0.012	0.054	
17.50	0.490	-0.010	0.066	
17.53	0.490	-0.008	0.073	
17.57	0.490	-0.005	0.076	
17.60	0.489	-0.003	0.074	
17.63	0.489	-0.000	0.070	
17.67	0.489	0.002	0.065	
17.70	0.490	0.004	0.070	
17.73	0.489	0.007	0.069	
17.77	0.490	0.009	0.050	
17.80	0.490	0.009	0.054	
17.83	0.491	0.012	0.065	
17.87	0.491	0.015	0.052	
17.90	0.492	0.016	0.037	
17.93	0.492	0.017	0.017	
17.97	0.493	0.017	-0.006	
18.00	0.493	0.016	-0.007	
18.03	0.494	0.016	0.011	
18.07	0.494	0.017	0.016	
18.10	0.495	0.018	0.000	
18.13	0.495	0.018	-0.027	
18.17	0.496	0.017	-0.066	
18.20	0.497	0.013	-0.089	
18.23	0.497	0.009	-0.070	
18.27	0.497	0.008	-0.037	
18.30	0.498	0.007	-0.025	
18.33	0.498	0.006	-0.026	
18.37	0.498	0.007	-0.067	
18.40	0.498	0.002	-0.113	
18.43	0.498	-0.003	-0.094	
18.47	0.498	-0.005	-0.056	
18.50	0.498	-0.005	-0.057	
18.53	0.498	-0.009	-0.057	
18.57	0.497	-0.010	-0.039	
18.60	0.497	-0.010	-0.056	
18.63	0.497	-0.013	-0.078	
18.67	0.496	-0.017	-0.054	
18.70	0.495	-0.017	-0.005	
18.73	0.495	-0.017	0.037	
18.77	0.494	-0.014	0.038	
18.80	0.494	-0.012	-0.010	
18.83	0.494	-0.015	-0.041	
18.87	0.493	-0.017	-0.019	
18.90	0.492	-0.017	0.029	
18.93	0.492	-0.015	0.065	
18.97	0.491	-0.011	0.062	
19.00	0.491	-0.010	0.032	
19.03	0.491	-0.011	0.043	
19.07	0.490	-0.008	0.091	
19.10	0.490	-0.003	0.086	
19.13	0.490	-0.001	0.038	
19.17	0.490	-0.001	0.023	
19.20	0.490	-0.000	0.034	
19.23	0.490	0.001	0.053	
19.27	0.490	0.003	0.075	
19.30	0.490	0.007	0.072	
19.33	0.491	0.008	0.060	
19.37	0.491	0.010	0.053	
19.40	0.492	0.012	0.035	
19.43	0.492	0.013	0.015	
19.47	0.492	0.013	0.002	
19.50	0.493	0.013	-0.006	
19.53	0.493	0.012	-0.011	
19.57	0.493	0.011	-0.003	
19.60	0.494	0.012	0.003	
19.63	0.494	0.012	-0.008	
19.67	0.495	0.011	-0.010	
19.70	0.495	0.012	-0.013	
19.73	0.496	0.011	-0.021	
19.77	0.496	0.010	-0.017	
19.80	0.496	0.011	-0.060	
19.83	0.497	0.006	-0.105	
19.87	0.496	0.002	-0.082	
19.90	0.497	0.000	-0.049	
19.93	0.496	-0.001	-0.039	
19.97	0.497	-0.002	-0.041	
20.00	0.496	-0.003	-0.050	
20.03	0.496	-0.005	-0.063	
20.07	0.496	-0.008	-0.064	
20.10	0.496	-0.010	-0.049	
20.13	0.495	-0.012	-0.016	
20.17	0.495	-0.011	0.006	
20.20	0.495	-0.010	0.006	
20.23	0.494	-0.010	0.003	
20.27	0.494	-0.010	0.001	
20.30	0.494	-0.010	0.003	
20.33	0.493	-0.010	0.007	
20.37	0.493	-0.010	0.008	
20.40	0.493	-0.009	-0.003	
20.43	0.493	-0.010	-0.010	
20.47	0.492	-0.011	0.016	
20.50	0.492	-0.009	0.034	
20.53	0.491	-0.008	0.030	
20.57	0.491	-0.007	0.035	
20.60	0.491	-0.006	0.039	
20.63	0.491	-0.005	0.045	
20.67	0.490	-0.003	0.049	
20.70	0.491	-0.001	0.039	
20.73	0.490	0.000	0.031	
20.77	0.491	0.001	0.039	
20.80	0.490	0.003	0.046	
20.83	0.491	0.004	0.038	
20.87	0.491	0.005	0.026	
20.90	0.491	0.006	0.024	
20.93	0.491	0.007	0.016	
20.97	0.492	0.007	-0.000	
21.00	0.492	0.006	0.001	
21.03	0.492	0.007	0.004	
21.07	0.492	0.007	-0.008	
21.10	0.493	0.006	-0.010	
21.13	0.493	0.007	-0.011	
21.17	0.493	0.005	-0.012	
21.20	0.493	0.005	0.013	
21.23	0.493	0.008	0.003	
21.27	0.494	0.006	-0.027	
21.30	0.494	0.005	-0.033	
21.33	0.494	0.003	-0.029	
21.37	0.494	0.003	-0.018	
21.40	0.494	0.002	-0.019	
21.43	0.494	0.002	-0.030	
21.47	0.494	0.000	-0.034	
21.50	0.494	-0.001	-0.015	
21.53	0.494	-0.001	-0.005	
21.57	0.494	-0.001	-0.017	
21.60	0.494	-0.002	-0.022	
21.63	0.494	-0.003	-0.018	
21.67	0.494	-0.003	-0.016	
21.70	0.494	-0.004	-0.004	
21.73	0.494	-0.003	0.004	
21.77	0.493	-0.003	-0.004	
21.80	0.493	-0.004	0.003	
21.83	0.493	-0.003	0.011	
21.87	0.493	-0.003	0.004	
21.90	0.493	-0.003	-0.003	
21.93	0.493	-0.003	-0.007	
21.97	0.493	-0.004	0.007	
22.00	0.493	-0.003	0.022	
22.03	0.493	-0.001	0.007	
22.07	0.493	-0.002	-0.007	
22.10	0.492	-0.002	-0.002	
22.13	0.493	-0.002	0.008	
22.17	0.492	-0.002	0.021	
22.20	0.492	-0.001	0.021	
22.23	0.492	-0.000	0.008	
22.27	0.492	-0.000	-0.003	
22.30	0.492	-0.000	-0.011	
22.33	0.492	-0.001	-0.003	
22.37	0.492	-0.001	0.004	
22.40	0.492	-0.001	-0.004	
22.43	0.492	-0.001	-0.000	
22.47	0.492	-0.001	0.004	
22.50	0.492	-0.001	-0.004	
22.53	0.492	-0.001	0.001	
22.57	0.492	-0.001	0.011	
22.60	0.492	-0.000	0.011	
22.63	0.492	-0.001	0.025	
22.67	0.492	0.002	0.012	
22.70	0.492	0.001	-0.014	
22.73	0.492	0.000	-0.011	
22.77	0.492	0.000	-0.006	
22.80	0.492	0.000	-0.001	
22.83	0.492	0.000	-0.000	
22.87	0.492	0.000	0.001	
22.90	0.492	0.000	0.005	
22.93	0.492	0.000	0.015	
22.97	0.492	0.001	0.033	
23.00	0.492	0.003	0.040	
23.03	0.492	0.004	0.023	
23.07	0.492	0.004	-0.003	
23.10	0.493	0.003	-0.007	
23.13	0.493	0.003	0.009	
23.17	0.493	0.004	0.012	
23.20	0.493	0.005	0.003	
23.23	0.493	0.004	0.011	
23.27	0.493	0.005	0.023	
23.30	0.494	0.006	0.011	
23.33	0.494	0.006	0.004	
23.37	0.494	0.006	0.015	
23.40	0.494	0.007	0.013	
23.43	0.494	0.007	-0.008	
23.47	0.494	0.007	-0.037	
23.50	0.495	0.005	-0.055	
23.53	0.495	0.002	-0.038	
23.57	0.495	0.002	-0.020	
23.60	0.495	0.002	-0.030	
23.63	0.495	0.000	-0.038	
23.67	0.495	-0.002	-0.023	
23.70	0.495	-0.002	0.002	
23.73	0.495	-0.001	0.002	
23.77	0.495	-0.001	-0.023	
23.80	0.495	-0.003	-0.041	
23.83	0.495	-0.004	-0.038	
23.87	0.494	-0.005	-0.030	
23.90	0.494	-0.006	-0.034	
23.93	0.494	-0.008	-0.034	
23.97	0.494	-0.009	-0.010	
24.00	0.493	-0.008	0.013	
24.03	0.493	-0.008	0.020	
24.07	0.493	-0.007	0.024	
24.10	0.493	-0.005	-0.003	
24.13	0.493	-0.007	-0.028	
24.17	0.492	-0.008	-0.021	
24.20	0.492	-0.009	0.005	
24.23	0.492	-0.008	0.032	
24.27	0.492	-0.006	0.030	
24.30	0.491	-0.005	0.020	
24.33	0.491	-0.005	0.020	
24.37	0.491	-0.004	0.031	
24.40	0.491	-0.003	0.038	
24.43	0.491	-0.001	0.027	
24.47	0.491	-0.001	0.028	
24.50	0.491	0.000	0.046	
24.53	0.491	0.002	0.053	
24.57	0.491	0.004	0.060	
24.60	0.491	0.007	0.053	
24.63	0.491	0.008	0.031	
24.67	0.492	0.008	0.020	
24.70	0.492	0.009	0.007	
24.73	0.492	0.008	0.005	
24.77	0.492	0.009	0.025	
24.80	0.493	0.010	0.037	
24.83	0.493	0.012	0.021	
24.87	0.494	0.012	-0.007	
24.90	0.494	0.011	-0.017	
24.93	0.494	0.010	-0.011	
24.97	0.495	0.010	-0.009	
25.00	0.495	0.010	-0.016	
25.03	0.495	0.010	-0.035	
25.07	0.496	0.008	-0.049	
25.10	0.496	0.006	-0.049	
25.13	0.496	0.005	-0.050	
25.17	0.496	0.003	-0.054	
25.20	0.496	0.001	-0.047	
25.23	0.496	-0.000	-0.043	
25.27	0.496	-0.002	-0.043	
25.30	0.496	-0.003	-0.047	
25.33	0.496	-0.005	-0.053	
25.37	0.496	-0.007	-0.046	
25.40	0.496	-0.008	-0.041	
25.43	0.495	-0.010	-0.033	
25.47	0.495	-0.010	-0.024	
25.50	0.494	-0.012	-0.015	
25.53	0.494	-0.010	-0.031	
25.57	0.494	-0.014	-0.041	
25.60	0.493	-0.015	-0.015	
25.63	0.493	-0.014	-0.007	
25.67	0.492	-0.015	-0.002	
25.70	0.492	-0.015	0.016	
25.73	0.491	-0.013	0.024	
25.77	0.491	-0.013	0.027	
25.80	0.490	-0.012	0.043	
25.83	0.490	-0.010	0.061	
25.87	0.490	-0.008	0.068	
25.90	0.490	-0.005	0.065	
25.93	0.489	-0.003	0.054	
25.97	0.489	-0.002	0.051	
26.00	0.489	0.000	0.055	
26.03	0.489	0.002	0.051	
26.07	0.489	0.003	0.055	
26.10	0.490	0.005	0.070	
26.13	0.490	0.008	0.083	
26.17	0.490	0.011	0.089	
26.20	0.490	0.015	0.071	
26.23	0.491	0.017	0.024	
26.27	0.492	0.016	-0.011	
26.30	0.492	0.015	-0.019	
26.33	0.493	0.014	-0.003	
26.37	0.493	0.014	0.031	
26.40	0.493	0.017	0.035	
26.43	0.494	0.018	0.007	
26.47	0.495	0.017	-0.022	
26.50	0.495	0.016	-0.037	
26.53	0.496	0.014	-0.031	
26.57	0.496	0.014	-0.039	
26.60	0.497	0.012	-0.066	
26.63	0.497	0.009	-0.072	
26.67	0.497	0.007	-0.072	
26.70	0.498	0.005	-0.081	
26.73	0.498	0.001	-0.078	
26.77	0.498	-0.001	-0.075	
26.80	0.498	-0.003	-0.080	
26.83	0.498	-0.007	-0.066	
26.87	0.497	-0.009	-0.029	
26.90	0.497	-0.007	-0.030	
26.93	0.497	-0.010	-0.055	
26.97	0.496	-0.011	-0.072	
27.00	0.496	-0.015	-0.077	
27.03	0.495	-0.017	-0.057	
27.07	0.495	-0.018	-0.038	
27.10	0.494	-0.020	-0.017	
27.13	0.493	-0.020	0.010	
27.17	0.493	-0.019	0.018	
27.20	0.492	-0.018	0.012	
27.23	0.491	-0.018	0.010	
27.27	0.491	-0.018	0.021	
27.30	0.490	-0.017	0.049	
27.33	0.490	-0.015	0.079	
27.37	0.489	-0.011	0.084	
27.40	0.489	-0.008	0.069	
27.43	0.489	-0.007	0.070	
27.47	0.489	-0.004	0.085	
27.50	0.488	-0.001	0.084	
27.53	0.489	0.002	0.066	
27.57	0.488	0.003	0.059	
27.60	0.489	0.005	0.067	
27.63	0.489	0.008	0.072	
27.67	0.489	0.010	0.071	
27.70	0.489	0.013	0.062	
27.73	0.490	0.015	0.044	
27.77	0.490	0.015	0.032	
27.80	0.491	0.016	0.039	
27.83	0.492	0.018	0.045	
27.87	0.492	0.020	0.033	
27.90	0.493	0.020	0.010	
27.93	0.494	0.020	-0.011	
27.97	0.494	0.020	-0.033	
28.00	0.495	0.018	-0.049	
28.03	0.495	0.016	-0.049	
28.07	0.496	0.015	-0.050	
28.10	0.496	0.013	-0.054	
28.13	0.497	0.011	-0.051	
28.17	0.497	0.010	-0.054	
28.20	0.498	0.008	-0.064	
28.23	0.498	0.005	-0.067	
28.27	0.498	0.003	-0.065	
28.30	0.498	0.001	-0.063	
28.33	0.498	-0.000	-0.089	
28.37	0.498	-0.006	-0.102	
28.40	0.498	-0.008	-0.087	
28.43	0.498	-0.011	-0.083	
28.47	0.497	-0.014	-0.064	
28.50	0.496	-0.015	-0.043	
28.53	0.496	-0.016	-0.046	
28.57	0.495	-0.018	-0.053	
28.60	0.495	-0.020	-0.041	
28.63	0.494	-0.022	-0.008	
28.67	0.493	-0.021	0.018	
28.70	0.493	-0.019	0.011	
28.73	0.492	-0.020	0.009	
28.77	0.491	-0.020	0.032	
28.80	0.490	-0.018	0.057	
28.83	0.490	-0.015	0.067	
28.87	0.489	-0.013	0.066	
28.90	0.489	-0.011	0.058	
28.93	0.489	-0.010	0.062	
28.97	0.489	-0.007	0.077	
29.00	0.488	-0.004	0.076	
29.03	0.488	-0.002	0.072	
29.07	0.488	0.001	0.077	
29.10	0.488	0.004	0.067	
29.13	0.488	0.005	0.054	
29.17	0.489	0.006	0.066	
29.20	0.489	0.010	0.077	
29.23	0.489	0.012	0.068	
29.27	0.490	0.014	0.064	
29.30	0.490	0.017	0.050	
29.33	0.491	0.018	0.024	
29.37	0.492	0.018	0.012	
29.40	0.492	0.018	0.008	
29.43	0.493	0.018	0.007	
29.47	0.493	0.019	-0.012	
29.50	0.494	0.018	-0.038	
29.53	0.494	0.016	-0.045	
29.57	0.495	0.015	-0.047	
29.60	0.495	0.013	-0.043	
29.63	0.496	0.011	-0.025	
29.67	0.496	0.011	-0.010	
29.70	0.497	0.012	-0.044	
29.73	0.497	0.008	-0.087	
29.77	0.497	0.005	-0.097	
29.80	0.498	0.002	-0.101	
29.83	0.497	-0.002	-0.089	
29.87	0.497	-0.004	-0.066	
29.90	0.497	-0.006	-0.055	
29.93	0.497	-0.008	-0.055	
29.97	0.496	-0.010	-0.050	
30.00	0.496	-0.011	-0.050	
30.03	0.496	-0.013	-0.053	
30.07	0.495	-0.015	-0.046	
30.10	0.495	-0.016	-0.038	
30.13	0.494	-0.017	-0.026	
30.17	0.494	-0.018	-0.008	
30.20	0.493	-0.018	0.007	
30.23	0.492	-0.017	0.022	
30.27	0.492	-0.016	0.026	
30.30	0.491	-0.015	0.024	
30.33	0.491	-0.015	0.031	
30.37	0.490	-0.013	0.039	
30.40	0.490	-0.012	0.050	
30.43	0.489	-0.010	0.064	
30.47	0.489	-0.008	0.069	
30.50	0.489	-0.005	0.065	
30.53	0.489	-0.003	0.055	
30.57	0.489	-0.002	0.055	
30.60	0.489	0.000	0.065	
30.63	0.489	0.003	0.069	
30.67	0.489	0.005	0.065	
30.70	0.489	0.007	0.054	
30.73	0.490	0.008	0.051	
30.77	0.490	0.010	0.053	
30.80	0.490	0.012	0.045	
30.83	0.490	0.013	0.034	
30.87	0.491	0.015	0.017	
30.90	0.492	0.015	-0.005	
30.93	0.492	0.014	-0.005	
30.97	0.492	0.014	0.017	
31.00	0.493	0.015	0.027	
31.03	0.493	0.016	0.017	
31.07	0.494	0.018	-0.030	
31.10	0.495	0.014	-0.067	
31.13	0.495	0.011	-0.057	
31.17	0.495	0.010	-0.048	
31.20	0.496	0.009	-0.059	
31.23	0.496	0.006	-0.062	
31.27	0.496	0.004	-0.042	
31.30	0.496	0.004	-0.042	
31.33	0.496	0.002	-0.062	
31.37	0.496	-0.001	-0.058	
31.40	0.496	-0.002	-0.042	
31.43	0.496	-0.003	-0.047	
31.47	0.496	-0.005	-0.057	
31.50	0.496	-0.008	-0.056	
31.53	0.495	-0.010	-0.038	
31.57	0.495	-0.010	-0.017	
31.60	0.495	-0.010	-0.008	
31.63	0.495	-0.010	-0.008	
31.67	0.494	-0.011	-0.011	
31.70	0.494	-0.012	0.001	
31.73	0.493	-0.011	0.014	
31.77	0.493	-0.010	0.014	
31.80	0.493	-0.010	0.015	
31.83	0.493	-0.009	0.005	
31.87	0.492	-0.010	0.002	
31.90	0.492	-0.010	0.020	
31.93	0.491	-0.008	0.034	
31.97	0.491	-0.007	0.041	
32.00	0.491	-0.005	0.043	
32.03	0.491	-0.004	0.032	
32.07	0.491	-0.004	0.038	
32.10	0.491	-0.002	0.060	
32.13	0.490	0.001	0.053	
32.17	0.491	0.002	0.031	
32.20	0.491	0.003	0.024	
32.23	0.491	0.003	0.032	
32.27	0.491	0.005	0.038	
32.30	0.491	0.007	0.028	
32.33	0.491	0.006	0.033	
32.37	0.492	0.008	0.047	
32.40	0.492	0.010	0.037	
32.43	0.492	0.012	-0.018	
32.47	0.493	0.009	-0.057	
32.50	0.493	0.006	-0.036	
32.53	0.493	0.006	-0.003	
32.57	0.493	0.007	0.008	
32.60	0.494	0.007	-0.002	
32.63	0.494	0.006	-0.004	
32.67	0.494	0.007	-0.010	
32.70	0.494	0.006	-0.034	
32.73	0.495	0.004	-0.035	
32.77	0.494	0.003	-0.015	
32.80	0.495	0.004	-0.019	
32.83	0.495	0.002	-0.034	
32.87	0.495	0.001	-0.025	
32.90	0.495	0.000	-0.004	
32.93	0.495	0.001	0.012	
32.97	0.495	0.002	0.006	
33.00	0.495	0.002	-0.023	
33.03	0.495	0.000	-0.045	
33.07	0.495	-0.002	-0.046	
33.10	0.495	-0.003	-0.041	
33.13	0.495	-0.005	-0.027	
33.17	0.494	-0.006	0.006	
33.20	0.494	-0.004	0.021	
33.23	0.494	-0.003	0.003	
33.27	0.494	-0.004	-0.003	
33.30	0.494	-0.004	-0.005	
33.33	0.494	-0.005	-0.003	
33.37	0.494	-0.004	0.018	
33.40	0.494	-0.003	0.030	
33.43	0.493	-0.002	0.033	
33.47	0.494	-0.001	0.025	
33.50	0.493	-0.000	0.007	
33.53	0.494	-0.000	-0.011	
33.57	0.493	-0.001	-0.031	
33.60	0.494	-0.003	-0.036	
33.63	0.493	-0.004	-0.010	
33.67	0.493	-0.004	0.032	
33.70	0.493	-0.001	0.053	
33.73	0.493	0.000	0.050	
33.77	0.493	0.002	0.051	
33.80	0.493	0.006	0.001	
33.83	0.494	0.002	-0.046	
33.87	0.493	0.000	-0.035	
33.90	0.494	-0.000	-0.020	
33.93	0.493	-0.001	0.008	
33.97	0.493	0.000	0.028	
34.00	0.493	0.002	0.018	
34.03	0.494	0.002	-0.008	
34.07	0.493	0.001	-0.017	
34.10	0.494	0.000	-0.011	
34.13	0.493	0.000	-0.008	
34.17	0.494	-0.000	-0.011	
34.20	0.493	-0.001	-0.018	
34.23	0.494	-0.002	-0.011	
34.27	0.493	-0.002	0.012	
34.30	0.493	-0.001	0.022	
34.33	0.493	0.000	0.021	
34.37	0.493	0.001	0.023	
34.40	0.493	0.002	0.016	
34.43	0.494	0.002	-0.000	
34.47	0.493	0.001	0.001	
34.50	0.494	0.002	0.005	
34.53	0.494	0.002	-0.003	
34.57	0.494	0.001	0.004	
34.60	0.494	0.002	0.015	
34.63	0.494	0.003	0.015	
34.67	0.494	0.003	0.015	
34.70	0.494	0.004	0.005	
34.73	0.494	0.003	0.001	
34.77	0.494	0.003	0.015	
34.80	0.494	0.005	0.018	
34.83	0.495	0.005	0.006	
34.87	0.495	0.005	-0.007	
34.90	0.495	0.005	-0.022	
34.93	0.495	0.003	-0.026	
34.97	0.495	0.003	-0.023	
35.00	0.495	0.002	-0.030	
35.03	0.495	0.000	-0.033	
35.07	0.495	-0.000	-0.027	
35.10	0.495	-0.002	-0.012	
35.13	0.495	-0.002	0.009	
35.17	0.495	0.000	-0.008	
35.20	0.495	-0.002	-0.031	
35.23	0.495	-0.003	-0.031	
35.27	0.495	-0.004	-0.026	
35.30	0.495	-0.004	-0.034	
35.33	0.495	-0.006	-0.051	
35.37	0.494	-0.009	-0.030	
35.40	0.494	-0.009	0.015	
35.43	0.494	-0.006	0.028	
35.47	0.494	-0.006	0.009	
35.50	0.493	-0.007	0.004	
35.53	0.493	-0.006	0.002	
35.57	0.493	-0.006	-0.010	
35.60	0.493	-0.007	-0.007	
35.63	0.492	-0.007	0.015	
35.67	0.492	-0.006	0.025	
35.70	0.492	-0.005	0.023	
35.73	0.492	-0.004	0.012	
35.77	0.492	-0.004	0.013	
35.80	0.492	-0.004	0.038	
35.83	0.492	-0.001	0.045	
35.87	0.492	-0.000	0.034	
35.90	0.492	0.001	0.036	
35.93	0.492	0.002	0.043	
35.97	0.492	0.003	0.052	
36.00	0.492	0.006	0.059	
36.03	0.492	0.008	0.033	
36.07	0.493	0.008	0.001	
36.10	0.493	0.008	-0.012	
36.13	0.493	0.007	-0.015	
36.17	0.493	0.006	0.004	
36.20	0.493	0.007	0.044	
36.23	0.493	0.010	0.061	
36.27	0.494	0.012	0.040	
36.30	0.494	0.013	0.009	
36.33	0.495	0.012	-0.014	
36.37	0.495	0.011	-0.019	
36.40	0.496	0.011	-0.018	
36.43	0.496	0.011	-0.038	
36.47	0.496	0.008	-0.053	
36.50	0.496	0.005	-0.024	
36.53	0.497	0.008	-0.024	
36.57	0.497	0.005	-0.055	
36.60	0.497	0.003	-0.061	
36.63	0.497	0.001	-0.052	
36.67	0.497	-0.000	-0.045	
36.70	0.497	-0.002	-0.047	
36.73	0.497	-0.003	-0.057	
36.77	0.497	-0.006	-0.072	
36.80	0.496	-0.009	-0.061	
36.83	0.496	-0.010	-0.039	
36.87	0.496	-0.011	-0.036	
36.90	0.496	-0.012	-0.038	
36.93	0.495	-0.013	-0.036	
36.97	0.495	-0.015	-0.023	
37.00	0.494	-0.016	0.016	
37.03	0.494	-0.013	0.036	
37.07	0.493	-0.012	0.010	
37.10	0.493	-0.013	-0.014	
37.13	0.492	-0.014	-0.004	
37.17	0.492	-0.013	0.016	
37.20	0.491	-0.013	0.029	
37.23	0.491	-0.012	0.049	
37.27	0.490	-0.009	0.054	
37.30	0.490	-0.008	0.050	
37.33	0.490	-0.006	0.065	
37.37	0.490	-0.003	0.073	
37.40	0.490	-0.001	0.061	
37.43	0.490	0.001	0.058	
37.47	0.490	0.003	0.066	
37.50	0.490	0.005	0.072	
37.53	0.490	0.008	0.071	
37.57	0.491	0.010	0.061	
37.60	0.491	0.012	0.039	
37.63	0.492	0.013	0.019	
37.67	0.492	0.013	0.016	
37.70	0.492	0.013	0.028	
37.73	0.493	0.014	0.049	
37.77	0.493	0.018	0.036	
37.80	0.494	0.017	0.014	
37.83	0.494	0.018	0.007	
37.87	0.495	0.019	-0.029	
37.90	0.496	0.016	-0.057	
37.93	0.496	0.014	-0.056	
37.97	0.496	0.012	-0.052	
38.00	0.497	0.010	-0.052	
38.03	0.497	0.008	-0.044	
38.07	0.498	0.008	-0.043	
38.10	0.498	0.006	-0.062	
38.13	0.498	0.003	-0.073	
38.17	0.498	0.001	-0.061	
38.20	0.498	-0.001	-0.059	
38.23	0.498	-0.003	-0.069	
38.27	0.498	-0.005	-0.076	
38.30	0.498	-0.008	-0.073	
38.33	0.497	-0.011	-0.051	
38.37	0.497	-0.011	-0.039	
38.40	0.497	-0.012	-0.062	
38.43	0.496	-0.016	-0.060	
38.47	0.495	-0.017	-0.028	
38.50	0.495	-0.017	-0.017	
38.53	0.494	-0.019	-0.003	
38.57	0.493	-0.018	0.015	
38.60	0.493	-0.016	-0.010	
38.63	0.493	-0.019	-0.017	
38.67	0.492	-0.019	0.028	
38.70	0.491	-0.016	0.060	
38.73	0.491	-0.014	0.073	
38.77	0.490	-0.011	0.069	
38.80	0.490	-0.009	0.045	
38.83	0.490	-0.009	0.048	
38.87	0.489	-0.007	0.077	
38.90	0.489	-0.003	0.090	
38.93	0.489	-0.000	0.083	
38.97	0.489	0.002	0.069	
39.00	0.489	0.005	0.050	
39.03	0.489	0.006	0.037	
39.07	0.490	0.007	0.029	
39.10	0.490	0.007	0.036	
39.13	0.490	0.008	0.086	
39.17	0.490	0.012	0.144	
39.20	0.491	0.021	0.106	
39.23	0.492	0.021	0.023	
39.27	0.492	0.021	-0.018	
39.30	0.493	0.019	-0.043	
39.33	0.494	0.017	-0.035	
39.37	0.494	0.016	-0.005	
39.40	0.495	0.017	0.001	
39.43	0.496	0.017	-0.022	
39.47	0.496	0.016	-0.044	
39.50	0.497	0.014	-0.063	
39.53	0.497	0.011	-0.065	
39.57	0.497	0.009	-0.044	
39.60	0.498	0.009	-0.048	
39.63	0.498	0.007	-0.078	
39.67	0.498	0.003	-0.094	
39.70	0.498	0.000	-0.093	
39.73	0.498	-0.003	-0.088	
39.77	0.498	-0.006	-0.066	
39.80	0.498	-0.008	-0.041	
39.83	0.498	-0.008	-0.041	
39.87	0.497	-0.010	-0.054	
39.90	0.497	-0.012	-0.074	
39.93	0.496	-0.015	-0.082	
39.97	0.496	-0.019	-0.049	
40.00	0.495	-0.018	-0.016	
40.03	0.495	-0.019	-0.010	
40.07	0.494	-0.019	-0.002	
40.10	0.493	-0.019	0.001	
40.13	0.493	-0.019	-0.009	
40.17	0.492	-0.020	0.001	
40.20	0.491	-0.020	0.035	
40.23	0.491	-0.017	0.067	
40.27	0.490	-0.014	0.070	
40.30	0.490	-0.012	0.061	
40.33	0.489	-0.010	0.059	
40.37	0.489	-0.008	0.054	
40.40	0.489	-0.007	0.064	
40.43	0.489	-0.005	0.087	
40.47	0.488	-0.001	0.106	
40.50	0.488	0.004	0.080	
40.53	0.489	0.004	0.051	
40.57	0.489	0.006	0.063	
40.60	0.489	0.009	0.060	
40.63	0.489	0.010	0.052	
40.67	0.490	0.012	0.061	
40.70	0.490	0.015	0.062	
40.73	0.491	0.017	0.037	
40.77	0.491	0.017	0.023	
40.80	0.492	0.018	0.017	
40.83	0.492	0.019	-0.011	
40.87	0.493	0.017	-0.022	
40.90	0.493	0.016	-0.007	
40.93	0.494	0.017	-0.008	
40.97	0.495	0.016	-0.018	
41.00	0.495	0.015	-0.028	
41.03	0.496	0.015	-0.052	
41.07	0.496	0.012	-0.079	
41.10	0.496	0.008	-0.082	
41.13	0.497	0.006	-0.062	
41.17	0.497	0.005	-0.052	
41.20	0.497	0.003	-0.055	
41.23	0.497	0.001	-0.069	
41.27	0.497	-0.002	-0.076	
41.30	0.497	-0.004	-0.063	
41.33	0.497	-0.006	-0.062	
41.37	0.496	-0.008	-0.073	
41.40	0.496	-0.011	-0.079	
41.43	0.496	-0.014	-0.061	
41.47	0.495	-0.015	-0.032	
41.50	0.495	-0.016	-0.020	
41.53	0.494	-0.016	-0.021	
41.57	0.494	-0.017	-0.015	
41.60	0.493	-0.017	0.001	
41.63	0.493	-0.017	0.004	
41.67	0.492	-0.017	0.013	
41.70	0.491	-0.017	0.045	
41.73	0.491	-0.014	0.060	
41.77	0.490	-0.012	0.059	
41.80	0.490	-0.009	0.043	
41.83	0.490	-0.009	0.029	
41.87	0.489	-0.008	0.035	
41.90	0.489	-0.007	0.044	
41.93	0.489	-0.005	0.057	
41.97	0.489	-0.003	0.061	
42.00	0.489	-0.001	0.071	
42.03	0.489	0.002	0.072	
42.07	0.489	0.004	0.051	
42.10	0.489	0.005	0.035	
42.13	0.489	0.006	0.040	
42.17	0.490	0.008	0.050	
42.20	0.490	0.010	0.046	
42.23	0.490	0.011	0.042	
42.27	0.490	0.012	0.038	
42.30	0.491	0.013	0.030	
42.33	0.491	0.015	0.015	
42.37	0.492	0.015	-0.010	
42.40	0.492	0.013	-0.019	
42.43	0.493	0.013	-0.015	
42.47	0.493	0.013	-0.015	
42.50	0.494	0.012	-0.024	
42.53	0.494	0.011	-0.027	
42.57	0.495	0.010	-0.027	
42.60	0.495	0.010	-0.039	
42.63	0.495	0.008	-0.050	
42.67	0.495	0.006	-0.050	
42.70	0.496	0.005	-0.054	
42.73	0.496	0.002	-0.065	
42.77	0.496	0.000	-0.069	
42.80	0.496	-0.002	-0.064	
42.83	0.496	-0.005	-0.050	
42.87	0.495	-0.006	-0.040	
42.90	0.495	-0.007	-0.032	
42.93	0.495	-0.008	-0.027	
42.97	0.495	-0.008	-0.035	
43.00	0.494	-0.010	-0.034	
43.03	0.494	-0.012	-0.008	
43.07	0.493	-0.011	0.028	
43.10	0.493	-0.008	0.017	
43.13	0.493	-0.010	-0.011	
43.17	0.493	-0.010	-0.009	
43.20	0.492	-0.010	-0.002	
43.23	0.492	-0.010	0.010	
43.27	0.492	-0.010	0.022	
43.30	0.491	-0.008	0.023	
43.33	0.491	-0.008	0.016	
43.37	0.491	-0.008	0.020	
43.40	0.491	-0.007	0.034	
43.43	0.490	-0.005	0.045	
43.47	0.490	-0.003	0.039	
43.50	0.490	-0.003	0.036	
43.53	0.490	-0.002	0.054	
43.57	0.490	0.001	0.078	
43.60	0.490	0.004	0.074	
43.63	0.490	0.007	0.039	
43.67	0.491	0.007	0.003	
43.70	0.491	0.006	-0.001	
43.73	0.491	0.006	0.023	
43.77	0.491	0.008	0.037	
43.80	0.492	0.009	0.025	
43.83	0.492	0.010	0.004	
43.87	0.492	0.009	0.002	
43.90	0.492	0.010	0.005	
43.93	0.493	0.010	-0.005	
43.97	0.493	0.009	-0.002	
44.00	0.493	0.010	-0.003	
44.03	0.494	0.009	-0.021	
44.07	0.494	0.008	-0.027	
44.10	0.494	0.007	-0.008	
44.13	0.494	0.008	0.006	
44.17	0.495	0.008	-0.017	
44.20	0.495	0.006	-0.036	
44.23	0.495	0.005	-0.037	
44.27	0.495	0.004	-0.050	
44.30	0.495	0.002	-0.058	
44.33	0.496	-0.001	-0.035	
44.37	0.495	-0.001	0.004	
44.40	0.495	0.002	-0.017	
44.43	0.495	-0.002	-0.052	
44.47	0.495	-0.003	-0.051	
44.50	0.495	-0.006	-0.025	
44.53	0.495	-0.005	0.008	
44.57	0.495	-0.004	0.003	
44.60	0.495	-0.005	-0.008	
44.63	0.495	-0.005	-0.007	
44.67	0.494	-0.005	-0.003	
44.70	0.494	-0.005	-0.001	
44.73	0.494	-0.005	0.001	
44.77	0.494	-0.005	0.004	
44.80	0.494	-0.005	0.011	
44.83	0.494	-0.005	0.022	
44.87	0.493	-0.003	0.021	
44.90	0.493	-0.003	0.008	
44.93	0.493	-0.003	-0.002	
44.97	0.493	-0.003	-0.006	
45.00	0.493	-0.004	0.011	
45.03	0.493	-0.002	0.033	
45.07	0.493	-0.001	0.029	
45.10	0.493	-0.000	0.015	
45.13	0.493	0.000	0.005	
45.17	0.493	0.000	0.001	
45.20	0.493	0.000	-0.000	
45.23	0.493	0.000	-0.001	
45.27	0.493	0.000	-0.004	
45.30	0.493	-0.000	-0.010	
45.33	0.493	-0.001	-0.014	
45.37	0.493	-0.002	-0.000	
45.40	0.493	-0.001	0.030	
45.43	0.493	0.001	0.032	
45.47	0.493	0.002	0.006	
45.50	0.493	0.001	-0.007	
45.53	0.493	0.001	-0.021	
45.57	0.493	-0.000	-0.035	
45.60	0.493	-0.002	-0.019	
45.63	0.493	-0.002	0.012	
45.67	0.493	-0.001	0.042	
45.70	0.493	0.002	0.028	
45.73	0.493	0.001	0.001	
45.77	0.493	0.002	-0.006	
45.80	0.493	0.001	-0.005	
45.83	0.493	0.001	0.013	
45.87	0.493	0.002	0.015	
45.90	0.493	0.002	0.004	
45.93	0.493	0.002	-0.003	
45.97	0.493	0.001	0.008	
46.00	0.493	0.003	0.023	
46.03	0.493	0.004	0.011	
46.07	0.494	0.003	0.003	
46.10	0.493	0.003	0.012	
46.13	0.494	0.004	0.012	
46.17	0.494	0.005	-0.001	
46.20	0.494	0.004	-0.000	
46.23	0.494	0.005	0.000	
46.27	0.494	0.004	-0.015	
46.30	0.494	0.003	-0.019	
46.33	0.495	0.003	-0.011	
46.37	0.494	0.003	-0.006	
46.40	0.495	0.003	-0.009	
46.43	0.495	0.002	-0.022	
46.47	0.495	0.001	-0.040	
46.50	0.495	-0.001	-0.034	
46.53	0.495	-0.002	-0.005	
46.57	0.495	-0.001	-0.002	
46.60	0.495	-0.001	-0.025	
46.63	0.495	-0.003	-0.044	
46.67	0.495	-0.005	-0.043	
46.70	0.494	-0.006	-0.034	
46.73	0.494	-0.007	-0.020	
46.77	0.494	-0.007	-0.001	
46.80	0.494	-0.006	-0.001	
46.83	0.493	-0.007	-0.004	
46.87	0.493	-0.007	0.007	
46.90	0.493	-0.006	0.011	
46.93	0.493	-0.007	0.020	
46.97	0.492	-0.006	0.044	
47.00	0.492	-0.002	0.012	
47.03	0.493	-0.004	-0.033	
47.07	0.492	-0.006	-0.017	
47.10	0.492	-0.006	0.006	
47.13	0.492	-0.005	0.016	
47.17	0.492	-0.005	0.025	
47.20	0.491	-0.003	0.024	
47.23	0.492	-0.003	0.016	
47.27	0.491	-0.002	0.020	
47.30	0.491	-0.002	0.034	
47.33	0.491	0.000	0.045	
47.37	0.491	0.002	0.039	
47.40	0.491	0.003	0.034	
47.43	0.492	0.003	0.046	
47.47	0.491	0.006	0.056	
47.50	0.492	0.008	0.034	
47.53	0.492	0.008	0.005	
47.57	0.492	0.008	0.002	
47.60	0.493	0.008	0.010	
47.63	0.493	0.008	0.025	
47.67	0.493	0.010	0.028	
47.70	0.494	0.011	0.019	
47.73	0.494	0.012	-0.003	
47.77	0.494	0.010	-0.022	
47.80	0.494	0.009	-0.012	
47.83	0.495	0.010	-0.009	
47.87	0.495	0.009	-0.031	
47.90	0.496	0.008	-0.053	
47.93	0.496	0.005	-0.056	
47.97	0.496	0.003	-0.043	
48.00	0.496	0.003	-0.033	
48.03	0.496	0.002	-0.043	
48.07	0.496	-0.000	-0.056	
48.10	0.496	-0.002	-0.055	
48.13	0.496	-0.004	-0.036	
48.17	0.496	-0.005	-0.018	
48.20	0.495	-0.005	-0.018	
48.23	0.495	-0.005	-0.050	
48.27	0.495	-0.009	-0.070	
48.30	0.495	-0.011	-0.059	
48.33	0.495	-0.013	-0.045	
48.37	0.494	-0.014	-0.014	
48.40	0.494	-0.013	0.006	
48.43	0.493	-0.013	0.003	
48.47	0.493	-0.013	-0.004	
48.50	0.492	-0.013	-0.010	
48.53	0.492	-0.014	0.001	
48.57	0.491	-0.013	0.015	
48.60	0.491	-0.013	0.020	
48.63	0.490	-0.012	0.031	
48.67	0.490	-0.011	0.043	
48.70	0.490	-0.010	0.057	
48.73	0.489	-0.007	0.076	
48.77	0.489	-0.004	0.072	
48.80	0.489	-0.002	0.061	
48.83	0.489	0.000	0.059	
48.87	0.489	0.002	0.052	
48.90	0.489	0.003	0.053	
48.93	0.489	0.005	0.062	
48.97	0.489	0.008	0.061	
49.00	0.490	0.010	0.052	
49.03	0.490	0.011	0.046	
49.07	0.491	0.013	0.039	
49.10	0.491	0.014	0.017	
49.13	0.492	0.013	0.009	
49.17	0.492	0.014	0.026	
49.20	0.493	0.015	0.037	
49.23	0.493	0.017	0.021	
49.27	0.494	0.017	-0.008	
49.30	0.494	0.016	-0.022	
49.33	0.495	0.015	-0.027	
49.37	0.495	0.015	-0.042	
49.40	0.496	0.013	-0.059	
49.43	0.496	0.010	-0.061	
49.47	0.496	0.008	-0.051	
49.50	0.496	0.007	-0.033	
49.53	0.497	0.007	-0.054	
49.57	0.497	0.003	-0.083	
49.60	0.497	0.000	-0.077	
49.63	0.497	-0.002	-0.064	
49.67	0.497	-0.003	-0.063	
49.70	0.497	-0.006	-0.074	
49.73	0.496	-0.009	-0.066	
49.77	0.496	-0.010	-0.053	
49.80	0.496	-0.012	-0.061	
49.83	0.496	-0.015	-0.061	
49.87	0.495	-0.017	-0.033	
49.90	0.494	-0.016	-0.016	
49.93	0.494	-0.017	-0.010	
49.97	0.493	-0.017	-0.001	
50.00	0.493	-0.017	-0.010	
50.03	0.492	-0.018	-0.018	
50.07	0.491	-0.019	0.006	
50.10	0.491	-0.018	0.039	
50.13	0.490	-0.016	0.056	
50.17	0.490	-0.014	0.071	
50.20	0.489	-0.011	0.076	
50.23	0.489	-0.008	0.058	
50.27	0.489	-0.007	0.048	
50.30	0.489	-0.006	0.049	
50.33	0.488	-0.004	0.062	
50.37	0.488	-0.002	0.086	
50.40	0.488	0.002	0.091	
50.43	0.488	0.005	0.076	
50.47	0.488	0.007	0.059	
50.50	0.489	0.008	0.056	
50.53	0.489	0.010	0.065	
50.57	0.490	0.013	0.068	
50.60	0.490	0.015	0.060	
50.63	0.491	0.017	0.041	
50.67	0.491	0.018	0.027	
50.70	0.492	0.018	0.030	
50.73	0.492	0.019	0.040	
50.77	0.493	0.023	0.007	
50.80	0.494	0.021	-0.045	
50.83	0.494	0.018	-0.059	
50.87	0.495	0.016	-0.052	
50.90	0.495	0.015	-0.044	
50.93	0.496	0.013	-0.044	
50.97	0.496	0.012	-0.051	
51.00	0.497	0.010	-0.065	
51.03	0.497	0.008	-0.073	
51.07	0.498	0.005	-0.076	
51.10	0.497	0.003	-0.077	
51.13	0.498	0.000	-0.077	
51.17	0.497	-0.003	-0.077	
51.20	0.498	-0.005	-0.076	
51.23	0.497	-0.008	-0.073	
51.27	0.497	-0.010	-0.066	
51.30	0.496	-0.012	-0.054	
51.33	0.496	-0.013	-0.050	
51.37	0.495	-0.015	-0.049	
51.40	0.495	-0.017	-0.035	
51.43	0.494	-0.018	-0.016	
51.47	0.494	-0.018	-0.009	
51.50	0.493	-0.018	-0.011	
51.53	0.493	-0.019	-0.017	
51.57	0.492	-0.020	-0.006	
51.60	0.491	-0.020	0.027	
51.63	0.490	-0.018	0.056	
51.67	0.490	-0.015	0.067	
51.70	0.489	-0.013	0.065	
51.73	0.489	-0.011	0.055	
51.77	0.489	-0.010	0.055	
51.80	0.489	-0.008	0.066	
51.83	0.488	-0.005	0.073	
51.87	0.488	-0.003	0.078	
51.90	0.488	0.000	0.083	
51.93	0.488	0.003	0.087	
51.97	0.488	0.006	0.088	
52.00	0.489	0.010	0.058	
52.03	0.489	0.009	0.040	
52.07	0.489	0.011	0.058	
52.10	0.490	0.014	0.055	
52.13	0.490	0.015	0.040	
52.17	0.491	0.016	0.038	
52.20	0.491	0.018	0.035	
52.23	0.492	0.019	0.012	
52.27	0.493	0.018	-0.007	
52.30	0.493	0.018	-0.008	
52.33	0.494	0.018	-0.012	
52.37	0.494	0.018	-0.024	
52.40	0.495	0.017	-0.049	
52.43	0.496	0.014	-0.060	
52.47	0.496	0.012	-0.057	
52.50	0.496	0.010	-0.058	
52.53	0.496	0.008	-0.055	
52.57	0.497	0.007	-0.061	
52.60	0.497	0.005	-0.073	
52.63	0.497	0.001	-0.066	
52.67	0.497	0.000	-0.054	
52.70	0.497	-0.001	-0.066	
52.73	0.497	-0.005	-0.074	
52.77	0.497	-0.007	-0.065	
52.80	0.496	-0.008	-0.064	
52.83	0.496	-0.011	-0.072	
52.87	0.496	-0.014	-0.057	
52.90	0.495	-0.015	-0.028	
52.93	0.495	-0.015	-0.013	
52.97	0.494	-0.016	-0.009	
53.00	0.494	-0.016	-0.012	
53.03	0.493	-0.017	-0.003	
53.07	0.493	-0.016	0.008	
53.10	0.492	-0.016	0.009	
53.13	0.492	-0.016	0.033	
53.17	0.491	-0.014	0.053	
53.20	0.491	-0.012	0.057	
53.23	0.490	-0.009	0.046	
53.27	0.490	-0.009	0.040	
53.30	0.490	-0.007	0.053	
53.33	0.490	-0.005	0.055	
53.37	0.489	-0.003	0.046	
53.40	0.489	-0.002	0.044	
53.43	0.489	-0.001	0.068	
53.47	0.489	0.002	0.092	
53.50	0.489	0.005	0.104	
53.53	0.490	0.009	0.113	
53.57	0.490	0.014	0.092	
53.60	0.491	0.016	0.041	
53.63	0.491	0.015	0.023	
53.67	0.492	0.017	0.014	
53.70	0.492	0.018	-0.034	
53.73	0.493	0.014	-0.051	
53.77	0.493	0.012	-0.006	
53.80	0.494	0.014	0.043	
53.83	0.494	0.017	0.044	
53.87	0.495	0.018	0.008	
53.90	0.495	0.017	-0.037	
53.93	0.496	0.015	-0.076	
53.97	0.496	0.012	-0.097	
54.00	0.497	0.007	-0.080	
54.03	0.496	0.006	-0.043	
54.07	0.497	0.006	-0.042	
54.10	0.497	0.003	-0.045	
54.13	0.497	0.002	-0.022	
54.17	0.497	0.002	-0.019	
54.20	0.498	0.002	-0.064	
54.23	0.497	-0.002	-0.093	
54.27	0.497	-0.007	-0.044	
54.30	0.497	-0.005	0.008	
54.33	0.497	-0.004	0.001	
54.37	0.496	-0.005	-0.022	
54.40	0.497	-0.006	-0.041	
54.43	0.496	-0.008	-0.039	
54.47	0.496	-0.008	-0.048	
54.50	0.496	-0.012	-0.049	
54.53	0.495	-0.013	-0.001	
54.57	0.495	-0.011	0.028	
54.60	0.494	-0.010	0.016	
54.63	0.494	-0.011	0.021	
54.67	0.494	-0.009	0.046	
54.70	0.494	-0.006	0.023	
54.73	0.493	-0.007	-0.010	
54.77	0.493	-0.008	0.006	
54.80	0.493	-0.007	0.021	
54.83	0.493	-0.007	0.029	
54.87	0.492	-0.005	0.042	
54.90	0.492	-0.003	0.040	
54.93	0.492	-0.002	0.040	
54.97	0.492	-0.001	0.054	
55.00	0.492	0.002	0.055	
55.03	0.492	0.003	0.030	
55.07	0.492	0.002	0.034	
55.10	0.492	0.005	0.050	
55.13	0.493	0.008	0.019	
55.17	0.493	0.006	-0.007	
55.20	0.493	0.006	0.002	
55.23	0.493	0.007	0.004	
55.27	0.493	0.006	0.007	
55.30	0.494	0.007	0.008	
55.33	0.494	0.007	-0.003	
55.37	0.494	0.006	0.003	
55.40	0.494	0.007	0.011	
55.43	0.495	0.008	0.003	
55.47	0.495	0.008	-0.008	
55.50	0.495	0.007	-0.022	
55.53	0.495	0.006	-0.023	
55.57	0.496	0.005	-0.015	
55.60	0.496	0.005	-0.013	
55.63	0.496	0.005	-0.021	
55.67	0.496	0.003	-0.028	
55.70	0.496	0.003	-0.048	
55.73	0.496	0.000	-0.067	
55.77	0.496	-0.002	-0.053	
55.80	0.496	-0.004	-0.023	
55.83	0.496	-0.003	-0.005	
55.87	0.496	-0.003	-0.012	
55.90	0.496	-0.004	-0.008	
55.93	0.496	-0.004	0.007	
55.97	0.495	-0.003	0.006	
56.00	0.495	-0.003	-0.015	
56.03	0.495	-0.005	-0.025	
56.07	0.495	-0.005	-0.018	
56.10	0.495	-0.006	0.004	
56.13	0.495	-0.005	0.025	
56.17	0.494	-0.004	0.018	
56.20	0.494	-0.004	0.011	
56.23	0.494	-0.003	0.009	
56.27	0.494	-0.003	0.001	
56.30	0.494	-0.004	0.011	
56.33	0.494	-0.003	0.026	
56.37	0.494	-0.001	0.018	
56.40	0.494	-0.002	0.011	
56.43	0.494	-0.001	0.009	
56.47	0.494	-0.001	0.001	
56.50	0.494	-0.001	0.011	
56.53	0.494	0.000	0.023	
56.57	0.494	0.001	0.011	
56.60	0.494	0.001	-0.000	
56.63	0.494	0.001	0.004	
56.67	0.494	0.001	-0.004	
56.70	0.494	0.000	-0.015	
56.73	0.494	0.000	-0.014	
56.77	0.494	-0.000	-0.011	
56.80	0.494	-0.001	0.008	
56.83	0.494	0.000	0.029	
56.87	0.494	0.002	0.025	
56.90	0.494	0.001	0.021	
56.93	0.494	0.003	0.005	
56.97	0.494	0.002	-0.022	
57.00	0.494	0.001	-0.019	
57.03	0.494	0.001	-0.003	
57.07	0.494	0.001	-0.005	
57.10	0.494	0.000	-0.012	
57.13	0.494	0.000	-0.007	
57.17	0.494	0.000	-0.000	
57.20	0.494	0.000	0.006	
57.23	0.494	0.000	0.007	
57.27	0.494	0.001	-0.007	
57.30	0.494	0.000	-0.021	
57.33	0.494	-0.001	-0.003	
57.37	0.494	-0.000	0.018	
57.40	0.494	0.000	0.025	
57.43	0.494	0.002	0.018	
57.47	0.494	0.002	0.000	
57.50	0.494	0.001	0.000	
57.53	0.494	0.002	0.001	
57.57	0.495	0.002	-0.011	
57.60	0.494	0.001	-0.008	
57.63	0.495	0.001	0.011	
57.67	0.494	0.002	0.017	
57.70	0.495	0.002	0.006	
57.73	0.495	0.002	-0.010	
57.77	0.495	0.002	-0.028	
57.80	0.495	0.000	-0.030	
57.83	0.495	-0.001	-0.004	
57.87	0.495	0.000	0.017	
57.90	0.495	0.001	0.006	
57.93	0.495	0.000	-0.011	
57.97	0.495	0.000	-0.014	
58.00	0.495	-0.000	-0.015	
58.03	0.495	-0.001	-0.008	
58.07	0.495	-0.001	-0.005	
58.10	0.495	-0.001	-0.024	
58.13	0.495	-0.003	-0.023	
58.17	0.495	-0.002	-0.032	
58.20	0.495	-0.005	-0.048	
58.23	0.494	-0.007	-0.026	
58.27	0.494	-0.007	0.008	
58.30	0.494	-0.006	0.026	
58.33	0.494	-0.005	0.024	
58.37	0.493	-0.003	0.004	
58.40	0.494	-0.004	-0.029	
58.43	0.493	-0.006	-0.033	
58.47	0.493	-0.007	-0.010	
58.50	0.493	-0.006	-0.003	
58.53	0.493	-0.007	0.004	
58.57	0.492	-0.007	0.030	
58.60	0.492	-0.005	0.052	
58.63	0.492	-0.003	0.052	
58.67	0.492	-0.001	0.031	
58.70	0.492	-0.001	0.010	
58.73	0.492	-0.001	0.017	
58.77	0.492	0.000	0.038	
58.80	0.492	0.002	0.040	
58.83	0.492	0.003	0.033	
58.87	0.492	0.004	0.017	
58.90	0.492	0.004	-0.002	
58.93	0.493	0.003	0.005	
58.97	0.492	0.004	0.034	
59.00	0.493	0.007	0.040	
59.03	0.493	0.007	0.023	
59.07	0.493	0.008	0.012	
59.10	0.493	0.008	0.013	
59.13	0.494	0.008	0.022	
59.17	0.494	0.010	0.018	
59.20	0.494	0.010	-0.000	
59.23	0.495	0.010	-0.018	
59.27	0.495	0.008	-0.023	
59.30	0.495	0.008	-0.014	
59.33	0.496	0.008	-0.011	
59.37	0.496	0.007	-0.009	
59.40	0.496	0.009	-0.053	
59.43	0.496	0.003	-0.096	
59.47	0.496	-0.000	-0.067	
59.50	0.496	-0.001	-0.039	
59.53	0.496	-0.002	-0.031	
59.57	0.496	-0.003	-0.035	
59.60	0.496	-0.004	-0.055	
59.63	0.496	-0.007	-0.058	
59.67	0.495	-0.009	-0.035	
59.70	0.495	-0.009	-0.030	
59.73	0.495	-0.010	-0.053	
59.77	0.495	-0.013	-0.042	
59.80	0.494	-0.014	0.007	
59.83	0.494	-0.012	0.020	
59.87	0.493	-0.011	-0.003	
59.90	0.493	-0.012	-0.022	
59.93	0.492	-0.013	-0.031	
59.97	0.492	-0.014	-0.055	
60.00	0.492	-0.017	-0.081	
