Vernier Format 2
08.txt 1/28/2019 19:39:41
Run 1
Time	Position	Velocity	Acceleration	
T	P	V	A	
s	m	m/s	m/s^2	

0.00	0.493	0.002	0.051	
0.03	0.493	0.005	0.028	
0.07	0.493	0.005	0.003	
0.10	0.493	0.005	-0.014	
0.13	0.493	0.003	-0.014	
0.17	0.493	0.003	-0.000	
0.20	0.493	0.004	-0.005	
0.23	0.493	0.003	-0.016	
0.27	0.494	0.003	-0.019	
0.30	0.494	0.002	-0.030	
0.33	0.494	0.000	-0.034	
0.37	0.494	-0.000	-0.034	
0.40	0.494	-0.002	-0.026	
0.43	0.493	-0.002	-0.013	
0.47	0.494	-0.003	-0.006	
0.50	0.493	-0.003	-0.001	
0.53	0.493	-0.003	0.003	
0.57	0.493	-0.003	0.018	
0.60	0.493	-0.000	0.004	
0.63	0.493	-0.002	-0.022	
0.67	0.493	-0.004	-0.004	
0.70	0.493	-0.003	0.016	
0.73	0.493	-0.001	0.006	
0.77	0.493	-0.002	-0.007	
0.80	0.493	-0.002	-0.002	
0.83	0.493	-0.002	0.007	
0.87	0.492	-0.002	0.018	
0.90	0.493	-0.001	0.015	
0.93	0.492	-0.001	0.001	
0.97	0.493	-0.001	0.005	
1.00	0.492	-0.000	0.015	
1.03	0.493	0.000	0.015	
1.07	0.492	0.000	0.015	
1.10	0.493	0.001	0.005	
1.13	0.492	0.001	-0.000	
1.17	0.493	0.001	0.011	
1.20	0.492	0.002	0.008	
1.23	0.493	0.002	-0.012	
1.27	0.493	0.001	-0.018	
1.30	0.493	0.000	-0.010	
1.33	0.493	0.000	-0.004	
1.37	0.493	0.000	-0.001	
1.40	0.493	0.000	-0.000	
1.43	0.493	0.000	-0.001	
1.47	0.493	0.000	-0.004	
1.50	0.493	-0.000	-0.010	
1.53	0.493	-0.001	-0.018	
1.57	0.493	-0.002	-0.012	
1.60	0.492	-0.002	0.007	
1.63	0.493	-0.001	0.007	
1.67	0.492	-0.001	-0.011	
1.70	0.493	-0.002	-0.014	
1.73	0.492	-0.002	0.001	
1.77	0.492	-0.002	0.019	
1.80	0.492	-0.001	0.025	
1.83	0.492	0.000	0.018	
1.87	0.492	0.000	0.015	
1.90	0.492	0.001	0.003	
1.93	0.492	0.000	0.000	
1.97	0.492	0.001	0.018	
2.00	0.492	0.001	0.040	
2.03	0.492	0.005	0.021	
2.07	0.493	0.003	-0.010	
2.10	0.493	0.003	-0.010	
2.13	0.493	0.003	-0.005	
2.17	0.493	0.003	0.002	
2.20	0.493	0.003	0.007	
2.23	0.493	0.003	0.011	
2.27	0.493	0.004	-0.001	
2.30	0.493	0.003	-0.014	
2.33	0.493	0.003	-0.014	
2.37	0.493	0.002	-0.015	
2.40	0.494	0.001	-0.006	
2.43	0.493	0.002	-0.005	
2.47	0.494	0.002	-0.026	
2.50	0.494	0.000	-0.038	
2.53	0.494	-0.002	-0.026	
2.57	0.493	-0.002	-0.008	
2.60	0.494	-0.001	-0.012	
2.63	0.493	-0.003	-0.023	
2.67	0.493	-0.004	-0.011	
2.70	0.493	-0.003	-0.004	
2.73	0.493	-0.003	-0.017	
2.77	0.493	-0.005	-0.023	
2.80	0.493	-0.005	-0.022	
2.83	0.493	-0.006	-0.026	
2.87	0.493	-0.007	-0.022	
2.90	0.492	-0.008	-0.007	
2.93	0.492	-0.008	0.007	
2.97	0.492	-0.007	0.022	
3.00	0.492	-0.006	0.027	
3.03	0.491	-0.005	0.027	
3.07	0.491	-0.004	0.038	
3.10	0.491	-0.003	0.045	
3.13	0.491	-0.001	0.035	
3.17	0.491	-0.000	0.020	
3.20	0.491	0.000	0.020	
3.23	0.491	0.001	0.035	
3.27	0.491	0.003	0.045	
3.30	0.491	0.004	0.038	
3.33	0.491	0.005	0.029	
3.37	0.491	0.006	0.038	
3.40	0.492	0.008	0.047	
3.43	0.492	0.009	0.047	
3.47	0.492	0.012	0.005	
3.50	0.493	0.010	-0.050	
3.53	0.493	0.007	-0.044	
3.57	0.493	0.006	-0.010	
3.60	0.493	0.007	0.001	
3.63	0.494	0.007	-0.013	
3.67	0.494	0.006	-0.022	
3.70	0.494	0.005	-0.018	
3.73	0.494	0.005	-0.017	
3.77	0.494	0.004	-0.009	
3.80	0.494	0.004	-0.012	
3.83	0.495	0.004	-0.038	
3.87	0.495	0.001	-0.045	
3.90	0.495	0.000	-0.033	
3.93	0.495	-0.001	-0.031	
3.97	0.495	-0.002	-0.029	
4.00	0.494	-0.003	-0.027	
4.03	0.495	-0.003	-0.038	
4.07	0.494	-0.005	-0.046	
4.10	0.494	-0.007	-0.038	
4.13	0.494	-0.008	-0.026	
4.17	0.494	-0.008	-0.022	
4.20	0.493	-0.010	-0.008	
4.23	0.493	-0.009	0.021	
4.27	0.493	-0.008	0.035	
4.30	0.493	-0.006	0.018	
4.33	0.492	-0.006	-0.013	
4.37	0.492	-0.008	-0.024	
4.40	0.492	-0.009	0.002	
4.43	0.492	-0.008	0.033	
4.47	0.491	-0.006	0.040	
4.50	0.491	-0.005	0.038	
4.53	0.491	-0.003	0.032	
4.57	0.491	-0.003	0.028	
4.60	0.491	-0.002	0.039	
4.63	0.491	0.000	0.049	
4.67	0.491	0.002	0.045	
4.70	0.491	0.003	0.037	
4.73	0.491	0.004	0.031	
4.77	0.491	0.005	0.027	
4.80	0.491	0.005	0.048	
4.83	0.492	0.010	0.034	
4.87	0.492	0.008	-0.003	
4.90	0.492	0.008	-0.008	
4.93	0.493	0.008	-0.009	
4.97	0.493	0.008	-0.013	
5.00	0.493	0.007	-0.022	
5.03	0.493	0.006	-0.022	
5.07	0.493	0.005	-0.011	
5.10	0.493	0.005	-0.004	
5.13	0.494	0.005	-0.003	
5.17	0.494	0.005	-0.008	
5.20	0.494	0.005	-0.022	
5.23	0.494	0.004	-0.041	
5.27	0.494	0.001	-0.038	
5.30	0.494	0.001	-0.016	
5.33	0.494	0.001	-0.020	
5.37	0.494	-0.000	-0.035	
5.40	0.494	-0.002	-0.034	
5.43	0.494	-0.003	-0.025	
5.47	0.494	-0.003	-0.024	
5.50	0.494	-0.004	-0.016	
5.53	0.494	-0.005	-0.001	
5.57	0.494	-0.004	-0.004	
5.60	0.494	-0.005	-0.011	
5.63	0.493	-0.005	-0.003	
5.67	0.493	-0.005	0.008	
5.70	0.493	-0.005	0.022	
5.73	0.493	-0.003	0.026	
5.77	0.493	-0.003	0.022	
5.80	0.493	-0.002	0.023	
5.83	0.493	-0.001	0.017	
5.87	0.493	-0.001	0.004	
5.90	0.493	-0.001	0.011	
5.93	0.493	0.000	0.020	
5.97	0.493	0.001	0.005	
6.00	0.493	0.000	-0.004	
6.03	0.493	-0.001	0.022	
6.07	0.493	0.002	0.035	
6.10	0.493	0.003	0.006	
6.13	0.493	0.002	-0.021	
6.17	0.493	0.000	-0.001	
6.20	0.493	0.003	0.010	
6.23	0.493	0.001	0.006	
6.27	0.493	0.003	0.011	
6.30	0.493	0.003	-0.009	
6.33	0.493	0.001	-0.009	
6.37	0.493	0.001	0.018	
6.40	0.493	0.004	0.015	
6.43	0.494	0.004	-0.019	
6.47	0.494	0.001	-0.026	
6.50	0.494	0.001	-0.004	
6.53	0.494	0.002	-0.000	
6.57	0.494	0.002	-0.019	
6.60	0.494	0.000	-0.026	
6.63	0.494	-0.001	-0.003	
6.67	0.494	0.000	0.018	
6.70	0.494	0.001	0.006	
6.73	0.494	0.000	-0.011	
6.77	0.494	0.000	-0.013	
6.80	0.494	-0.000	-0.011	
6.83	0.494	-0.001	0.007	
6.87	0.494	0.000	0.026	
6.90	0.494	0.001	0.018	
6.93	0.494	0.001	0.011	
6.97	0.494	0.002	0.009	
7.00	0.494	0.002	-0.003	
7.03	0.494	0.001	0.003	
7.07	0.494	0.002	0.012	
7.10	0.494	0.002	0.007	
7.13	0.494	0.003	0.003	
7.17	0.494	0.003	0.001	
7.20	0.494	0.003	-0.000	
7.23	0.495	0.003	-0.001	
7.27	0.494	0.003	-0.004	
7.30	0.495	0.002	-0.011	
7.33	0.495	0.002	-0.019	
7.37	0.495	0.001	-0.016	
7.40	0.495	0.001	-0.004	
7.43	0.495	0.001	-0.010	
7.47	0.495	0.000	-0.017	
7.50	0.495	-0.001	0.003	
7.53	0.495	0.000	0.017	
7.57	0.495	0.002	-0.020	
7.60	0.495	-0.001	-0.052	
7.63	0.495	-0.003	-0.047	
7.67	0.495	-0.005	-0.033	
7.70	0.494	-0.005	-0.013	
7.73	0.494	-0.005	-0.000	
7.77	0.494	-0.005	0.010	
7.80	0.494	-0.005	0.018	
7.83	0.494	-0.003	0.011	
7.87	0.494	-0.003	-0.010	
7.90	0.494	-0.005	-0.015	
7.93	0.494	-0.005	-0.004	
7.97	0.493	-0.005	0.004	
8.00	0.493	-0.004	-0.004	
8.03	0.493	-0.005	-0.010	
8.07	0.493	-0.006	0.017	
8.10	0.493	-0.004	0.038	
8.13	0.493	-0.003	0.040	
8.17	0.492	-0.001	0.048	
8.20	0.493	0.001	0.039	
8.23	0.493	0.002	0.015	
8.27	0.493	0.001	0.015	
8.30	0.493	0.003	0.023	
8.33	0.493	0.004	0.008	
8.37	0.493	0.003	-0.007	
8.40	0.493	0.003	-0.001	
8.43	0.493	0.003	0.012	
8.47	0.493	0.003	0.031	
8.50	0.493	0.005	0.037	
8.53	0.494	0.007	0.015	
8.57	0.494	0.007	-0.018	
8.60	0.494	0.004	-0.021	
8.63	0.494	0.005	-0.011	
8.67	0.494	0.004	-0.019	
8.70	0.494	0.003	-0.020	
8.73	0.495	0.003	-0.015	
8.77	0.494	0.002	-0.015	
8.80	0.495	0.002	-0.022	
8.83	0.495	0.001	-0.017	
8.87	0.495	0.000	-0.006	
8.90	0.495	0.001	-0.008	
8.93	0.495	0.002	-0.052	
8.97	0.495	-0.004	-0.078	
9.00	0.494	-0.006	-0.041	
9.03	0.494	-0.006	-0.015	
9.07	0.494	-0.006	-0.018	
9.10	0.494	-0.007	-0.020	
9.13	0.494	-0.008	-0.011	
9.17	0.494	-0.008	-0.004	
9.20	0.493	-0.008	-0.001	
9.23	0.493	-0.008	-0.000	
9.27	0.493	-0.008	0.000	
9.30	0.493	-0.008	0.001	
9.33	0.492	-0.008	0.004	
9.37	0.492	-0.008	0.012	
9.40	0.492	-0.007	0.024	
9.43	0.492	-0.006	0.030	
9.47	0.491	-0.005	0.034	
9.50	0.491	-0.004	0.049	
9.53	0.491	-0.001	0.049	
9.57	0.491	-0.000	0.035	
9.60	0.491	0.001	0.035	
9.63	0.491	0.002	0.039	
9.67	0.491	0.003	0.045	
9.70	0.491	0.005	0.048	
9.73	0.491	0.007	0.034	
9.77	0.492	0.008	0.012	
9.80	0.492	0.008	-0.002	
9.83	0.492	0.007	-0.011	
9.87	0.492	0.006	-0.003	
9.90	0.493	0.007	0.004	
9.93	0.493	0.007	-0.005	
9.97	0.493	0.006	-0.001	
10.00	0.493	0.007	0.000	
10.03	0.494	0.007	-0.016	
10.07	0.494	0.006	-0.023	
10.10	0.494	0.005	-0.021	
10.13	0.494	0.005	-0.020	
10.17	0.494	0.003	-0.013	
10.20	0.494	0.003	-0.002	
10.23	0.495	0.005	-0.031	
10.27	0.495	0.001	-0.057	
10.30	0.495	-0.000	-0.052	
10.33	0.495	-0.002	-0.044	
10.37	0.494	-0.003	-0.036	
10.40	0.495	-0.005	-0.030	
10.43	0.494	-0.005	-0.019	
10.47	0.494	-0.006	-0.015	
10.50	0.494	-0.007	-0.002	
10.53	0.494	-0.006	0.007	
10.57	0.493	-0.005	-0.003	
10.60	0.493	-0.006	-0.015	
10.63	0.493	-0.007	-0.010	
10.67	0.493	-0.007	0.011	
10.70	0.493	-0.006	0.019	
10.73	0.493	-0.005	0.015	
10.77	0.492	-0.005	0.015	
10.80	0.492	-0.005	0.023	
10.83	0.492	-0.003	0.023	
10.87	0.492	-0.003	0.013	
10.90	0.492	-0.003	0.013	
10.93	0.492	-0.002	0.024	
10.97	0.492	-0.001	0.045	
11.00	0.492	0.001	0.048	
11.03	0.492	0.002	0.030	
11.07	0.492	0.003	0.020	
11.10	0.492	0.004	0.005	
11.13	0.492	0.003	-0.003	
11.17	0.492	0.003	0.004	
11.20	0.492	0.004	-0.003	
11.23	0.492	0.003	-0.011	
11.27	0.493	0.003	-0.004	
11.30	0.493	0.003	0.003	
11.33	0.493	0.003	0.006	
11.37	0.493	0.004	-0.010	
11.40	0.493	0.002	-0.027	
11.43	0.493	0.001	-0.008	
11.47	0.493	0.001	0.028	
11.50	0.493	0.003	0.046	
11.53	0.493	0.007	-0.001	
11.57	0.494	0.003	-0.051	
11.60	0.493	0.001	-0.047	
11.63	0.494	0.000	-0.032	
11.67	0.493	-0.001	-0.024	
11.70	0.494	-0.002	-0.013	
11.73	0.493	-0.002	0.007	
11.77	0.493	-0.001	0.008	
11.80	0.493	-0.001	-0.008	
11.83	0.493	-0.002	-0.008	
11.87	0.493	-0.002	0.008	
11.90	0.493	-0.001	0.008	
11.93	0.493	-0.001	-0.008	
11.97	0.493	-0.002	-0.008	
12.00	0.493	-0.002	0.008	
12.03	0.493	-0.001	0.012	
12.07	0.493	-0.001	0.003	
12.10	0.493	-0.001	0.010	
12.13	0.493	0.000	0.019	
12.17	0.493	0.001	0.001	
12.20	0.493	0.000	-0.015	
12.23	0.493	-0.001	0.001	
12.27	0.493	0.000	0.018	
12.30	0.493	0.001	0.007	
12.33	0.493	0.000	-0.007	
12.37	0.493	0.000	-0.003	
12.40	0.493	0.000	0.003	
12.43	0.493	0.000	0.007	
12.47	0.493	0.001	-0.007	
12.50	0.493	0.000	-0.023	
12.53	0.493	-0.001	-0.011	
12.57	0.493	-0.001	-0.004	
12.60	0.493	-0.001	-0.016	
12.63	0.493	-0.002	-0.019	
12.67	0.493	-0.002	-0.010	
12.70	0.493	-0.003	-0.002	
12.73	0.493	-0.003	0.009	
12.77	0.493	-0.002	0.020	
12.80	0.492	-0.001	0.028	
12.83	0.493	0.002	-0.010	
12.87	0.493	-0.002	-0.050	
12.90	0.492	-0.004	-0.032	
12.93	0.492	-0.004	0.001	
12.97	0.492	-0.003	0.017	
13.00	0.492	-0.003	0.014	
13.03	0.492	-0.002	0.015	
13.07	0.492	-0.002	0.024	
13.10	0.492	-0.001	0.026	
13.13	0.492	0.000	0.023	
13.17	0.492	0.001	0.027	
13.20	0.492	0.002	0.027	
13.23	0.492	0.003	0.022	
13.27	0.492	0.003	0.023	
13.30	0.492	0.004	0.016	
13.33	0.493	0.005	0.001	
13.37	0.492	0.004	0.004	
13.40	0.493	0.005	0.012	
13.43	0.493	0.005	0.006	
13.47	0.493	0.005	-0.001	
13.50	0.493	0.005	-0.009	
13.53	0.493	0.005	-0.015	
13.57	0.493	0.003	-0.005	
13.60	0.494	0.004	0.018	
13.63	0.494	0.006	0.007	
13.67	0.494	0.005	-0.023	
13.70	0.494	0.003	-0.026	
13.73	0.494	0.003	-0.019	
13.77	0.494	0.002	-0.020	
13.80	0.494	0.002	-0.035	
13.83	0.494	0.000	-0.045	
13.87	0.494	-0.002	-0.038	
13.90	0.494	-0.003	-0.027	
13.93	0.494	-0.003	-0.027	
13.97	0.494	-0.005	-0.023	
14.00	0.494	-0.005	-0.010	
14.03	0.494	-0.005	0.002	
14.07	0.494	-0.005	0.009	
14.10	0.493	-0.004	0.010	
14.13	0.493	-0.003	-0.021	
14.17	0.493	-0.006	-0.039	
14.20	0.493	-0.007	-0.011	
14.23	0.493	-0.007	0.018	
14.27	0.492	-0.005	0.031	
14.30	0.492	-0.004	0.011	
14.33	0.492	-0.005	-0.006	
14.37	0.492	-0.005	-0.001	
14.40	0.492	-0.005	0.012	
14.43	0.492	-0.004	0.033	
14.47	0.491	-0.003	0.045	
14.50	0.492	-0.001	0.038	
14.53	0.491	0.000	0.028	
14.57	0.492	0.001	0.033	
14.60	0.491	0.002	0.042	
14.63	0.492	0.003	0.051	
14.67	0.492	0.006	0.056	
14.70	0.492	0.008	0.028	
14.73	0.492	0.008	-0.002	
14.77	0.493	0.007	0.008	
14.80	0.493	0.008	0.026	
14.83	0.493	0.009	0.017	
14.87	0.493	0.010	-0.008	
14.90	0.494	0.008	-0.017	
14.93	0.494	0.008	-0.007	
14.97	0.494	0.008	0.002	
15.00	0.494	0.008	0.005	
15.03	0.495	0.009	-0.017	
15.07	0.495	0.007	-0.053	
15.10	0.495	0.005	-0.073	
15.13	0.495	0.002	-0.077	
15.17	0.495	-0.001	-0.050	
15.20	0.495	-0.002	-0.010	
15.23	0.495	-0.001	0.003	
15.27	0.495	-0.001	-0.008	
15.30	0.495	-0.002	-0.011	
15.33	0.495	-0.002	-0.007	
15.37	0.495	-0.001	-0.038	
15.40	0.495	-0.005	-0.048	
15.43	0.495	-0.005	-0.022	
15.47	0.495	-0.006	-0.015	
15.50	0.494	-0.007	0.001	
15.53	0.494	-0.006	0.010	
15.57	0.494	-0.005	0.003	
15.60	0.494	-0.005	-0.007	
15.63	0.494	-0.006	-0.017	
15.67	0.494	-0.007	-0.010	
15.70	0.493	-0.007	0.013	
15.73	0.493	-0.006	0.026	
15.77	0.493	-0.005	0.032	
15.80	0.493	-0.004	0.045	
15.83	0.492	-0.001	0.039	
15.87	0.493	-0.001	0.016	
15.90	0.492	-0.001	0.021	
15.93	0.493	0.000	0.039	
15.97	0.492	0.002	0.043	
16.00	0.493	0.003	0.040	
16.03	0.493	0.005	0.027	
16.07	0.493	0.006	-0.007	
16.10	0.493	0.004	-0.021	
16.13	0.493	0.003	-0.005	
16.17	0.493	0.004	0.001	
16.20	0.494	0.003	0.008	
16.23	0.493	0.004	0.028	
16.27	0.494	0.006	0.014	
16.30	0.494	0.006	-0.033	
16.33	0.494	0.003	-0.054	
16.37	0.494	0.001	-0.032	
16.40	0.494	0.001	0.003	
16.43	0.494	0.002	0.016	
16.47	0.494	0.002	0.007	
16.50	0.494	0.002	-0.001	
16.53	0.495	0.002	-0.011	
16.57	0.494	0.001	-0.012	
16.60	0.495	0.002	-0.033	
16.63	0.495	-0.001	-0.047	
16.67	0.494	-0.002	-0.023	
16.70	0.495	-0.002	-0.005	
16.73	0.494	-0.002	0.005	
16.77	0.494	-0.001	-0.008	
16.80	0.494	-0.003	-0.023	
16.83	0.494	-0.004	-0.011	
16.87	0.494	-0.003	-0.003	
16.90	0.494	-0.003	-0.012	
16.93	0.494	-0.004	-0.008	
16.97	0.494	-0.004	0.012	
17.00	0.493	-0.003	0.018	
17.03	0.494	-0.003	0.011	
17.07	0.493	-0.003	0.008	
17.10	0.493	-0.002	0.011	
17.13	0.493	-0.002	0.018	
17.17	0.493	-0.001	0.012	
17.20	0.493	-0.001	-0.006	
17.23	0.493	-0.002	-0.003	
17.27	0.493	-0.002	0.022	
17.30	0.493	0.000	0.036	
17.33	0.493	0.002	0.021	
17.37	0.493	0.002	-0.007	
17.40	0.493	0.001	-0.017	
17.43	0.493	0.000	-0.010	
17.47	0.493	0.000	-0.004	
17.50	0.493	0.000	-0.002	
17.53	0.493	0.000	-0.003	
17.57	0.493	-0.000	-0.007	
17.60	0.493	-0.000	-0.012	
17.63	0.493	-0.001	-0.003	
17.67	0.493	-0.001	0.004	
17.70	0.493	-0.001	-0.005	
17.73	0.493	-0.001	-0.000	
17.77	0.493	-0.001	0.002	
17.80	0.493	-0.001	-0.005	
17.83	0.493	-0.002	0.003	
17.87	0.493	-0.001	0.023	
17.90	0.493	0.002	0.000	
17.93	0.493	-0.001	-0.022	
17.97	0.493	-0.002	0.001	
18.00	0.493	-0.001	0.012	
18.03	0.493	-0.000	0.009	
18.07	0.493	0.000	0.004	
18.10	0.493	0.000	0.002	
18.13	0.493	0.000	0.004	
18.17	0.493	0.000	0.011	
18.20	0.493	0.001	0.019	
18.23	0.493	0.002	0.015	
18.27	0.493	0.002	0.001	
18.30	0.493	0.001	0.005	
18.33	0.493	0.002	0.015	
18.37	0.493	0.003	0.015	
18.40	0.493	0.003	0.015	
18.43	0.493	0.004	0.005	
18.47	0.494	0.003	-0.000	
18.50	0.493	0.003	0.011	
18.53	0.494	0.004	0.007	
18.57	0.494	0.004	-0.012	
18.60	0.494	0.003	-0.022	
18.63	0.494	0.003	-0.022	
18.67	0.494	0.002	-0.027	
18.70	0.494	0.001	-0.027	
18.73	0.494	0.000	-0.023	
18.77	0.494	-0.001	-0.026	
18.80	0.494	-0.002	-0.023	
18.83	0.494	-0.002	-0.012	
18.87	0.494	-0.003	-0.008	
18.90	0.494	-0.003	-0.012	
18.93	0.494	-0.003	-0.023	
18.97	0.494	-0.005	-0.026	
19.00	0.494	-0.005	-0.020	
19.03	0.493	-0.006	-0.012	
19.07	0.493	-0.007	0.009	
19.10	0.493	-0.006	0.040	
19.13	0.493	-0.002	0.011	
19.17	0.493	-0.004	-0.033	
19.20	0.492	-0.006	-0.017	
19.23	0.492	-0.006	0.002	
19.27	0.492	-0.005	0.005	
19.30	0.492	-0.005	0.004	
19.33	0.492	-0.005	0.006	
19.37	0.492	-0.005	0.016	
19.40	0.491	-0.004	0.034	
19.43	0.491	-0.003	0.048	
19.47	0.491	-0.001	0.045	
19.50	0.491	0.000	0.038	
19.53	0.491	0.002	0.031	
19.57	0.492	0.003	0.024	
19.60	0.491	0.003	0.027	
19.63	0.492	0.005	0.024	
19.67	0.492	0.005	0.015	
19.70	0.492	0.005	0.015	
19.73	0.492	0.006	0.020	
19.77	0.492	0.007	0.015	
19.80	0.493	0.007	0.000	
19.83	0.493	0.006	0.004	
19.87	0.493	0.007	0.011	
19.90	0.493	0.008	0.003	
19.93	0.493	0.008	-0.009	
19.97	0.494	0.007	-0.026	
20.00	0.494	0.006	-0.037	
20.03	0.494	0.005	-0.041	
20.07	0.494	0.003	-0.038	
20.10	0.494	0.001	-0.017	
20.13	0.494	0.002	-0.010	
20.17	0.495	0.002	-0.031	
20.20	0.494	-0.000	-0.052	
20.23	0.495	-0.002	-0.054	
20.27	0.494	-0.004	-0.032	
20.30	0.494	-0.005	-0.006	
20.33	0.494	-0.004	0.005	
20.37	0.494	-0.003	-0.023	
20.40	0.494	-0.006	-0.043	
20.43	0.493	-0.007	-0.022	
20.47	0.493	-0.008	-0.004	
20.50	0.493	-0.007	0.009	
20.53	0.493	-0.006	-0.000	
20.57	0.493	-0.007	-0.010	
20.60	0.492	-0.008	-0.004	
20.63	0.492	-0.008	0.005	
20.67	0.492	-0.007	0.015	
20.70	0.492	-0.006	0.015	
20.73	0.492	-0.007	0.023	
20.77	0.491	-0.005	0.041	
20.80	0.491	-0.003	0.042	
20.83	0.491	-0.002	0.038	
20.87	0.491	-0.001	0.031	
20.90	0.491	0.000	0.024	
20.93	0.491	0.001	0.031	
20.97	0.491	0.002	0.034	
21.00	0.491	0.003	0.034	
21.03	0.491	0.005	0.030	
21.07	0.492	0.005	0.023	
21.10	0.491	0.006	0.025	
21.13	0.492	0.007	0.018	
21.17	0.492	0.007	-0.003	
21.20	0.492	0.007	-0.025	
21.23	0.492	0.005	-0.033	
21.27	0.493	0.004	-0.015	
21.30	0.493	0.005	-0.001	
21.33	0.493	0.005	-0.005	
21.37	0.493	0.004	-0.002	
21.40	0.493	0.005	-0.003	
21.43	0.493	0.004	-0.020	
21.47	0.494	0.003	-0.027	
21.50	0.493	0.002	-0.012	
21.53	0.494	0.003	-0.020	
21.57	0.494	0.001	-0.038	
21.60	0.494	-0.000	-0.037	
21.63	0.494	-0.002	-0.029	
21.67	0.493	-0.002	-0.014	
21.70	0.494	-0.003	-0.008	
21.73	0.493	-0.003	-0.011	
21.77	0.493	-0.003	-0.018	
21.80	0.493	-0.004	-0.012	
21.83	0.493	-0.004	0.007	
21.87	0.493	-0.003	0.008	
21.90	0.493	-0.003	-0.008	
21.93	0.493	-0.004	-0.008	
21.97	0.493	-0.004	0.008	
22.00	0.492	-0.003	0.012	
22.03	0.492	-0.003	0.003	
22.07	0.492	-0.004	0.011	
22.10	0.492	-0.003	0.023	
22.13	0.492	-0.001	0.011	
22.17	0.492	-0.002	0.004	
22.20	0.492	-0.002	0.017	
22.23	0.492	-0.001	0.023	
22.27	0.492	0.000	0.022	
22.30	0.492	0.001	0.026	
22.33	0.492	0.002	0.022	
22.37	0.492	0.002	0.007	
22.40	0.492	0.002	-0.006	
22.43	0.492	0.002	-0.017	
22.47	0.492	0.001	-0.012	
22.50	0.492	0.001	0.007	
22.53	0.492	0.002	0.007	
22.57	0.492	0.002	-0.012	
22.60	0.492	0.001	-0.017	
22.63	0.492	0.000	-0.005	
22.67	0.492	0.000	0.012	
22.70	0.492	0.001	0.027	
22.73	0.492	0.003	0.022	
22.77	0.493	0.004	-0.029	
22.80	0.493	-0.000	-0.051	
22.83	0.492	-0.001	-0.018	
22.87	0.493	-0.001	-0.003	
22.90	0.492	-0.001	-0.010	
22.93	0.493	-0.002	-0.007	
22.97	0.492	-0.002	0.012	
23.00	0.492	-0.001	0.018	
23.03	0.492	-0.000	0.010	
23.07	0.492	0.000	0.004	
23.10	0.492	0.000	0.001	
23.13	0.492	0.000	0.000	
23.17	0.492	0.000	0.001	
23.20	0.492	0.000	0.004	
23.23	0.492	0.000	0.011	
23.27	0.492	0.001	0.019	
23.30	0.492	0.002	0.015	
23.33	0.493	0.002	-0.000	
23.37	0.492	0.001	0.001	
23.40	0.493	0.002	0.005	
23.43	0.493	0.002	-0.004	
23.47	0.493	0.001	0.003	
23.50	0.493	0.002	0.012	
23.53	0.493	0.002	0.007	
23.57	0.493	0.003	0.003	
23.60	0.493	0.003	-0.003	
23.63	0.493	0.002	-0.011	
23.67	0.493	0.002	-0.023	
23.70	0.493	0.001	-0.026	
23.73	0.493	0.000	-0.022	
23.77	0.493	-0.001	-0.023	
23.80	0.493	-0.002	-0.017	
23.83	0.493	-0.002	-0.004	
23.87	0.493	-0.001	-0.009	
23.90	0.493	-0.003	-0.013	
23.93	0.493	-0.003	0.013	
23.97	0.493	-0.002	0.036	
24.00	0.493	0.001	-0.005	
24.03	0.493	-0.002	-0.051	
24.07	0.493	-0.004	-0.043	
24.10	0.493	-0.005	-0.021	
24.13	0.492	-0.005	-0.006	
24.17	0.492	-0.005	-0.000	
24.20	0.492	-0.005	0.004	
24.23	0.492	-0.005	0.011	
24.27	0.492	-0.005	0.023	
24.30	0.492	-0.003	0.026	
24.33	0.491	-0.003	0.019	
24.37	0.491	-0.002	0.020	
24.40	0.491	-0.001	0.016	
24.43	0.491	-0.001	0.023	
24.47	0.491	0.000	0.037	
24.50	0.491	0.002	0.031	
24.53	0.491	0.002	0.020	
24.57	0.492	0.003	0.020	
24.60	0.491	0.003	0.034	
24.63	0.492	0.005	0.041	
24.67	0.492	0.007	0.026	
24.70	0.492	0.007	0.004	
24.73	0.492	0.006	0.002	
24.77	0.493	0.007	0.005	
24.80	0.493	0.007	-0.005	
24.83	0.493	0.006	-0.002	
24.87	0.493	0.007	-0.003	
24.90	0.494	0.007	-0.022	
24.93	0.494	0.005	-0.031	
24.97	0.494	0.004	-0.016	
25.00	0.494	0.005	-0.009	
25.03	0.494	0.004	-0.031	
25.07	0.494	0.002	-0.049	
25.10	0.494	0.000	-0.046	
25.13	0.494	-0.001	-0.020	
25.17	0.494	-0.001	-0.004	
25.20	0.494	-0.001	-0.003	
25.23	0.494	0.000	-0.030	
25.27	0.494	-0.003	-0.066	
25.30	0.494	-0.006	-0.051	
25.33	0.494	-0.007	-0.015	
25.37	0.493	-0.006	0.001	
25.40	0.493	-0.007	0.005	
25.43	0.493	-0.006	0.003	
25.47	0.493	-0.006	-0.018	
25.50	0.493	-0.007	-0.026	
25.53	0.493	-0.008	-0.021	
25.57	0.492	-0.009	-0.002	
25.60	0.492	-0.008	0.018	
25.63	0.492	-0.008	0.030	
25.67	0.491	-0.007	0.049	
25.70	0.491	-0.004	0.054	
25.73	0.491	-0.003	0.050	
25.77	0.491	-0.001	0.069	
25.80	0.491	0.002	0.083	
25.83	0.491	0.005	0.074	
25.87	0.491	0.007	0.049	
25.90	0.492	0.009	0.010	
25.93	0.492	0.008	-0.017	
25.97	0.492	0.006	-0.010	
26.00	0.492	0.007	0.000	
26.03	0.493	0.007	-0.004	
26.07	0.493	0.006	0.004	
26.10	0.493	0.007	0.015	
26.13	0.493	0.008	0.014	
26.17	0.493	0.008	0.011	
26.20	0.494	0.009	-0.006	
26.23	0.494	0.008	-0.021	
26.27	0.494	0.006	-0.006	
26.30	0.494	0.007	0.012	
26.33	0.495	0.008	0.012	
26.37	0.495	0.008	-0.002	
26.40	0.495	0.009	-0.055	
26.43	0.496	0.004	-0.089	
26.47	0.496	0.001	-0.063	
26.50	0.496	0.000	-0.038	
26.53	0.496	-0.001	-0.030	
26.57	0.496	-0.002	-0.028	
26.60	0.495	-0.003	-0.027	
26.63	0.496	-0.003	-0.038	
26.67	0.495	-0.005	-0.045	
26.70	0.495	-0.007	-0.033	
26.73	0.495	-0.008	-0.011	
26.77	0.495	-0.008	0.005	
26.80	0.494	-0.007	0.017	
26.83	0.494	-0.006	0.012	
26.87	0.494	-0.006	-0.003	
26.90	0.494	-0.007	0.004	
26.93	0.493	-0.006	0.030	
26.97	0.493	-0.004	0.033	
27.00	0.493	-0.003	0.011	
27.03	0.493	-0.004	0.008	
27.07	0.493	-0.003	0.013	
27.10	0.493	-0.003	0.008	
27.13	0.493	-0.003	0.008	
27.17	0.493	-0.002	0.012	
27.20	0.493	-0.002	0.023	
27.23	0.493	-0.001	0.026	
27.27	0.493	0.000	0.023	
27.30	0.493	0.001	0.026	
27.33	0.493	0.002	0.023	
27.37	0.493	0.002	0.011	
27.40	0.493	0.003	0.004	
27.43	0.493	0.003	0.002	
27.47	0.493	0.003	0.004	
27.50	0.493	0.003	0.009	
27.53	0.493	0.003	0.018	
27.57	0.493	0.004	0.018	
27.60	0.493	0.004	0.017	
27.63	0.494	0.006	-0.000	
27.67	0.494	0.005	-0.036	
27.70	0.494	0.003	-0.047	
27.73	0.494	0.001	-0.033	
27.77	0.494	0.000	-0.010	
27.80	0.494	0.000	0.002	
27.83	0.494	0.001	-0.008	
27.87	0.494	0.000	-0.022	
27.90	0.494	-0.001	-0.007	
27.93	0.494	-0.000	0.008	
27.97	0.494	-0.000	0.006	
28.00	0.494	0.000	0.003	
28.03	0.494	0.000	0.001	
28.07	0.494	0.000	-0.001	
28.10	0.494	0.000	-0.003	
28.13	0.494	-0.000	-0.007	
28.17	0.494	-0.000	-0.011	
28.20	0.494	-0.001	0.001	
28.23	0.494	-0.000	0.014	
28.27	0.494	0.000	0.014	
28.30	0.494	0.000	0.015	
28.33	0.494	0.001	0.004	
28.37	0.494	0.001	-0.003	
28.40	0.494	0.001	0.005	
28.43	0.494	0.001	0.004	
28.47	0.494	0.001	0.006	
28.50	0.494	0.001	0.022	
28.53	0.494	0.003	0.008	
28.57	0.494	0.002	-0.022	
28.60	0.494	0.001	-0.022	
28.63	0.494	0.000	-0.007	
28.67	0.494	0.000	0.004	
28.70	0.494	0.001	-0.002	
28.73	0.495	0.000	-0.012	
28.77	0.494	-0.001	0.004	
28.80	0.494	0.002	-0.011	
28.83	0.495	-0.001	-0.031	
28.87	0.494	-0.002	-0.015	
28.90	0.494	-0.001	-0.017	
28.93	0.494	-0.003	-0.024	
28.97	0.494	-0.004	-0.008	
29.00	0.494	-0.003	0.007	
29.03	0.494	-0.003	0.003	
29.07	0.494	-0.003	-0.004	
29.10	0.494	-0.003	-0.011	
29.13	0.494	-0.004	-0.004	
29.17	0.494	-0.003	-0.000	
29.20	0.493	-0.003	-0.015	
29.23	0.493	-0.005	-0.018	
29.27	0.493	-0.005	-0.006	
29.30	0.493	-0.005	0.012	
29.33	0.493	-0.004	0.033	
29.37	0.493	-0.003	0.048	
29.40	0.493	-0.001	0.045	
29.43	0.493	0.000	0.038	
29.47	0.493	0.002	0.030	
29.50	0.493	0.003	0.019	
29.53	0.493	0.003	0.013	
29.57	0.493	0.004	-0.002	
29.60	0.493	0.003	-0.012	
29.63	0.493	0.002	0.008	
29.67	0.493	0.004	0.013	
29.70	0.494	0.004	-0.007	
29.73	0.493	0.002	0.007	
29.77	0.494	0.003	0.041	
29.80	0.494	0.006	0.036	
29.83	0.494	0.007	0.000	
29.87	0.494	0.006	-0.018	
29.90	0.494	0.005	-0.018	
29.93	0.494	0.004	-0.005	
29.97	0.495	0.006	-0.017	
30.00	0.495	0.003	-0.041	
30.03	0.495	0.002	-0.045	
30.07	0.495	0.000	-0.045	
30.10	0.495	-0.001	-0.028	
30.13	0.495	-0.001	-0.027	
30.17	0.495	-0.003	-0.038	
30.20	0.495	-0.004	-0.031	
30.23	0.494	-0.005	-0.019	
30.27	0.494	-0.005	-0.016	
30.30	0.494	-0.006	-0.023	
30.33	0.494	-0.007	-0.022	
30.37	0.494	-0.008	-0.011	
30.40	0.494	-0.008	-0.004	
30.43	0.493	-0.008	-0.002	
30.47	0.493	-0.008	-0.003	
30.50	0.493	-0.008	-0.006	
30.53	0.493	-0.008	-0.007	
30.57	0.492	-0.009	0.008	
30.60	0.492	-0.008	0.027	
30.63	0.492	-0.006	0.023	
30.67	0.492	-0.007	0.027	
30.70	0.491	-0.005	0.042	
30.73	0.491	-0.003	0.043	
30.77	0.491	-0.002	0.042	
30.80	0.491	-0.000	0.043	
30.83	0.491	0.001	0.046	
30.87	0.491	0.003	0.050	
30.90	0.491	0.004	0.039	
30.93	0.491	0.005	0.030	
30.97	0.491	0.006	0.034	
31.00	0.492	0.008	0.032	
31.03	0.492	0.009	0.011	
31.07	0.492	0.008	-0.004	
31.10	0.492	0.007	0.011	
31.13	0.493	0.010	-0.003	
31.17	0.493	0.008	-0.033	
31.20	0.493	0.006	-0.023	
31.23	0.494	0.006	-0.000	
31.27	0.494	0.007	0.001	
31.30	0.494	0.007	-0.023	
31.33	0.494	0.005	-0.040	
31.37	0.494	0.003	-0.034	
31.40	0.494	0.003	-0.020	
31.43	0.495	0.002	-0.020	
31.47	0.494	0.002	-0.031	
31.50	0.495	0.000	-0.038	
31.53	0.494	-0.001	-0.027	
31.57	0.495	-0.001	-0.028	
31.60	0.494	-0.003	-0.042	
31.63	0.494	-0.005	-0.041	
31.67	0.494	-0.006	-0.036	
31.70	0.494	-0.007	-0.023	
31.73	0.494	-0.007	-0.001	
31.77	0.494	-0.007	0.018	
31.80	0.493	-0.006	0.020	
31.83	0.493	-0.005	0.007	
31.87	0.493	-0.005	-0.007	
31.90	0.493	-0.006	-0.020	
31.93	0.492	-0.007	-0.014	
31.97	0.492	-0.007	0.011	
32.00	0.492	-0.007	0.037	
32.03	0.492	-0.004	0.036	
32.07	0.492	-0.003	0.013	
32.10	0.492	-0.004	0.013	
32.13	0.491	-0.003	0.028	
32.17	0.492	-0.002	0.039	
32.20	0.491	-0.000	0.048	
32.23	0.492	0.002	0.042	
32.27	0.491	0.002	0.049	
32.30	0.492	0.006	0.038	
32.33	0.492	0.005	0.008	
32.37	0.492	0.005	-0.004	
32.40	0.492	0.005	-0.012	
32.43	0.492	0.005	-0.019	
32.47	0.493	0.003	-0.012	
32.50	0.492	0.003	0.007	
32.53	0.493	0.004	0.007	
32.57	0.493	0.004	-0.012	
32.60	0.493	0.003	-0.018	
32.63	0.493	0.003	-0.011	
32.67	0.493	0.003	-0.005	
32.70	0.493	0.003	-0.005	
32.73	0.493	0.002	-0.012	
32.77	0.493	0.002	-0.023	
32.80	0.494	0.001	-0.025	
32.83	0.493	0.000	-0.018	
32.87	0.494	-0.000	-0.015	
32.90	0.493	-0.001	-0.002	
32.93	0.493	-0.000	0.007	
32.97	0.493	-0.000	-0.003	
33.00	0.493	-0.001	-0.015	
33.03	0.493	-0.002	-0.014	
33.07	0.493	-0.002	-0.000	
33.10	0.493	-0.001	-0.004	
33.13	0.493	-0.002	-0.011	
33.17	0.493	-0.002	-0.003	
33.20	0.493	-0.002	0.008	
33.23	0.493	-0.002	0.021	
33.27	0.493	-0.001	0.022	
33.30	0.493	-0.000	0.012	
33.33	0.493	0.000	0.006	
33.37	0.493	0.000	0.008	
33.40	0.493	0.000	0.015	
33.43	0.493	0.001	0.025	
33.47	0.493	0.003	0.006	
33.50	0.493	0.001	-0.014	
33.53	0.493	0.002	-0.021	
33.57	0.493	0.000	-0.024	
33.60	0.493	-0.001	0.002	
33.63	0.493	0.000	0.024	
33.67	0.493	0.002	0.013	
33.70	0.493	0.002	-0.018	
33.73	0.493	0.000	-0.035	
33.77	0.493	-0.002	-0.022	
33.80	0.493	-0.002	0.003	
33.83	0.493	-0.001	0.006	
33.87	0.493	-0.001	-0.012	
33.90	0.493	-0.002	-0.018	
33.93	0.493	-0.002	-0.010	
33.97	0.493	-0.003	-0.004	
34.00	0.493	-0.003	-0.001	
34.03	0.493	-0.003	-0.000	
34.07	0.492	-0.003	-0.000	
34.10	0.493	-0.003	0.000	
34.13	0.492	-0.003	0.000	
34.17	0.492	-0.003	0.000	
34.20	0.492	-0.003	0.001	
34.23	0.492	-0.003	0.004	
34.27	0.492	-0.002	0.012	
34.30	0.492	-0.002	0.024	
34.33	0.492	-0.001	0.030	
34.37	0.492	0.000	0.033	
34.40	0.492	0.001	0.044	
34.43	0.492	0.004	0.035	
34.47	0.492	0.004	0.004	
34.50	0.492	0.003	-0.005	
34.53	0.492	0.003	0.009	
34.57	0.493	0.004	0.014	
34.60	0.493	0.004	0.021	
34.63	0.493	0.006	0.012	
34.67	0.493	0.005	-0.010	
34.70	0.493	0.005	-0.015	
34.73	0.493	0.004	-0.003	
34.77	0.493	0.005	0.009	
34.80	0.494	0.005	0.003	
34.83	0.494	0.005	-0.008	
34.87	0.494	0.005	-0.021	
34.90	0.494	0.003	-0.022	
34.93	0.494	0.003	-0.012	
34.97	0.494	0.003	-0.009	
35.00	0.494	0.002	-0.016	
35.03	0.494	0.002	-0.034	
35.07	0.495	0.000	-0.048	
35.10	0.494	-0.002	-0.045	
35.13	0.494	-0.003	-0.037	
35.17	0.494	-0.005	-0.023	
35.20	0.494	-0.005	-0.002	
35.23	0.494	-0.005	0.015	
35.27	0.494	-0.003	0.014	
35.30	0.494	-0.003	0.000	
35.33	0.494	-0.004	0.003	
35.37	0.493	-0.003	0.006	
35.40	0.493	-0.003	-0.012	
35.43	0.493	-0.003	-0.040	
35.47	0.493	-0.006	-0.057	
35.50	0.493	-0.009	-0.029	
35.53	0.493	-0.009	0.026	
35.57	0.492	-0.006	0.051	
35.60	0.492	-0.004	0.035	
35.63	0.492	-0.004	0.027	
35.67	0.492	-0.003	0.031	
35.70	0.492	-0.001	0.025	
35.73	0.492	-0.002	0.038	
35.77	0.492	-0.000	0.081	
35.80	0.492	0.005	0.082	
35.83	0.492	0.007	0.037	
35.87	0.492	0.007	0.002	
35.90	0.493	0.006	-0.007	
35.93	0.493	0.007	-0.008	
35.97	0.493	0.006	-0.008	
36.00	0.493	0.006	0.004	
36.03	0.493	0.007	0.001	
36.07	0.493	0.006	-0.000	
36.10	0.494	0.006	0.015	
36.13	0.494	0.007	0.018	
36.17	0.494	0.008	0.006	
36.20	0.494	0.008	-0.008	
36.23	0.495	0.007	-0.026	
36.27	0.495	0.006	-0.037	
36.30	0.495	0.005	-0.041	
36.33	0.495	0.003	-0.038	
36.37	0.495	0.001	-0.017	
36.40	0.495	0.002	-0.009	
36.43	0.495	0.002	-0.027	
36.47	0.495	0.000	-0.042	
36.50	0.495	-0.002	-0.037	
36.53	0.495	-0.003	-0.028	
36.57	0.495	-0.003	-0.032	
36.60	0.495	-0.005	-0.038	
36.63	0.495	-0.006	-0.041	
36.67	0.495	-0.008	-0.037	
36.70	0.494	-0.009	-0.012	
36.73	0.494	-0.008	0.007	
36.77	0.494	-0.008	0.008	
36.80	0.493	-0.008	0.013	
36.83	0.493	-0.007	0.022	
36.87	0.493	-0.006	0.033	
36.90	0.493	-0.003	0.004	
36.93	0.493	-0.006	-0.021	
36.97	0.492	-0.007	0.002	
37.00	0.492	-0.006	0.017	
37.03	0.492	-0.005	0.025	
37.07	0.492	-0.004	0.037	
37.10	0.492	-0.003	0.046	
37.13	0.492	-0.001	0.038	
37.17	0.492	0.000	0.030	
37.20	0.492	0.001	0.035	
37.23	0.492	0.002	0.036	
37.27	0.492	0.004	0.020	
37.30	0.492	0.003	0.015	
37.33	0.492	0.004	0.033	
37.37	0.492	0.006	0.027	
37.40	0.493	0.007	-0.007	
37.43	0.493	0.005	-0.021	
37.47	0.493	0.004	-0.003	
37.50	0.493	0.005	0.018	
37.53	0.493	0.006	0.006	
37.57	0.493	0.006	-0.008	
37.60	0.494	0.005	-0.007	
37.63	0.494	0.005	-0.008	
37.67	0.494	0.005	-0.016	
37.70	0.494	0.004	-0.034	
37.73	0.494	0.003	-0.044	
37.77	0.494	0.001	-0.034	
37.80	0.494	0.000	-0.016	
37.83	0.494	0.000	-0.009	
37.87	0.494	-0.000	-0.012	
37.90	0.494	-0.001	-0.023	
37.93	0.494	-0.002	-0.024	
37.97	0.494	-0.003	-0.012	
38.00	0.494	-0.003	-0.001	
38.03	0.494	-0.003	0.021	
38.07	0.494	-0.000	0.010	
38.10	0.494	-0.002	-0.019	
38.13	0.494	-0.002	-0.021	
38.17	0.494	-0.003	-0.024	
38.20	0.494	-0.004	-0.012	
38.23	0.494	-0.004	0.011	
38.27	0.493	-0.003	0.018	
38.30	0.493	-0.003	0.011	
38.33	0.493	-0.003	0.005	
38.37	0.493	-0.003	0.005	
38.40	0.493	-0.002	0.011	
38.43	0.493	-0.002	0.022	
38.47	0.493	-0.001	0.022	
38.50	0.493	-0.000	0.011	
38.53	0.493	0.000	0.004	
38.57	0.493	0.000	0.001	
38.60	0.493	0.000	0.000	
38.63	0.493	0.000	-0.000	
38.67	0.493	0.000	-0.001	
38.70	0.493	0.000	-0.003	
38.73	0.493	-0.000	-0.007	
38.77	0.493	-0.000	-0.011	
38.80	0.493	-0.001	-0.000	
38.83	0.493	-0.000	0.010	
38.87	0.493	-0.000	0.004	
38.90	0.493	-0.000	-0.004	
38.93	0.493	-0.000	-0.011	
38.97	0.493	-0.001	-0.003	
39.00	0.493	-0.001	0.004	
39.03	0.493	-0.001	-0.002	
39.07	0.493	-0.001	0.009	
39.10	0.493	-0.000	0.022	
39.13	0.493	0.001	0.018	
39.17	0.493	0.002	-0.015	
39.20	0.493	-0.001	-0.032	
39.23	0.493	-0.002	-0.003	
39.27	0.493	-0.001	0.015	
39.30	0.493	0.000	0.020	
39.33	0.493	0.001	0.022	
39.37	0.493	0.002	0.012	
39.40	0.493	0.002	-0.011	
39.43	0.493	0.001	-0.017	
39.47	0.493	0.000	-0.006	
39.50	0.493	0.000	0.007	
39.53	0.493	0.001	0.022	
39.57	0.493	0.002	0.025	
39.60	0.493	0.003	0.018	
39.63	0.493	0.003	0.015	
39.67	0.493	0.004	0.001	
39.70	0.493	0.003	-0.010	
39.73	0.493	0.003	-0.004	
39.77	0.493	0.003	0.004	
39.80	0.494	0.003	0.010	
39.83	0.494	0.004	-0.001	
39.87	0.494	0.003	-0.015	
39.90	0.494	0.003	-0.019	
39.93	0.494	0.002	-0.030	
39.97	0.494	0.000	-0.033	
40.00	0.494	-0.000	-0.030	
40.03	0.494	-0.002	-0.020	
40.07	0.494	-0.002	-0.005	
40.10	0.494	-0.001	-0.016	
40.13	0.494	-0.003	-0.034	
40.17	0.494	-0.004	-0.029	
40.20	0.494	-0.005	-0.013	
40.23	0.493	-0.005	0.001	
40.27	0.493	-0.005	0.009	
40.30	0.493	-0.004	0.010	
40.33	0.493	-0.003	-0.022	
40.37	0.493	-0.006	-0.044	
40.40	0.492	-0.007	-0.025	
40.43	0.492	-0.008	-0.010	
40.47	0.492	-0.008	0.003	
40.50	0.492	-0.008	0.015	
40.53	0.491	-0.007	0.033	
40.57	0.491	-0.005	0.041	
40.60	0.491	-0.003	0.027	
40.63	0.491	-0.003	0.010	
40.67	0.491	-0.004	0.021	
40.70	0.491	-0.002	0.049	
40.73	0.491	0.000	0.059	
40.77	0.491	0.002	0.049	
40.80	0.491	0.004	0.022	
40.83	0.491	0.003	0.014	
40.87	0.491	0.004	0.038	
40.90	0.491	0.006	0.059	
40.93	0.491	0.009	0.043	
40.97	0.492	0.009	0.000	
41.00	0.492	0.008	-0.023	
41.03	0.493	0.007	-0.028	
41.07	0.493	0.006	-0.016	
41.10	0.493	0.006	0.006	
41.13	0.493	0.007	0.007	
41.17	0.493	0.007	-0.012	
41.20	0.493	0.006	-0.018	
41.23	0.494	0.005	-0.011	
41.27	0.494	0.005	-0.009	
41.30	0.494	0.005	-0.015	
41.33	0.494	0.004	-0.028	
41.37	0.494	0.003	-0.034	
41.40	0.494	0.001	-0.023	
41.43	0.494	0.002	-0.039	
41.47	0.495	-0.001	-0.054	
41.50	0.494	-0.002	-0.042	
41.53	0.494	-0.003	-0.044	
41.57	0.494	-0.005	-0.047	
41.60	0.494	-0.007	-0.034	
41.63	0.494	-0.008	-0.016	
41.67	0.494	-0.008	-0.008	
41.70	0.493	-0.008	-0.008	
41.73	0.493	-0.008	-0.012	
41.77	0.493	-0.009	-0.003	
41.80	0.492	-0.008	0.004	
41.83	0.492	-0.008	-0.004	
41.87	0.492	-0.009	0.004	
41.90	0.491	-0.008	0.017	
41.93	0.491	-0.008	0.023	
41.97	0.491	-0.007	0.037	
42.00	0.491	-0.005	0.046	
42.03	0.490	-0.003	0.038	
42.07	0.491	-0.003	0.028	
42.10	0.490	-0.002	0.032	
42.13	0.490	-0.000	0.039	
42.17	0.490	0.001	0.045	
42.20	0.490	0.003	0.048	
42.23	0.490	0.004	0.034	
42.27	0.491	0.005	0.017	
42.30	0.491	0.005	0.010	
42.33	0.491	0.005	0.015	
42.37	0.491	0.006	0.029	
42.40	0.492	0.008	0.029	
42.43	0.492	0.009	0.000	
42.47	0.492	0.008	-0.027	
42.50	0.492	0.006	-0.022	
42.53	0.493	0.006	-0.000	
42.57	0.493	0.006	0.016	
42.60	0.493	0.008	-0.005	
42.63	0.493	0.006	-0.033	
42.67	0.493	0.005	-0.037	
42.70	0.494	0.003	-0.034	
42.73	0.493	0.003	-0.028	
42.77	0.494	0.002	-0.037	
42.80	0.494	0.000	-0.042	
42.83	0.494	-0.002	-0.027	
42.87	0.493	-0.002	-0.008	
42.90	0.494	-0.001	-0.012	
42.93	0.493	-0.003	-0.023	
42.97	0.493	-0.004	-0.011	
43.00	0.493	-0.003	-0.003	
43.03	0.493	-0.003	-0.012	
43.07	0.493	-0.004	-0.008	
43.10	0.493	-0.004	0.007	
43.13	0.493	-0.003	0.007	
43.17	0.493	-0.003	-0.012	
43.20	0.492	-0.005	-0.017	
43.23	0.492	-0.005	-0.006	
43.27	0.492	-0.005	0.011	
43.30	0.492	-0.004	0.029	
43.33	0.492	-0.003	0.034	
43.37	0.492	-0.001	0.015	
43.40	0.492	-0.002	0.005	
43.43	0.492	-0.002	0.015	
43.47	0.492	-0.001	0.016	
43.50	0.492	-0.000	0.004	
43.53	0.492	-0.000	-0.002	
43.57	0.492	-0.001	0.014	
43.60	0.491	0.000	0.043	
43.63	0.492	0.002	0.050	
43.67	0.492	0.004	0.043	
43.70	0.492	0.007	-0.006	
43.73	0.492	0.003	-0.050	
43.77	0.492	0.001	-0.032	
43.80	0.492	0.001	0.001	
43.83	0.492	0.002	0.015	
43.87	0.492	0.002	0.006	
43.90	0.492	0.002	-0.007	
43.93	0.493	0.002	-0.020	
43.97	0.492	0.001	-0.018	
44.00	0.493	0.000	-0.002	
44.03	0.492	0.001	0.010	
44.07	0.493	0.002	-0.000	
44.10	0.493	0.001	-0.029	
44.13	0.493	-0.001	-0.028	
44.17	0.492	-0.002	0.004	
44.20	0.493	-0.000	0.024	
44.23	0.492	0.000	0.028	
44.27	0.493	0.002	0.015	
44.30	0.493	0.002	-0.010	
44.33	0.493	0.001	-0.018	
44.37	0.493	0.000	-0.010	
44.40	0.493	0.000	-0.004	
44.43	0.493	0.000	-0.000	
44.47	0.493	0.000	0.004	
44.50	0.493	0.000	0.011	
44.53	0.493	0.001	0.022	
44.57	0.493	0.002	0.021	
44.60	0.493	0.002	0.008	
44.63	0.493	0.002	-0.003	
44.67	0.493	0.002	-0.009	
44.70	0.493	0.001	0.007	
44.73	0.493	0.002	0.024	
44.77	0.493	0.003	0.025	
44.80	0.493	0.005	-0.008	
44.83	0.494	0.003	-0.043	
44.87	0.493	0.001	-0.036	
44.90	0.494	0.000	-0.019	
44.93	0.493	0.000	-0.010	
44.97	0.494	-0.000	-0.012	
45.00	0.493	-0.001	-0.018	
45.03	0.494	-0.002	-0.011	
45.07	0.493	-0.002	0.010	
45.10	0.493	-0.001	0.014	
45.13	0.493	-0.000	-0.000	
45.17	0.493	-0.001	-0.015	
45.20	0.493	-0.002	-0.015	
45.23	0.493	-0.002	-0.004	
45.27	0.493	-0.001	-0.015	
45.30	0.493	-0.003	-0.031	
45.33	0.493	-0.004	-0.023	
45.37	0.493	-0.005	-0.007	
45.40	0.493	-0.004	-0.011	
45.43	0.493	-0.005	-0.019	
45.47	0.492	-0.006	0.003	
45.50	0.492	-0.005	0.026	
45.53	0.492	-0.003	0.022	
45.57	0.492	-0.003	0.008	
45.60	0.492	-0.004	0.016	
45.63	0.492	-0.002	0.033	
45.67	0.492	-0.001	0.027	
45.70	0.492	-0.000	0.012	
45.73	0.492	-0.000	0.009	
45.77	0.492	-0.001	0.034	
45.80	0.491	0.002	0.062	
45.83	0.492	0.004	0.061	
45.87	0.492	0.005	0.067	
45.90	0.492	0.011	0.024	
45.93	0.493	0.008	-0.035	
45.97	0.493	0.005	-0.013	
46.00	0.493	0.007	0.016	
46.03	0.493	0.008	0.015	
46.07	0.493	0.008	0.006	
46.10	0.494	0.009	-0.018	
46.13	0.494	0.006	-0.030	
46.17	0.494	0.006	-0.017	
46.20	0.494	0.006	-0.023	
46.23	0.494	0.004	-0.018	
46.27	0.495	0.004	0.003	
46.30	0.495	0.006	-0.015	
46.33	0.495	0.004	-0.058	
46.37	0.495	-0.000	-0.055	
46.40	0.495	-0.000	-0.034	
46.43	0.495	-0.001	-0.040	
46.47	0.495	-0.004	-0.039	
46.50	0.495	-0.004	-0.041	
46.53	0.495	-0.006	-0.052	
46.57	0.494	-0.008	-0.031	
46.60	0.494	-0.008	-0.004	
46.63	0.494	-0.008	0.003	
46.67	0.494	-0.008	0.006	
46.70	0.493	-0.008	0.008	
46.73	0.493	-0.007	0.011	
46.77	0.493	-0.006	0.001	
46.80	0.493	-0.007	-0.008	
46.83	0.492	-0.007	0.000	
46.87	0.492	-0.007	0.009	
46.90	0.492	-0.006	0.008	
46.93	0.492	-0.007	0.015	
46.97	0.491	-0.006	0.052	
47.00	0.491	-0.003	0.078	
47.03	0.491	-0.001	0.088	
47.07	0.491	0.004	0.053	
47.10	0.492	0.003	0.008	
47.13	0.491	0.003	0.010	
47.17	0.492	0.003	0.028	
47.20	0.492	0.005	0.039	
47.23	0.492	0.007	0.023	
47.27	0.492	0.007	-0.003	
47.30	0.493	0.006	-0.006	
47.33	0.492	0.006	0.011	
47.37	0.493	0.007	0.015	
47.40	0.493	0.007	0.004	
47.43	0.493	0.007	-0.004	
47.47	0.493	0.006	0.004	
47.50	0.494	0.008	0.010	
47.53	0.494	0.008	-0.016	
47.57	0.494	0.006	-0.034	
47.60	0.494	0.005	-0.030	
47.63	0.495	0.005	-0.034	
47.67	0.495	0.003	-0.035	
47.70	0.495	0.002	-0.034	
47.73	0.495	0.001	-0.027	
47.77	0.495	0.000	-0.017	
47.80	0.495	-0.000	-0.020	
47.83	0.495	-0.001	-0.034	
47.87	0.495	-0.003	-0.045	
47.90	0.495	-0.004	-0.034	
47.93	0.494	-0.005	-0.020	
47.97	0.494	-0.005	-0.015	
48.00	0.494	-0.006	-0.018	
48.03	0.494	-0.007	-0.006	
48.07	0.494	-0.007	0.024	
48.10	0.494	-0.005	0.041	
48.13	0.493	-0.003	0.029	
48.17	0.493	-0.002	-0.007	
48.20	0.493	-0.005	-0.009	
48.23	0.493	-0.003	0.008	
48.27	0.493	-0.003	0.000	
48.30	0.493	-0.004	0.007	
48.33	0.493	-0.003	0.016	
48.37	0.493	-0.003	0.015	
48.40	0.493	-0.002	0.019	
48.43	0.492	-0.001	0.015	
48.47	0.493	-0.001	0.019	
48.50	0.492	0.000	0.030	
48.53	0.493	0.001	0.019	
48.57	0.492	0.001	0.012	
48.60	0.493	0.002	0.013	
48.63	0.493	0.002	0.008	
48.67	0.493	0.002	0.021	
48.70	0.493	0.004	0.022	
48.73	0.493	0.004	-0.004	
48.77	0.493	0.003	-0.015	
48.80	0.493	0.003	-0.010	
48.83	0.493	0.003	-0.004	
48.87	0.493	0.003	-0.001	
48.90	0.493	0.003	-0.001	
48.93	0.494	0.003	-0.004	
48.97	0.493	0.002	-0.011	
49.00	0.494	0.002	-0.019	
49.03	0.494	0.001	-0.016	
49.07	0.494	0.001	-0.004	
49.10	0.494	0.001	-0.011	
49.13	0.494	0.000	-0.021	
49.17	0.494	-0.001	-0.001	
49.20	0.494	-0.000	0.022	
49.23	0.494	0.001	0.028	
49.27	0.494	0.003	0.003	
49.30	0.494	0.001	-0.021	
49.33	0.494	0.000	-0.014	
49.37	0.494	0.000	-0.007	
49.40	0.494	0.000	-0.005	
49.43	0.494	-0.000	-0.007	
49.47	0.494	-0.000	-0.008	
49.50	0.494	-0.001	0.006	
49.53	0.494	0.000	0.018	
49.57	0.494	0.001	-0.000	
49.60	0.494	0.000	-0.018	
49.63	0.494	-0.001	-0.006	
49.67	0.494	-0.000	0.011	
49.70	0.494	0.000	0.014	
49.73	0.494	0.000	0.014	
49.77	0.494	0.001	0.001	
49.80	0.494	0.000	-0.011	
49.83	0.494	0.000	-0.007	
49.87	0.494	0.000	-0.003	
49.90	0.494	0.000	0.003	
49.93	0.494	0.000	0.006	
49.97	0.494	0.000	0.007	
50.00	0.494	0.001	-0.011	
50.03	0.494	-0.000	-0.032	
50.07	0.494	-0.002	-0.025	
50.10	0.494	-0.002	-0.005	
50.13	0.494	-0.002	0.009	
50.17	0.494	-0.001	0.000	
50.20	0.494	-0.001	-0.025	
50.23	0.494	-0.004	-0.020	
50.27	0.493	-0.004	0.018	
50.30	0.493	-0.001	0.027	
50.33	0.493	-0.001	0.016	
50.37	0.493	0.000	-0.014	
50.40	0.493	-0.002	-0.042	
50.43	0.493	-0.004	-0.026	
50.47	0.493	-0.004	0.002	
50.50	0.493	-0.003	0.013	
50.53	0.493	-0.003	0.010	
50.57	0.493	-0.003	0.024	
50.60	0.493	-0.001	0.031	
50.63	0.493	-0.001	0.019	
50.67	0.493	-0.001	0.031	
50.70	0.492	0.002	0.039	
50.73	0.493	0.002	0.033	
50.77	0.493	0.003	0.036	
50.80	0.493	0.005	0.030	
50.83	0.493	0.006	0.000	
50.87	0.493	0.005	-0.029	
50.90	0.493	0.003	-0.028	
50.93	0.494	0.003	-0.010	
50.97	0.493	0.003	0.007	
51.00	0.494	0.003	0.022	
51.03	0.494	0.005	0.025	
51.07	0.494	0.005	0.018	
51.10	0.494	0.006	0.011	
51.13	0.494	0.006	-0.011	
51.17	0.494	0.005	-0.034	
51.20	0.495	0.003	-0.033	
51.23	0.495	0.003	-0.026	
51.27	0.495	0.002	-0.028	
51.30	0.495	0.001	-0.027	
51.33	0.495	0.000	-0.021	
51.37	0.495	-0.001	-0.020	
51.40	0.495	-0.002	-0.013	
51.43	0.495	-0.002	-0.002	
51.47	0.495	-0.000	-0.030	
51.50	0.495	-0.004	-0.056	
51.53	0.494	-0.005	-0.048	
51.57	0.494	-0.007	-0.033	
51.60	0.494	-0.008	-0.014	
51.63	0.494	-0.008	-0.005	
51.67	0.493	-0.008	-0.002	
51.70	0.493	-0.008	-0.004	
51.73	0.493	-0.008	-0.010	
51.77	0.493	-0.008	-0.017	
51.80	0.492	-0.010	-0.006	
51.83	0.492	-0.009	0.026	
51.87	0.492	-0.008	0.052	
51.90	0.492	-0.005	0.056	
51.93	0.491	-0.003	0.042	
51.97	0.492	-0.003	0.031	
52.00	0.491	-0.002	0.035	
52.03	0.491	-0.000	0.036	
52.07	0.491	0.001	0.020	
52.10	0.492	0.001	0.017	
52.13	0.491	0.001	0.043	
52.17	0.492	0.004	0.056	
52.20	0.492	0.006	0.051	
52.23	0.492	0.008	0.041	
52.27	0.492	0.009	0.012	
52.30	0.493	0.008	-0.010	
52.33	0.493	0.008	-0.017	
52.37	0.493	0.007	-0.021	
52.40	0.493	0.006	-0.012	
52.43	0.493	0.006	0.008	
52.47	0.493	0.007	0.013	
52.50	0.494	0.007	0.002	
52.53	0.494	0.007	-0.001	
52.57	0.494	0.008	-0.022	
52.60	0.495	0.005	-0.049	
52.63	0.495	0.003	-0.042	
52.67	0.495	0.003	-0.030	
52.70	0.495	0.002	-0.033	
52.73	0.495	0.000	-0.039	
52.77	0.495	-0.001	-0.045	
52.80	0.495	-0.003	-0.048	
52.83	0.495	-0.004	-0.034	
52.87	0.495	-0.005	-0.016	
52.90	0.494	-0.005	-0.009	
52.93	0.494	-0.005	-0.011	
52.97	0.494	-0.006	-0.018	
53.00	0.494	-0.007	-0.012	
53.03	0.493	-0.007	0.007	
53.07	0.493	-0.006	0.007	
53.10	0.493	-0.006	-0.012	
53.13	0.493	-0.007	-0.017	
53.17	0.493	-0.008	-0.006	
53.20	0.493	-0.008	0.007	
53.23	0.492	-0.007	0.022	
53.27	0.492	-0.006	0.027	
53.30	0.492	-0.005	0.027	
53.33	0.492	-0.004	0.038	
53.37	0.491	-0.003	0.046	
53.40	0.492	-0.001	0.038	
53.43	0.491	0.000	0.027	
53.47	0.492	0.001	0.029	
53.50	0.491	0.002	0.034	
53.53	0.492	0.003	0.037	
53.57	0.492	0.004	0.048	
53.60	0.492	0.007	0.024	
53.63	0.492	0.006	-0.007	
53.67	0.492	0.006	-0.004	
53.70	0.493	0.006	0.001	
53.73	0.493	0.006	-0.013	
53.77	0.493	0.005	-0.033	
53.80	0.493	0.003	-0.026	
53.83	0.493	0.003	-0.008	
53.87	0.493	0.003	0.003	
53.90	0.493	0.004	-0.008	
53.93	0.493	0.003	-0.023	
53.97	0.494	0.001	-0.011	
54.00	0.493	0.002	-0.004	
54.03	0.494	0.002	-0.016	
54.07	0.494	0.001	-0.019	
54.10	0.494	0.000	-0.011	
54.13	0.494	0.000	-0.004	
54.17	0.494	0.000	-0.002	
54.20	0.494	0.000	-0.004	
54.23	0.494	-0.000	-0.010	
54.27	0.494	-0.001	-0.018	
54.30	0.494	-0.002	-0.012	
54.33	0.493	-0.002	0.007	
54.37	0.494	-0.001	0.007	
54.40	0.493	-0.001	-0.008	
54.43	0.494	-0.002	-0.011	
54.47	0.493	-0.002	0.002	
54.50	0.493	-0.001	0.004	
54.53	0.493	-0.002	0.010	
54.57	0.493	-0.001	0.034	
54.60	0.493	0.001	0.036	
54.63	0.493	0.002	0.014	
54.67	0.493	0.001	0.008	
54.70	0.493	0.003	-0.010	
54.73	0.494	0.001	-0.025	
54.77	0.493	0.000	-0.014	
54.80	0.494	0.000	-0.003	
54.83	0.493	0.000	0.006	
54.87	0.494	0.000	0.011	
54.90	0.493	0.001	0.003	
54.93	0.494	0.001	-0.005	
54.97	0.493	0.001	-0.000	
55.00	0.494	0.001	-0.014	
55.03	0.494	-0.000	-0.030	
55.07	0.494	-0.002	-0.023	
55.10	0.493	-0.002	-0.007	
55.13	0.494	-0.001	-0.011	
55.17	0.493	-0.003	-0.019	
55.20	0.493	-0.004	-0.001	
55.23	0.493	-0.003	0.014	
55.27	0.493	-0.001	-0.004	
55.30	0.493	-0.003	-0.025	
55.33	0.493	-0.004	-0.015	
55.37	0.493	-0.004	0.011	
55.40	0.493	-0.003	0.019	
55.43	0.493	-0.002	0.001	
55.47	0.493	-0.004	0.005	
55.50	0.492	-0.003	0.048	
55.53	0.492	0.001	0.063	
55.57	0.492	0.002	0.050	
55.60	0.493	0.003	0.062	
55.63	0.492	0.007	0.050	
55.67	0.493	0.007	0.012	
55.70	0.493	0.006	0.027	
55.73	0.493	0.010	0.015	
55.77	0.494	0.008	-0.032	
55.80	0.494	0.008	-0.072	
55.83	0.494	0.002	-0.068	
55.87	0.494	0.000	0.009	
55.90	0.494	0.004	0.047	
55.93	0.494	0.006	0.023	
55.97	0.495	0.005	-0.001	
56.00	0.495	0.004	0.010	
56.03	0.495	0.006	0.011	
56.07	0.495	0.006	-0.016	
56.10	0.495	0.004	-0.020	
56.13	0.495	0.005	-0.015	
56.17	0.496	0.004	-0.034	
56.20	0.496	0.002	-0.049	
56.23	0.496	0.000	-0.045	
56.27	0.496	-0.001	-0.020	
56.30	0.496	-0.001	-0.010	
56.33	0.496	-0.001	-0.027	
56.37	0.496	-0.003	-0.038	
56.40	0.495	-0.004	-0.026	
56.43	0.495	-0.005	-0.009	
56.47	0.495	-0.004	-0.016	
56.50	0.495	-0.005	-0.031	
56.53	0.495	-0.007	-0.023	
56.57	0.495	-0.007	-0.006	
56.60	0.494	-0.006	-0.005	
56.63	0.494	-0.007	-0.005	
56.67	0.494	-0.008	0.022	
56.70	0.494	-0.005	0.018	
56.73	0.494	-0.006	-0.014	
56.77	0.493	-0.007	-0.015	
56.80	0.493	-0.007	0.015	
56.83	0.493	-0.007	0.079	
56.87	0.493	-0.003	0.142	
56.90	0.493	0.004	0.141	
56.93	0.493	0.015	-0.069	
56.97	0.495	-0.001	-0.268	
57.00	0.493	-0.017	-0.090	
57.03	0.492	-0.007	0.114	
57.07	0.492	-0.002	0.125	
57.10	0.492	0.002	0.090	
57.13	0.493	0.003	0.058	
57.17	0.493	0.006	0.032	
57.20	0.493	0.006	0.008	
57.23	0.493	0.006	0.005	
57.27	0.493	0.006	-0.009	
57.30	0.493	0.005	-0.019	
57.33	0.494	0.004	-0.000	
57.37	0.494	0.005	0.019	
57.40	0.494	0.006	0.010	
57.43	0.494	0.006	0.003	
57.47	0.494	0.006	0.011	
57.50	0.494	0.007	0.003	
57.53	0.495	0.007	-0.027	
57.57	0.495	0.005	-0.052	
57.60	0.495	0.003	-0.056	
57.63	0.495	0.001	-0.042	
57.67	0.495	0.000	-0.028	
57.70	0.495	-0.001	-0.028	
57.73	0.495	-0.002	-0.028	
57.77	0.495	-0.003	-0.027	
57.80	0.495	-0.003	-0.035	
57.83	0.495	-0.005	-0.035	
57.87	0.495	-0.007	-0.012	
57.90	0.494	-0.006	0.017	
57.93	0.494	-0.003	-0.005	
57.97	0.494	-0.006	-0.033	
58.00	0.494	-0.007	-0.022	
58.03	0.494	-0.008	-0.010	
58.07	0.493	-0.008	-0.002	
58.10	0.493	-0.008	0.000	
58.13	0.493	-0.008	0.004	
58.17	0.493	-0.008	0.011	
58.20	0.492	-0.007	0.023	
58.23	0.492	-0.006	0.027	
58.27	0.492	-0.005	0.027	
58.30	0.492	-0.004	0.038	
58.33	0.492	-0.003	0.046	
58.37	0.492	-0.001	0.038	
58.40	0.492	0.000	0.028	
58.43	0.492	0.001	0.032	
58.47	0.492	0.002	0.038	
58.50	0.492	0.003	0.041	
58.53	0.492	0.005	0.038	
58.57	0.492	0.006	0.015	
58.60	0.492	0.006	-0.000	
58.63	0.493	0.006	0.001	
58.67	0.493	0.006	-0.010	
58.70	0.493	0.005	-0.022	
58.73	0.493	0.004	-0.007	
58.77	0.493	0.005	0.008	
58.80	0.493	0.005	0.006	
58.83	0.494	0.005	0.002	
58.87	0.494	0.005	-0.004	
58.90	0.494	0.005	-0.013	
58.93	0.494	0.004	-0.023	
58.97	0.494	0.003	-0.023	
59.00	0.494	0.002	-0.001	
59.03	0.494	0.004	-0.016	
59.07	0.495	0.001	-0.042	
59.10	0.494	0.000	-0.035	
59.13	0.495	-0.001	-0.036	
59.17	0.494	-0.002	-0.036	
59.20	0.494	-0.003	-0.034	
59.23	0.494	-0.005	-0.026	
59.27	0.494	-0.005	-0.012	
59.30	0.494	-0.005	-0.003	
59.33	0.494	-0.005	0.003	
59.37	0.493	-0.005	0.010	
59.40	0.493	-0.005	0.019	
59.43	0.493	-0.003	0.015	
59.47	0.493	-0.003	0.000	
59.50	0.493	-0.004	0.004	
59.53	0.493	-0.003	0.011	
59.57	0.493	-0.003	0.004	
59.60	0.493	-0.003	-0.003	
59.63	0.493	-0.003	-0.006	
59.67	0.493	-0.004	0.011	
59.70	0.492	-0.002	0.033	
59.73	0.492	-0.001	0.029	
59.77	0.492	-0.000	0.015	
59.80	0.492	0.000	0.009	
59.83	0.492	0.000	0.012	
59.87	0.492	0.001	0.019	
59.90	0.492	0.002	0.017	
59.93	0.493	0.002	0.006	
59.97	0.492	0.001	0.016	
60.00	0.493	0.003	0.034	
