Vernier Format 2
0.9.txt 1/28/2019 19:41:34
Run 1
Time	Position	Velocity	Acceleration	
T	P	V	A	
s	m	m/s	m/s^2	

0.00	0.494	0.008	0.049	
0.03	0.494	0.011	0.012	
0.07	0.495	0.010	-0.021	
0.10	0.495	0.008	-0.025	
0.13	0.495	0.008	-0.020	
0.17	0.495	0.008	-0.024	
0.20	0.496	0.007	-0.045	
0.23	0.496	0.005	-0.063	
0.27	0.496	0.001	-0.049	
0.30	0.496	0.001	-0.020	
0.33	0.496	0.001	-0.021	
0.37	0.496	-0.000	-0.040	
0.40	0.496	-0.002	-0.045	
0.43	0.496	-0.003	-0.049	
0.47	0.496	-0.005	-0.053	
0.50	0.495	-0.007	-0.045	
0.53	0.495	-0.008	-0.032	
0.57	0.495	-0.010	-0.010	
0.60	0.495	-0.009	0.022	
0.63	0.494	-0.008	0.037	
0.67	0.494	-0.005	0.014	
0.70	0.494	-0.008	0.012	
0.73	0.494	-0.005	0.030	
0.77	0.494	-0.004	0.008	
0.80	0.493	-0.005	-0.015	
0.83	0.493	-0.006	-0.020	
0.87	0.493	-0.007	-0.007	
0.90	0.493	-0.007	0.022	
0.93	0.493	-0.004	0.022	
0.97	0.493	-0.005	0.012	
1.00	0.492	-0.004	0.024	
1.03	0.492	-0.003	0.034	
1.07	0.492	-0.002	0.040	
1.10	0.492	-0.000	0.038	
1.13	0.492	0.001	0.016	
1.17	0.492	0.001	0.002	
1.20	0.492	0.001	0.009	
1.23	0.492	0.002	0.011	
1.27	0.492	0.001	0.017	
1.30	0.492	0.003	0.022	
1.33	0.492	0.004	-0.003	
1.37	0.493	0.002	-0.025	
1.40	0.493	0.001	-0.017	
1.43	0.493	0.001	0.008	
1.47	0.493	0.002	0.021	
1.50	0.493	0.003	0.018	
1.53	0.493	0.003	0.016	
1.57	0.493	0.004	0.004	
1.60	0.493	0.003	-0.004	
1.63	0.493	0.003	0.004	
1.67	0.493	0.004	-0.003	
1.70	0.494	0.003	-0.011	
1.73	0.493	0.003	-0.003	
1.77	0.494	0.003	0.007	
1.80	0.494	0.003	0.018	
1.83	0.494	0.004	0.013	
1.87	0.494	0.004	-0.001	
1.90	0.494	0.004	0.003	
1.93	0.494	0.004	0.022	
1.97	0.494	0.007	-0.005	
2.00	0.495	0.004	-0.038	
2.03	0.495	0.003	-0.033	
2.07	0.495	0.002	-0.033	
2.10	0.495	0.001	-0.028	
2.13	0.495	0.000	-0.023	
2.17	0.495	-0.001	-0.027	
2.20	0.495	-0.002	-0.027	
2.23	0.495	-0.003	-0.023	
2.27	0.495	-0.003	-0.027	
2.30	0.494	-0.005	-0.027	
2.33	0.494	-0.005	-0.022	
2.37	0.494	-0.006	-0.023	
2.40	0.494	-0.007	-0.016	
2.43	0.494	-0.007	-0.001	
2.47	0.494	-0.006	-0.005	
2.50	0.493	-0.007	-0.015	
2.53	0.493	-0.008	-0.014	
2.57	0.493	-0.008	-0.011	
2.60	0.493	-0.009	0.007	
2.63	0.492	-0.008	0.022	
2.67	0.492	-0.006	0.011	
2.70	0.492	-0.007	0.001	
2.73	0.492	-0.007	0.010	
2.77	0.491	-0.006	0.016	
2.80	0.491	-0.006	0.033	
2.83	0.491	-0.004	0.060	
2.87	0.491	-0.001	0.056	
2.90	0.491	-0.000	0.038	
2.93	0.491	0.001	0.032	
2.97	0.491	0.002	0.029	
3.00	0.491	0.003	0.027	
3.03	0.491	0.003	0.039	
3.07	0.491	0.005	0.051	
3.10	0.491	0.007	0.054	
3.13	0.492	0.009	0.055	
3.17	0.492	0.011	0.048	
3.20	0.492	0.014	-0.010	
3.23	0.493	0.010	-0.050	
3.27	0.493	0.008	-0.029	
3.30	0.493	0.008	-0.007	
3.33	0.493	0.008	0.008	
3.37	0.494	0.009	-0.002	
3.40	0.494	0.008	-0.019	
3.43	0.494	0.008	-0.030	
3.47	0.495	0.007	-0.049	
3.50	0.495	0.004	-0.050	
3.53	0.495	0.003	-0.038	
3.57	0.495	0.002	-0.042	
3.60	0.495	0.000	-0.047	
3.63	0.495	-0.002	-0.038	
3.67	0.495	-0.003	-0.027	
3.70	0.495	-0.003	-0.028	
3.73	0.495	-0.005	-0.028	
3.77	0.495	-0.005	-0.026	
3.80	0.494	-0.006	-0.033	
3.83	0.494	-0.008	-0.030	
3.87	0.494	-0.009	-0.004	
3.90	0.494	-0.008	0.017	
3.93	0.493	-0.006	0.006	
3.97	0.493	-0.007	-0.011	
4.00	0.493	-0.008	-0.014	
4.03	0.493	-0.008	-0.014	
4.07	0.492	-0.009	0.000	
4.10	0.492	-0.008	0.015	
4.13	0.492	-0.008	0.019	
4.17	0.492	-0.007	0.030	
4.20	0.491	-0.006	0.038	
4.23	0.491	-0.005	0.044	
4.27	0.491	-0.003	0.046	
4.30	0.491	-0.001	0.030	
4.33	0.491	-0.001	0.019	
4.37	0.491	-0.001	0.038	
4.40	0.491	0.001	0.067	
4.43	0.491	0.006	0.030	
4.47	0.491	0.004	-0.014	
4.50	0.491	0.003	-0.006	
4.53	0.492	0.003	0.010	
4.57	0.491	0.004	0.013	
4.60	0.492	0.005	-0.001	
4.63	0.492	0.004	0.000	
4.67	0.492	0.005	0.001	
4.70	0.492	0.004	-0.011	
4.73	0.492	0.003	-0.008	
4.77	0.492	0.003	0.011	
4.80	0.493	0.005	0.013	
4.83	0.493	0.005	-0.004	
4.87	0.493	0.004	-0.025	
4.90	0.493	0.003	-0.029	
4.93	0.493	0.001	-0.004	
4.97	0.493	0.003	0.018	
5.00	0.493	0.004	0.009	
5.03	0.493	0.003	-0.005	
5.07	0.493	0.003	-0.006	
5.10	0.493	0.003	-0.022	
5.13	0.494	0.001	-0.026	
5.17	0.493	0.001	-0.004	
5.20	0.494	0.002	0.003	
5.23	0.494	0.001	0.006	
5.27	0.494	0.002	0.003	
5.30	0.494	0.002	-0.014	
5.33	0.494	0.001	-0.019	
5.37	0.494	0.000	-0.012	
5.40	0.494	0.000	-0.009	
5.43	0.494	-0.000	-0.015	
5.47	0.494	-0.001	-0.030	
5.50	0.494	-0.002	-0.034	
5.53	0.494	-0.004	-0.014	
5.57	0.493	-0.003	0.002	
5.60	0.494	-0.003	-0.002	
5.63	0.493	-0.004	0.003	
5.67	0.493	-0.002	-0.012	
5.70	0.493	-0.004	-0.031	
5.73	0.493	-0.005	-0.030	
5.77	0.493	-0.006	-0.036	
5.80	0.493	-0.008	-0.034	
5.83	0.492	-0.009	-0.012	
5.87	0.492	-0.008	0.007	
5.90	0.492	-0.008	0.007	
5.93	0.491	-0.008	0.007	
5.97	0.491	-0.008	0.012	
6.00	0.491	-0.007	0.023	
6.03	0.491	-0.006	0.026	
6.07	0.490	-0.005	0.023	
6.10	0.490	-0.005	0.028	
6.13	0.490	-0.003	0.032	
6.17	0.490	-0.002	0.037	
6.20	0.490	-0.001	0.056	
6.23	0.490	0.002	0.057	
6.27	0.490	0.004	0.028	
6.30	0.490	0.003	0.014	
6.33	0.490	0.003	0.032	
6.37	0.491	0.005	0.052	
6.40	0.491	0.008	0.054	
6.43	0.491	0.010	0.033	
6.47	0.491	0.010	0.006	
6.50	0.492	0.010	-0.013	
6.53	0.492	0.008	-0.011	
6.57	0.492	0.008	0.007	
6.60	0.493	0.010	0.007	
6.63	0.493	0.010	-0.013	
6.67	0.493	0.008	-0.022	
6.70	0.494	0.008	-0.020	
6.73	0.494	0.007	-0.020	
6.77	0.494	0.006	-0.014	
6.80	0.494	0.006	-0.006	
6.83	0.494	0.007	-0.042	
6.87	0.495	0.003	-0.078	
6.90	0.495	0.000	-0.071	
6.93	0.495	-0.002	-0.049	
6.97	0.494	-0.003	-0.033	
7.00	0.495	-0.003	-0.039	
7.03	0.494	-0.005	-0.045	
7.07	0.494	-0.007	-0.034	
7.10	0.494	-0.008	-0.016	
7.13	0.494	-0.008	-0.009	
7.17	0.493	-0.008	-0.011	
7.20	0.493	-0.008	-0.018	
7.23	0.493	-0.010	-0.011	
7.27	0.493	-0.010	0.008	
7.30	0.492	-0.008	0.016	
7.33	0.492	-0.008	0.014	
7.37	0.492	-0.008	0.034	
7.40	0.491	-0.006	0.049	
7.43	0.491	-0.004	0.029	
7.47	0.491	-0.004	0.017	
7.50	0.491	-0.003	0.016	
7.53	0.491	-0.003	0.020	
7.57	0.491	-0.003	0.054	
7.60	0.491	0.001	0.081	
7.63	0.491	0.005	0.042	
7.67	0.491	0.004	-0.017	
7.70	0.491	0.002	-0.020	
7.73	0.491	0.001	0.017	
7.77	0.491	0.004	0.029	
7.80	0.492	0.004	0.013	
7.83	0.491	0.004	0.012	
7.87	0.492	0.005	0.009	
7.90	0.492	0.006	-0.026	
7.93	0.492	0.004	-0.056	
7.97	0.492	-0.001	0.000	
8.00	0.492	0.002	0.093	
8.03	0.492	0.008	0.094	
8.07	0.493	0.012	-0.002	
8.10	0.493	0.008	-0.087	
8.13	0.493	0.003	-0.091	
8.17	0.493	-0.000	-0.033	
8.20	0.493	0.001	0.033	
8.23	0.493	0.004	0.045	
8.27	0.493	0.005	0.026	
8.30	0.494	0.005	0.012	
8.33	0.494	0.005	0.008	
8.37	0.494	0.006	0.007	
8.40	0.494	0.006	-0.011	
8.43	0.494	0.005	-0.034	
8.47	0.494	0.003	-0.033	
8.50	0.495	0.003	-0.022	
8.53	0.494	0.002	-0.017	
8.57	0.495	0.001	-0.008	
8.60	0.494	0.002	-0.007	
8.63	0.495	0.001	-0.023	
8.67	0.495	-0.001	-0.013	
8.70	0.495	0.000	0.007	
8.73	0.495	0.001	-0.009	
8.77	0.495	-0.000	-0.035	
8.80	0.495	-0.002	-0.040	
8.83	0.495	-0.003	-0.038	
8.87	0.494	-0.005	-0.035	
8.90	0.494	-0.005	-0.033	
8.93	0.494	-0.006	-0.040	
8.97	0.494	-0.009	-0.023	
9.00	0.493	-0.009	0.021	
9.03	0.493	-0.006	0.035	
9.07	0.493	-0.005	0.017	
9.10	0.493	-0.005	-0.000	
9.13	0.493	-0.006	-0.006	
9.17	0.493	-0.007	0.014	
9.20	0.492	-0.006	0.050	
9.23	0.492	-0.001	0.029	
9.27	0.492	-0.003	-0.022	
9.30	0.492	-0.004	-0.027	
9.33	0.492	-0.005	-0.012	
9.37	0.492	-0.005	0.006	
9.40	0.492	-0.005	0.022	
9.43	0.491	-0.003	0.028	
9.47	0.492	-0.003	0.032	
9.50	0.491	-0.002	0.052	
9.53	0.491	0.001	0.071	
9.57	0.491	0.004	0.060	
9.60	0.492	0.006	0.019	
9.63	0.492	0.004	0.006	
9.67	0.492	0.005	0.017	
9.70	0.492	0.006	0.008	
9.73	0.492	0.006	0.003	
9.77	0.492	0.006	0.016	
9.80	0.493	0.007	0.022	
9.83	0.493	0.008	0.018	
9.87	0.493	0.008	0.016	
9.90	0.493	0.009	0.004	
9.93	0.494	0.008	-0.005	
9.97	0.494	0.008	-0.005	
10.00	0.494	0.009	-0.026	
10.03	0.495	0.007	-0.057	
10.07	0.495	0.004	-0.056	
10.10	0.495	0.003	-0.037	
10.13	0.495	0.002	-0.032	
10.17	0.495	0.001	-0.029	
10.20	0.495	0.000	-0.025	
10.23	0.495	-0.001	-0.028	
10.27	0.495	-0.002	-0.025	
10.30	0.495	-0.003	-0.009	
10.33	0.495	-0.001	-0.038	
10.37	0.495	-0.005	-0.082	
10.40	0.494	-0.009	-0.066	
10.43	0.494	-0.010	-0.030	
10.47	0.494	-0.010	-0.004	
10.50	0.494	-0.010	0.006	
10.53	0.493	-0.009	-0.003	
10.57	0.493	-0.010	-0.010	
10.60	0.492	-0.011	0.016	
10.63	0.492	-0.009	0.034	
10.67	0.492	-0.008	0.029	
10.70	0.492	-0.007	0.030	
10.73	0.491	-0.006	0.025	
10.77	0.491	-0.005	0.017	
10.80	0.491	-0.005	0.020	
10.83	0.491	-0.004	0.034	
10.87	0.491	-0.003	0.045	
10.90	0.491	-0.001	0.038	
10.93	0.491	0.000	0.031	
10.97	0.491	0.001	0.038	
11.00	0.491	0.003	0.045	
11.03	0.491	0.004	0.034	
11.07	0.491	0.005	0.016	
11.10	0.491	0.005	0.009	
11.13	0.491	0.005	0.011	
11.17	0.492	0.006	0.018	
11.20	0.492	0.007	0.011	
11.23	0.492	0.007	-0.011	
11.27	0.492	0.006	-0.018	
11.30	0.493	0.005	-0.010	
11.33	0.493	0.005	-0.004	
11.37	0.493	0.005	-0.000	
11.40	0.493	0.005	0.003	
11.43	0.493	0.005	0.004	
11.47	0.493	0.005	0.003	
11.50	0.494	0.006	-0.016	
11.53	0.494	0.004	-0.026	
11.57	0.494	0.004	-0.030	
11.60	0.494	0.002	-0.040	
11.63	0.494	0.001	-0.031	
11.67	0.494	0.000	-0.016	
11.70	0.494	0.000	-0.009	
11.73	0.494	-0.000	-0.011	
11.77	0.494	-0.001	-0.018	
11.80	0.494	-0.002	-0.012	
11.83	0.494	-0.002	0.007	
11.87	0.494	-0.001	0.007	
11.90	0.494	-0.001	-0.012	
11.93	0.494	-0.002	-0.018	
11.97	0.494	-0.002	-0.011	
12.00	0.494	-0.003	-0.007	
12.03	0.493	-0.003	-0.008	
12.07	0.494	-0.003	-0.011	
12.10	0.493	-0.004	-0.000	
12.13	0.493	-0.003	0.010	
12.17	0.493	-0.003	0.004	
12.20	0.493	-0.003	-0.004	
12.23	0.493	-0.002	-0.011	
12.27	0.493	-0.004	-0.004	
12.30	0.493	-0.003	-0.000	
12.33	0.493	-0.003	-0.015	
12.37	0.492	-0.005	-0.019	
12.40	0.492	-0.005	-0.010	
12.43	0.492	-0.005	-0.003	
12.47	0.492	-0.005	0.005	
12.50	0.492	-0.005	0.018	
12.53	0.492	-0.004	0.036	
12.57	0.491	-0.002	0.044	
12.60	0.492	0.000	0.012	
12.63	0.492	-0.002	-0.014	
12.67	0.491	-0.002	-0.005	
12.70	0.491	-0.002	0.009	
12.73	0.491	-0.001	0.014	
12.77	0.491	-0.001	0.022	
12.80	0.491	0.000	0.037	
12.83	0.491	0.002	0.032	
12.87	0.491	0.002	0.023	
12.90	0.492	0.003	0.027	
12.93	0.491	0.004	0.042	
12.97	0.492	0.006	0.037	
13.00	0.492	0.007	0.012	
13.03	0.492	0.006	0.008	
13.07	0.492	0.007	0.013	
13.10	0.493	0.008	0.007	
13.13	0.493	0.008	0.003	
13.17	0.493	0.008	0.001	
13.20	0.493	0.008	-0.001	
13.23	0.494	0.008	-0.004	
13.27	0.494	0.008	-0.011	
13.30	0.494	0.007	-0.023	
13.33	0.494	0.006	-0.027	
13.37	0.495	0.005	-0.027	
13.40	0.495	0.004	-0.038	
13.43	0.495	0.003	-0.049	
13.47	0.495	0.001	-0.045	
13.50	0.495	-0.000	-0.038	
13.53	0.495	-0.002	-0.031	
13.57	0.495	-0.003	-0.025	
13.60	0.495	-0.003	-0.031	
13.63	0.495	-0.005	-0.037	
13.67	0.494	-0.006	-0.038	
13.70	0.494	-0.007	-0.033	
13.73	0.494	-0.009	-0.009	
13.77	0.494	-0.007	-0.005	
13.80	0.493	-0.009	-0.009	
13.83	0.493	-0.008	-0.004	
13.87	0.493	-0.008	-0.013	
13.90	0.492	-0.010	-0.008	
13.93	0.492	-0.010	0.012	
13.97	0.492	-0.008	0.022	
14.00	0.492	-0.008	0.022	
14.03	0.491	-0.007	0.028	
14.07	0.491	-0.006	0.031	
14.10	0.491	-0.005	0.033	
14.13	0.491	-0.004	0.046	
14.17	0.490	-0.001	0.043	
14.20	0.491	-0.001	0.027	
14.23	0.490	-0.001	0.038	
14.27	0.491	0.002	0.050	
14.30	0.491	0.004	0.030	
14.33	0.491	0.004	0.020	
14.37	0.491	0.005	0.021	
14.40	0.491	0.005	0.020	
14.43	0.491	0.006	0.025	
14.47	0.492	0.007	0.022	
14.50	0.492	0.008	0.007	
14.53	0.492	0.008	-0.010	
14.57	0.492	0.007	-0.028	
14.60	0.493	0.005	-0.033	
14.63	0.493	0.004	-0.011	
14.67	0.493	0.005	0.007	
14.70	0.493	0.005	0.006	
14.73	0.493	0.005	0.004	
14.77	0.493	0.005	0.002	
14.80	0.494	0.005	-0.001	
14.83	0.494	0.005	-0.012	
14.87	0.494	0.005	-0.044	
14.90	0.494	0.002	-0.056	
14.93	0.494	0.000	-0.034	
14.97	0.494	-0.000	-0.023	
15.00	0.494	-0.001	-0.025	
15.03	0.494	-0.002	-0.023	
15.07	0.494	-0.002	-0.011	
15.10	0.494	-0.003	-0.004	
15.13	0.494	-0.003	-0.001	
15.17	0.494	-0.003	-0.000	
15.20	0.493	-0.003	-0.001	
15.23	0.494	-0.003	-0.003	
15.27	0.493	-0.003	-0.007	
15.30	0.493	-0.003	-0.012	
15.33	0.493	-0.004	-0.003	
15.37	0.493	-0.003	0.004	
15.40	0.493	-0.003	-0.005	
15.43	0.493	-0.004	-0.001	
15.47	0.493	-0.003	0.000	
15.50	0.493	-0.003	-0.015	
15.53	0.492	-0.005	-0.018	
15.57	0.492	-0.005	-0.007	
15.60	0.492	-0.005	0.007	
15.63	0.492	-0.005	0.018	
15.67	0.492	-0.003	0.015	
15.70	0.492	-0.003	0.000	
15.73	0.492	-0.004	0.004	
15.77	0.492	-0.003	0.012	
15.80	0.491	-0.003	0.008	
15.83	0.491	-0.003	0.005	
15.87	0.491	-0.003	0.008	
15.90	0.491	-0.002	0.019	
15.93	0.491	-0.002	0.033	
15.97	0.491	0.001	0.023	
16.00	0.491	0.000	0.005	
16.03	0.491	0.000	0.009	
16.07	0.491	0.001	0.024	
16.10	0.491	0.002	0.032	
16.13	0.491	0.003	0.030	
16.17	0.491	0.004	0.020	
16.20	0.492	0.005	0.005	
16.23	0.492	0.004	0.016	
16.27	0.492	0.005	0.034	
16.30	0.492	0.007	0.029	
16.33	0.492	0.008	0.010	
16.37	0.492	0.008	-0.006	
16.40	0.493	0.007	-0.020	
16.43	0.493	0.006	-0.017	
16.47	0.493	0.005	0.003	
16.50	0.493	0.006	0.024	
16.53	0.494	0.008	0.028	
16.57	0.494	0.009	-0.000	
16.60	0.494	0.008	-0.030	
16.63	0.494	0.006	-0.037	
16.67	0.495	0.005	-0.037	
16.70	0.495	0.004	-0.047	
16.73	0.495	0.001	-0.043	
16.77	0.495	0.001	-0.028	
16.80	0.495	0.001	-0.043	
16.83	0.495	-0.002	-0.061	
16.87	0.495	-0.004	-0.051	
16.90	0.494	-0.006	-0.037	
16.93	0.494	-0.007	-0.015	
16.97	0.494	-0.007	0.016	
17.00	0.494	-0.005	0.031	
17.03	0.494	-0.004	0.026	
17.07	0.494	-0.002	-0.015	
17.10	0.494	-0.005	-0.065	
17.13	0.493	-0.008	-0.076	
17.17	0.493	-0.011	-0.047	
17.20	0.492	-0.012	0.005	
17.23	0.492	-0.010	0.036	
17.27	0.492	-0.008	0.037	
17.30	0.492	-0.008	0.030	
17.33	0.491	-0.007	0.035	
17.37	0.491	-0.005	0.036	
17.40	0.491	-0.004	0.021	
17.43	0.491	-0.004	0.021	
17.47	0.490	-0.004	0.053	
17.50	0.491	-0.000	0.074	
17.53	0.490	0.002	0.063	
17.57	0.491	0.004	0.035	
17.60	0.491	0.005	0.011	
17.63	0.491	0.004	0.017	
17.67	0.491	0.005	0.038	
17.70	0.492	0.007	0.041	
17.73	0.492	0.008	0.036	
17.77	0.492	0.010	0.023	
17.80	0.492	0.010	0.001	
17.83	0.493	0.010	-0.019	
17.87	0.493	0.008	-0.026	
17.90	0.493	0.008	-0.023	
17.93	0.493	0.007	-0.030	
17.97	0.494	0.006	-0.030	
18.00	0.494	0.005	-0.020	
18.03	0.494	0.004	-0.001	
18.07	0.494	0.005	0.012	
18.10	0.494	0.006	-0.011	
18.13	0.494	0.004	-0.027	
18.17	0.495	0.004	-0.033	
18.20	0.495	0.001	-0.030	
18.23	0.495	0.002	-0.025	
18.27	0.495	0.000	-0.033	
18.30	0.495	-0.001	-0.039	
18.33	0.495	-0.002	-0.040	
18.37	0.494	-0.004	-0.022	
18.40	0.495	-0.004	-0.008	
18.43	0.494	-0.004	0.001	
18.47	0.494	-0.004	0.018	
18.50	0.494	-0.002	0.005	
18.53	0.494	-0.003	-0.019	
18.57	0.494	-0.005	0.003	
18.60	0.494	-0.003	0.026	
18.63	0.494	-0.002	0.003	
18.67	0.494	-0.003	-0.022	
18.70	0.493	-0.004	-0.017	
18.73	0.493	-0.004	0.004	
18.77	0.493	-0.003	0.008	
18.80	0.493	-0.003	-0.004	
18.83	0.493	-0.004	0.003	
18.87	0.493	-0.004	0.026	
18.90	0.493	-0.001	0.023	
18.93	0.493	-0.001	-0.008	
18.97	0.493	-0.003	-0.007	
19.00	0.493	-0.002	0.013	
19.03	0.492	-0.001	0.007	
19.07	0.493	-0.002	0.000	
19.10	0.492	-0.002	0.011	
19.13	0.492	-0.001	0.011	
19.17	0.492	-0.001	0.012	
19.20	0.492	0.000	0.001	
19.23	0.492	-0.001	-0.004	
19.27	0.492	-0.001	0.022	
19.30	0.492	0.001	0.020	
19.33	0.492	0.001	-0.008	
19.37	0.492	-0.001	-0.003	
19.40	0.492	0.000	0.023	
19.43	0.492	0.002	0.026	
19.47	0.492	0.002	0.019	
19.50	0.493	0.003	0.020	
19.53	0.492	0.003	0.033	
19.57	0.493	0.005	0.036	
19.60	0.493	0.007	0.013	
19.63	0.493	0.006	-0.020	
19.67	0.493	0.004	-0.013	
19.70	0.493	0.004	0.029	
19.73	0.493	0.007	0.042	
19.77	0.494	0.009	0.006	
19.80	0.494	0.007	-0.035	
19.83	0.494	0.005	-0.046	
19.87	0.494	0.003	-0.029	
19.90	0.495	0.003	-0.005	
19.93	0.495	0.004	-0.006	
19.97	0.495	0.003	-0.017	
20.00	0.495	0.003	-0.023	
20.03	0.495	0.002	-0.037	
20.07	0.495	0.000	-0.046	
20.10	0.495	-0.002	-0.038	
20.13	0.495	-0.003	-0.027	
20.17	0.495	-0.003	-0.030	
20.20	0.495	-0.005	-0.028	
20.23	0.495	-0.005	-0.019	
20.27	0.494	-0.006	-0.005	
20.30	0.494	-0.005	-0.012	
20.33	0.494	-0.007	-0.027	
20.37	0.494	-0.007	-0.019	
20.40	0.494	-0.008	-0.017	
20.43	0.493	-0.008	-0.020	
20.47	0.493	-0.010	-0.014	
20.50	0.492	-0.010	0.005	
20.53	0.492	-0.009	0.015	
20.57	0.492	-0.009	0.029	
20.60	0.492	-0.007	0.050	
20.63	0.491	-0.004	0.038	
20.67	0.492	-0.005	0.027	
20.70	0.491	-0.004	0.043	
20.73	0.491	-0.001	0.046	
20.77	0.491	-0.000	0.033	
20.80	0.491	0.001	0.031	
20.83	0.491	0.002	0.028	
20.87	0.491	0.003	0.024	
20.90	0.491	0.003	0.031	
20.93	0.492	0.005	0.038	
20.97	0.492	0.006	0.041	
21.00	0.492	0.008	0.037	
21.03	0.492	0.009	0.012	
21.07	0.493	0.008	-0.006	
21.10	0.493	0.008	-0.006	
21.13	0.493	0.008	-0.000	
21.17	0.493	0.008	0.006	
21.20	0.494	0.008	0.009	
21.23	0.494	0.009	-0.002	
21.27	0.494	0.008	-0.016	
21.30	0.494	0.007	-0.008	
21.33	0.495	0.009	-0.038	
21.37	0.495	0.004	-0.064	
21.40	0.495	0.003	-0.045	
21.43	0.495	0.002	-0.037	
21.47	0.495	0.001	-0.030	
21.50	0.495	0.000	-0.027	
21.53	0.495	-0.001	-0.034	
21.57	0.495	-0.002	-0.039	
21.60	0.495	-0.004	-0.026	
21.63	0.495	-0.004	-0.023	
21.67	0.495	-0.005	-0.031	
21.70	0.494	-0.007	-0.019	
21.73	0.494	-0.006	-0.011	
21.77	0.494	-0.007	-0.004	
21.80	0.494	-0.007	0.015	
21.83	0.494	-0.006	0.022	
21.87	0.493	-0.005	0.017	
21.90	0.493	-0.005	0.012	
21.93	0.493	-0.004	-0.006	
21.97	0.493	-0.005	-0.018	
22.00	0.493	-0.006	0.000	
22.03	0.493	-0.005	0.019	
22.07	0.492	-0.004	0.011	
22.10	0.492	-0.005	0.005	
22.13	0.492	-0.004	0.020	
22.17	0.492	-0.003	0.030	
22.20	0.492	-0.002	0.029	
22.23	0.492	-0.001	0.019	
22.27	0.492	-0.001	0.001	
22.30	0.492	-0.001	0.003	
22.33	0.492	-0.001	0.015	
22.37	0.492	-0.000	0.021	
22.40	0.492	0.000	0.043	
22.43	0.492	0.004	0.023	
22.47	0.492	0.003	-0.021	
22.50	0.492	0.001	-0.018	
22.53	0.492	0.001	0.002	
22.57	0.492	0.002	0.010	
22.60	0.492	0.002	-0.000	
22.63	0.492	0.001	0.005	
22.67	0.492	0.002	0.015	
22.70	0.492	0.003	0.015	
22.73	0.492	0.003	0.015	
22.77	0.492	0.004	0.005	
22.80	0.493	0.003	-0.000	
22.83	0.493	0.003	0.011	
22.87	0.493	0.004	0.008	
22.90	0.493	0.004	-0.011	
22.93	0.493	0.003	-0.017	
22.97	0.493	0.003	-0.006	
23.00	0.493	0.003	0.007	
23.03	0.493	0.003	0.021	
23.07	0.494	0.005	0.020	
23.10	0.494	0.005	0.003	
23.13	0.494	0.005	-0.018	
23.17	0.494	0.004	-0.039	
23.20	0.494	0.001	-0.033	
23.23	0.494	0.001	-0.001	
23.27	0.494	0.002	0.009	
23.30	0.494	0.002	-0.006	
23.33	0.494	0.002	-0.032	
23.37	0.494	-0.000	-0.045	
23.40	0.494	-0.002	-0.035	
23.43	0.494	-0.003	-0.008	
23.47	0.494	-0.001	-0.024	
23.50	0.494	-0.004	-0.049	
23.53	0.494	-0.006	-0.027	
23.57	0.494	-0.006	-0.011	
23.60	0.493	-0.006	-0.017	
23.63	0.493	-0.007	-0.019	
23.67	0.493	-0.008	-0.011	
23.70	0.493	-0.008	-0.008	
23.73	0.492	-0.008	-0.011	
23.77	0.492	-0.008	-0.018	
23.80	0.492	-0.010	-0.011	
23.83	0.492	-0.010	0.013	
23.87	0.491	-0.008	0.026	
23.90	0.491	-0.008	0.033	
23.93	0.491	-0.007	0.050	
23.97	0.491	-0.004	0.053	
24.00	0.490	-0.003	0.045	
24.03	0.490	-0.001	0.049	
24.07	0.490	0.001	0.040	
24.10	0.491	0.002	0.016	
24.13	0.490	0.001	0.020	
24.17	0.491	0.003	0.039	
24.20	0.491	0.005	0.041	
24.23	0.491	0.006	0.038	
24.27	0.491	0.007	0.031	
24.30	0.492	0.008	0.023	
24.33	0.492	0.008	0.023	
24.37	0.492	0.010	0.013	
24.40	0.492	0.010	-0.005	
24.43	0.493	0.009	-0.007	
24.47	0.493	0.009	0.004	
24.50	0.493	0.010	-0.016	
24.53	0.494	0.007	-0.027	
24.57	0.494	0.007	-0.016	
24.60	0.494	0.007	-0.027	
24.63	0.494	0.006	-0.035	
24.67	0.494	0.005	-0.041	
24.70	0.494	0.003	-0.042	
24.73	0.495	0.001	-0.028	
24.77	0.494	0.001	-0.028	
24.80	0.495	-0.000	-0.043	
24.83	0.494	-0.002	-0.046	
24.87	0.495	-0.003	-0.048	
24.90	0.494	-0.005	-0.049	
24.93	0.494	-0.007	-0.034	
24.97	0.494	-0.008	-0.012	
25.00	0.494	-0.008	0.005	
25.03	0.493	-0.007	0.017	
25.07	0.493	-0.006	0.011	
25.10	0.493	-0.006	-0.008	
25.13	0.493	-0.007	-0.011	
25.17	0.492	-0.007	0.001	
25.20	0.492	-0.006	0.000	
25.23	0.492	-0.007	0.000	
25.27	0.492	-0.007	0.018	
25.30	0.492	-0.006	0.026	
25.33	0.492	-0.005	0.023	
25.37	0.491	-0.004	0.012	
25.40	0.491	-0.004	0.010	
25.43	0.491	-0.004	0.034	
25.47	0.491	-0.001	0.041	
25.50	0.491	-0.001	0.043	
25.53	0.491	0.002	0.037	
25.57	0.491	0.002	0.009	
25.60	0.491	0.002	-0.014	
25.63	0.491	0.001	-0.016	
25.67	0.491	0.000	0.000	
25.70	0.491	0.001	0.018	
25.73	0.491	0.002	0.021	
25.77	0.491	0.002	0.012	
25.80	0.491	0.003	0.008	
25.83	0.492	0.003	0.008	
25.87	0.491	0.003	0.012	
25.90	0.492	0.004	0.003	
25.93	0.492	0.003	-0.004	
25.97	0.492	0.003	0.005	
26.00	0.492	0.004	0.001	
26.03	0.492	0.003	-0.001	
26.07	0.492	0.003	0.011	
26.10	0.492	0.004	0.008	
26.13	0.492	0.004	-0.011	
26.17	0.493	0.003	-0.017	
26.20	0.493	0.003	-0.007	
26.23	0.493	0.003	0.003	
26.27	0.493	0.003	0.010	
26.30	0.493	0.004	-0.001	
26.33	0.493	0.003	-0.014	
26.37	0.493	0.003	-0.014	
26.40	0.493	0.002	-0.014	
26.43	0.493	0.001	0.001	
26.47	0.493	0.002	0.017	
26.50	0.494	0.003	0.017	
26.53	0.493	0.003	0.013	
26.57	0.494	0.005	-0.026	
26.60	0.494	0.001	-0.056	
26.63	0.494	-0.000	-0.052	
26.67	0.494	-0.002	-0.044	
26.70	0.494	-0.003	-0.033	
26.73	0.494	-0.004	-0.020	
26.77	0.493	-0.005	-0.005	
26.80	0.493	-0.004	-0.015	
26.83	0.493	-0.005	-0.030	
26.87	0.493	-0.007	-0.019	
26.90	0.493	-0.007	0.003	
26.93	0.493	-0.006	0.003	
26.97	0.492	-0.006	-0.018	
27.00	0.492	-0.008	-0.026	
27.03	0.492	-0.009	-0.003	
27.07	0.492	-0.008	0.018	
27.10	0.491	-0.006	0.010	
27.13	0.491	-0.007	0.004	
27.17	0.491	-0.007	0.017	
27.20	0.491	-0.006	0.023	
27.23	0.490	-0.005	0.023	
27.27	0.490	-0.005	0.031	
27.30	0.490	-0.003	0.039	
27.33	0.490	-0.002	0.046	
27.37	0.490	0.000	0.053	
27.40	0.490	0.002	0.047	
27.43	0.490	0.003	0.043	
27.47	0.490	0.005	0.043	
27.50	0.490	0.006	0.048	
27.53	0.491	0.008	0.052	
27.57	0.491	0.010	0.037	
27.60	0.491	0.011	0.001	
27.63	0.492	0.009	-0.017	
27.67	0.492	0.009	-0.018	
27.70	0.492	0.008	-0.018	
27.73	0.492	0.008	-0.009	
27.77	0.493	0.008	-0.004	
27.80	0.493	0.008	-0.002	
27.83	0.493	0.008	-0.004	
27.87	0.493	0.008	-0.012	
27.90	0.494	0.007	-0.024	
27.93	0.494	0.006	-0.031	
27.97	0.494	0.005	-0.037	
28.00	0.494	0.004	-0.056	
28.03	0.495	0.001	-0.057	
28.07	0.494	-0.001	-0.028	
28.10	0.494	-0.001	-0.015	
28.13	0.494	-0.001	-0.036	
28.17	0.494	-0.003	-0.062	
28.20	0.494	-0.006	-0.070	
28.23	0.494	-0.009	-0.041	
28.27	0.493	-0.009	0.005	
28.30	0.493	-0.007	0.012	
28.33	0.493	-0.007	-0.005	
28.37	0.493	-0.008	-0.010	
28.40	0.493	-0.008	-0.013	
28.43	0.492	-0.009	-0.001	
28.47	0.492	-0.008	0.011	
28.50	0.492	-0.008	0.010	
28.53	0.491	-0.008	0.018	
28.57	0.491	-0.007	0.038	
28.60	0.491	-0.006	0.066	
28.63	0.491	-0.001	0.044	
28.67	0.491	-0.002	0.002	
28.70	0.491	-0.002	-0.002	
28.73	0.491	-0.002	0.006	
28.77	0.490	-0.002	0.022	
28.80	0.491	-0.001	0.027	
28.83	0.490	0.000	0.027	
28.87	0.491	0.001	0.037	
28.90	0.490	0.003	0.042	
28.93	0.491	0.004	0.026	
28.97	0.491	0.005	0.004	
29.00	0.491	0.004	0.002	
29.03	0.491	0.005	0.005	
29.07	0.492	0.005	-0.004	
29.10	0.491	0.004	0.003	
29.13	0.492	0.005	0.008	
29.17	0.492	0.005	-0.003	
29.20	0.492	0.005	-0.015	
29.23	0.492	0.003	-0.014	
29.27	0.492	0.003	-0.000	
29.30	0.492	0.004	-0.004	
29.33	0.493	0.003	-0.012	
29.37	0.492	0.003	-0.007	
29.40	0.493	0.003	-0.003	
29.43	0.493	0.003	-0.000	
29.47	0.493	0.003	0.002	
29.50	0.493	0.003	0.010	
29.53	0.493	0.003	0.021	
29.57	0.493	0.004	0.029	
29.60	0.493	0.007	-0.007	
29.63	0.494	0.003	-0.044	
29.67	0.493	0.002	-0.026	
29.70	0.494	0.002	-0.010	
29.73	0.494	0.002	-0.017	
29.77	0.494	0.001	-0.019	
29.80	0.494	0.000	-0.011	
29.83	0.494	0.000	-0.004	
29.87	0.494	0.000	-0.002	
29.90	0.494	0.000	-0.004	
29.93	0.494	-0.000	-0.012	
29.97	0.494	-0.001	-0.024	
30.00	0.494	-0.002	-0.030	
30.03	0.494	-0.003	-0.030	
30.07	0.493	-0.004	-0.037	
30.10	0.493	-0.006	-0.023	
30.13	0.493	-0.005	-0.001	
30.17	0.493	-0.005	-0.001	
30.20	0.493	-0.005	-0.008	
30.23	0.493	-0.006	-0.018	
30.27	0.492	-0.007	-0.011	
30.30	0.492	-0.007	0.008	
30.33	0.492	-0.006	0.011	
30.37	0.492	-0.006	-0.001	
30.40	0.491	-0.007	0.001	
30.43	0.491	-0.006	0.005	
30.47	0.491	-0.006	0.002	
30.50	0.491	-0.006	0.021	
30.53	0.490	-0.005	0.055	
30.57	0.491	-0.002	0.074	
30.60	0.490	0.001	0.073	
30.63	0.491	0.004	0.028	
30.67	0.491	0.002	-0.004	
30.70	0.491	0.002	0.007	
30.73	0.491	0.003	0.017	
30.77	0.491	0.003	0.035	
30.80	0.491	0.005	0.045	
30.83	0.491	0.007	0.034	
30.87	0.492	0.008	0.016	
30.90	0.492	0.008	0.009	
30.93	0.492	0.008	0.011	
30.97	0.492	0.008	0.017	
31.00	0.493	0.010	0.008	
31.03	0.493	0.009	-0.018	
31.07	0.493	0.008	-0.030	
31.10	0.493	0.006	-0.015	
31.13	0.494	0.007	-0.005	
31.17	0.494	0.007	-0.020	
31.20	0.494	0.006	-0.030	
31.23	0.494	0.005	-0.034	
31.27	0.495	0.003	-0.031	
31.30	0.494	0.003	-0.028	
31.33	0.495	0.002	-0.038	
31.37	0.495	0.000	-0.046	
31.40	0.495	-0.002	-0.039	
31.43	0.494	-0.003	-0.032	
31.47	0.495	-0.003	-0.043	
31.50	0.494	-0.005	-0.055	
31.53	0.494	-0.008	-0.049	
31.57	0.494	-0.009	-0.016	
31.60	0.494	-0.009	0.026	
31.63	0.493	-0.007	0.045	
31.67	0.493	-0.004	-0.000	
31.70	0.493	-0.007	-0.046	
31.73	0.493	-0.009	-0.027	
31.77	0.492	-0.009	0.012	
31.80	0.492	-0.008	0.035	
31.83	0.492	-0.006	0.026	
31.87	0.492	-0.006	0.009	
31.90	0.492	-0.006	0.016	
31.93	0.491	-0.005	0.035	
31.97	0.491	-0.003	0.034	
32.00	0.491	-0.003	0.026	
32.03	0.491	-0.002	0.028	
32.07	0.491	-0.001	0.027	
32.10	0.491	0.000	0.024	
32.13	0.491	0.001	0.030	
32.17	0.491	0.002	0.034	
32.20	0.491	0.003	0.034	
32.23	0.491	0.005	0.026	
32.27	0.491	0.005	0.012	
32.30	0.492	0.005	0.003	
32.33	0.492	0.005	-0.003	
32.37	0.492	0.005	-0.010	
32.40	0.492	0.005	-0.018	
32.43	0.492	0.003	-0.012	
32.47	0.492	0.003	0.008	
32.50	0.492	0.004	0.012	
32.53	0.492	0.005	0.005	
32.57	0.493	0.004	0.011	
32.60	0.493	0.005	0.015	
32.63	0.493	0.007	-0.026	
32.67	0.493	0.003	-0.040	
32.70	0.493	0.003	-0.014	
32.73	0.493	0.002	-0.004	
32.77	0.493	0.003	-0.003	
32.80	0.494	0.002	-0.011	
32.83	0.493	0.002	-0.022	
32.87	0.494	0.001	-0.022	
32.90	0.493	0.000	-0.012	
32.93	0.494	0.000	-0.008	
32.97	0.493	-0.000	-0.008	
33.00	0.494	-0.000	-0.012	
33.03	0.493	-0.001	-0.004	
33.07	0.494	-0.001	-0.000	
33.10	0.493	-0.001	-0.014	
33.13	0.494	-0.002	-0.015	
33.17	0.493	-0.002	-0.000	
33.20	0.493	-0.002	0.014	
33.23	0.493	-0.001	0.009	
33.27	0.493	-0.001	-0.015	
33.30	0.493	-0.002	-0.029	
33.33	0.493	-0.003	-0.029	
33.37	0.493	-0.004	-0.020	
33.40	0.493	-0.005	-0.005	
33.43	0.493	-0.004	-0.011	
33.47	0.493	-0.005	-0.019	
33.50	0.492	-0.006	-0.001	
33.53	0.492	-0.005	0.016	
33.57	0.492	-0.004	0.006	
33.60	0.492	-0.005	-0.004	
33.63	0.492	-0.006	0.015	
33.67	0.492	-0.003	0.008	
33.70	0.492	-0.004	-0.011	
33.73	0.491	-0.005	0.000	
33.77	0.491	-0.005	0.016	
33.80	0.491	-0.003	0.022	
33.83	0.491	-0.003	0.016	
33.87	0.491	-0.002	0.020	
33.90	0.491	-0.002	0.034	
33.93	0.490	0.000	0.045	
33.97	0.491	0.002	0.034	
34.00	0.491	0.002	0.020	
34.03	0.491	0.003	0.020	
34.07	0.491	0.003	0.034	
34.10	0.491	0.005	0.044	
34.13	0.491	0.007	0.033	
34.17	0.492	0.008	0.015	
34.20	0.492	0.008	0.005	
34.23	0.492	0.008	0.001	
34.27	0.492	0.008	0.000	
34.30	0.493	0.008	0.000	
34.33	0.493	0.008	0.000	
34.37	0.493	0.008	-0.000	
34.40	0.493	0.008	-0.002	
34.43	0.494	0.008	-0.008	
34.47	0.494	0.007	-0.023	
34.50	0.494	0.007	-0.044	
34.53	0.494	0.004	-0.043	
34.57	0.494	0.003	-0.024	
34.60	0.494	0.003	-0.021	
34.63	0.495	0.003	-0.051	
34.67	0.495	-0.001	-0.070	
34.70	0.494	-0.003	-0.060	
34.73	0.495	-0.005	-0.050	
34.77	0.494	-0.007	-0.028	
34.80	0.494	-0.006	-0.023	
34.83	0.494	-0.008	-0.028	
34.87	0.494	-0.009	-0.012	
34.90	0.493	-0.008	-0.003	
34.93	0.493	-0.008	-0.012	
34.97	0.493	-0.010	-0.008	
35.00	0.492	-0.010	0.008	
35.03	0.492	-0.008	0.012	
35.07	0.492	-0.008	0.003	
35.10	0.491	-0.009	0.011	
35.13	0.491	-0.008	0.024	
35.17	0.491	-0.006	0.016	
35.20	0.491	-0.007	0.018	
35.23	0.490	-0.006	0.045	
35.27	0.490	-0.003	0.054	
35.30	0.490	-0.001	0.030	
35.33	0.490	-0.002	0.020	
35.37	0.490	-0.001	0.040	
35.40	0.490	0.001	0.045	
35.43	0.490	0.002	0.033	
35.47	0.490	0.003	0.030	
35.50	0.490	0.005	0.024	
35.53	0.491	0.005	0.013	
35.57	0.491	0.005	0.011	
35.60	0.491	0.005	0.016	
35.63	0.491	0.006	0.026	
35.67	0.491	0.008	0.010	
35.70	0.492	0.007	-0.004	
35.73	0.492	0.007	-0.004	
35.77	0.492	0.007	-0.018	
35.80	0.492	0.006	-0.024	
35.83	0.493	0.005	-0.022	
35.87	0.493	0.005	-0.026	
35.90	0.493	0.003	-0.023	
35.93	0.493	0.003	-0.012	
35.97	0.493	0.003	-0.008	
36.00	0.493	0.002	-0.012	
36.03	0.493	0.002	-0.022	
36.07	0.493	0.001	-0.022	
36.10	0.493	0.000	-0.011	
36.13	0.493	0.000	-0.005	
36.17	0.493	0.000	-0.005	
36.20	0.493	-0.000	-0.011	
36.23	0.493	-0.001	-0.019	
36.27	0.493	-0.002	-0.015	
36.30	0.493	-0.002	-0.000	
36.33	0.493	-0.001	-0.004	
36.37	0.493	-0.002	-0.012	
36.40	0.493	-0.002	-0.008	
36.43	0.493	-0.003	-0.007	
36.47	0.493	-0.003	-0.008	
36.50	0.493	-0.003	-0.010	
36.53	0.492	-0.004	0.007	
36.57	0.492	-0.003	0.025	
36.60	0.492	-0.002	0.029	
36.63	0.492	0.000	0.003	
36.67	0.492	-0.002	-0.022	
36.70	0.492	-0.002	-0.017	
36.73	0.492	-0.003	-0.012	
36.77	0.492	-0.003	-0.006	
36.80	0.492	-0.004	0.013	
36.83	0.492	-0.002	0.025	
36.87	0.492	-0.000	-0.011	
36.90	0.492	-0.003	-0.048	
36.93	0.492	-0.006	-0.028	
36.97	0.491	-0.005	0.009	
37.00	0.491	-0.004	0.016	
37.03	0.491	-0.004	0.021	
37.07	0.491	-0.003	0.027	
37.10	0.491	-0.001	0.012	
37.13	0.491	-0.002	0.004	
37.17	0.491	-0.002	0.017	
37.20	0.491	-0.001	0.027	
37.23	0.491	0.000	0.032	
37.27	0.491	0.001	0.042	
37.30	0.491	0.004	0.032	
37.33	0.491	0.004	0.005	
37.37	0.491	0.002	0.016	
37.40	0.491	0.005	0.038	
37.43	0.491	0.006	0.022	
37.47	0.492	0.006	0.010	
37.50	0.492	0.007	0.008	
37.53	0.492	0.006	0.018	
37.57	0.492	0.007	0.043	
37.60	0.493	0.011	0.011	
37.63	0.493	0.008	-0.034	
37.67	0.493	0.007	-0.026	
37.70	0.493	0.007	-0.020	
37.73	0.494	0.006	-0.036	
37.77	0.494	0.004	-0.035	
37.80	0.494	0.003	-0.015	
37.83	0.494	0.004	-0.020	
37.87	0.494	0.002	-0.039	
37.90	0.494	0.001	-0.042	
37.93	0.494	-0.000	-0.042	
37.97	0.494	-0.002	-0.042	
38.00	0.494	-0.003	-0.042	
38.03	0.494	-0.005	-0.038	
38.07	0.494	-0.006	-0.016	
38.10	0.494	-0.006	-0.005	
38.13	0.493	-0.006	-0.016	
38.17	0.493	-0.007	-0.019	
38.20	0.493	-0.008	-0.012	
38.23	0.493	-0.008	-0.009	
38.27	0.492	-0.008	-0.015	
38.30	0.492	-0.008	-0.028	
38.33	0.492	-0.010	-0.025	
38.37	0.492	-0.011	0.011	
38.40	0.491	-0.010	0.051	
38.43	0.491	-0.006	0.051	
38.47	0.490	-0.005	0.027	
38.50	0.490	-0.005	0.016	
38.53	0.490	-0.005	0.028	
38.57	0.490	-0.004	0.059	
38.60	0.490	-0.001	0.089	
38.63	0.490	0.004	0.061	
38.67	0.490	0.003	0.020	
38.70	0.490	0.004	0.028	
38.73	0.490	0.005	0.035	
38.77	0.490	0.007	0.023	
38.80	0.491	0.007	0.002	
38.83	0.491	0.006	0.009	
38.87	0.491	0.007	0.039	
38.90	0.491	0.010	0.042	
38.93	0.492	0.011	-0.004	
38.97	0.492	0.009	-0.052	
39.00	0.493	0.006	-0.052	
39.03	0.493	0.004	-0.004	
39.07	0.493	0.006	0.041	
39.10	0.493	0.009	0.034	
39.13	0.494	0.009	-0.008	
39.17	0.494	0.008	-0.036	
39.20	0.494	0.006	-0.037	
39.23	0.494	0.005	-0.031	
39.27	0.494	0.004	-0.041	
39.30	0.494	0.002	-0.048	
39.33	0.495	0.000	-0.035	
39.37	0.494	-0.001	-0.002	
39.40	0.494	0.001	0.005	
39.43	0.494	0.001	-0.027	
39.47	0.495	-0.001	-0.039	
39.50	0.494	-0.002	-0.023	
39.53	0.494	-0.003	-0.009	
39.57	0.494	-0.003	0.006	
39.60	0.494	-0.001	-0.015	
39.63	0.494	-0.004	-0.037	
39.67	0.494	-0.006	-0.003	
39.70	0.494	-0.004	0.016	
39.73	0.494	-0.003	0.005	
39.77	0.494	-0.004	0.004	
39.80	0.493	-0.003	0.006	
39.83	0.493	-0.003	-0.000	
39.87	0.493	-0.004	0.010	
39.90	0.493	-0.003	0.018	
39.93	0.493	-0.001	-0.004	
39.97	0.493	-0.003	-0.029	
40.00	0.493	-0.004	-0.024	
40.03	0.493	-0.005	0.000	
40.07	0.492	-0.004	0.024	
40.10	0.492	-0.003	0.032	
40.13	0.492	-0.001	0.011	
40.17	0.492	-0.002	-0.007	
40.20	0.492	-0.002	-0.007	
40.23	0.492	-0.003	-0.007	
40.27	0.492	-0.003	-0.011	
40.30	0.492	-0.003	-0.016	
40.33	0.492	-0.004	-0.003	
40.37	0.492	-0.004	0.033	
40.40	0.491	-0.002	0.059	
40.43	0.492	0.001	0.049	
40.47	0.492	0.002	0.023	
40.50	0.492	0.001	0.024	
40.53	0.492	0.003	0.038	
40.57	0.492	0.005	0.019	
40.60	0.492	0.004	0.004	
40.63	0.492	0.005	0.008	
40.67	0.492	0.005	0.001	
40.70	0.492	0.005	-0.007	
40.73	0.493	0.005	-0.014	
40.77	0.493	0.003	-0.003	
40.80	0.493	0.004	0.022	
40.83	0.493	0.006	0.021	
40.87	0.493	0.006	0.007	
40.90	0.493	0.006	0.008	
40.93	0.494	0.007	-0.003	
40.97	0.494	0.006	-0.012	
41.00	0.494	0.005	-0.008	
41.03	0.494	0.005	-0.008	
41.07	0.494	0.005	-0.016	
41.10	0.494	0.004	-0.033	
41.13	0.495	0.003	-0.041	
41.17	0.495	0.001	-0.028	
41.20	0.495	0.001	-0.014	
41.23	0.495	0.001	-0.032	
41.27	0.495	-0.001	-0.067	
41.30	0.495	-0.004	-0.074	
41.33	0.495	-0.007	-0.048	
41.37	0.494	-0.008	-0.020	
41.40	0.494	-0.008	-0.006	
41.43	0.494	-0.008	-0.001	
41.47	0.494	-0.008	0.001	
41.50	0.493	-0.008	0.006	
41.53	0.493	-0.007	0.010	
41.57	0.493	-0.007	0.010	
41.60	0.493	-0.005	-0.021	
41.63	0.492	-0.009	-0.039	
41.67	0.492	-0.010	-0.010	
41.70	0.492	-0.010	0.023	
41.73	0.491	-0.008	0.042	
41.77	0.491	-0.006	0.033	
41.80	0.491	-0.005	0.017	
41.83	0.491	-0.005	0.014	
41.87	0.490	-0.005	0.028	
41.90	0.490	-0.004	0.057	
41.93	0.490	-0.001	0.071	
41.97	0.490	0.002	0.056	
42.00	0.490	0.003	0.043	
42.03	0.491	0.005	0.032	
42.07	0.491	0.005	0.024	
42.10	0.491	0.006	0.027	
42.13	0.491	0.007	0.026	
42.17	0.492	0.008	0.018	
42.20	0.492	0.008	0.012	
42.23	0.492	0.009	-0.006	
42.27	0.492	0.008	-0.022	
42.30	0.493	0.006	-0.011	
42.33	0.493	0.007	-0.004	
42.37	0.493	0.007	-0.017	
42.40	0.493	0.006	-0.023	
42.43	0.493	0.005	-0.020	
42.47	0.493	0.005	-0.017	
42.50	0.494	0.004	-0.006	
42.53	0.494	0.004	0.010	
42.57	0.494	0.006	-0.027	
42.60	0.494	0.002	-0.060	
42.63	0.494	0.000	-0.044	
42.67	0.494	-0.001	-0.036	
42.70	0.494	-0.002	-0.025	
42.73	0.494	-0.002	-0.012	
42.77	0.494	-0.003	-0.005	
42.80	0.494	-0.003	-0.005	
42.83	0.494	-0.003	-0.011	
42.87	0.494	-0.003	-0.018	
42.90	0.493	-0.004	-0.012	
42.93	0.493	-0.004	0.007	
42.97	0.493	-0.003	0.007	
43.00	0.493	-0.003	-0.011	
43.03	0.493	-0.005	-0.013	
43.07	0.493	-0.005	0.003	
43.10	0.493	-0.004	0.021	
43.13	0.493	-0.003	0.022	
43.17	0.492	-0.002	-0.004	
43.20	0.493	-0.004	-0.011	
43.23	0.492	-0.004	0.011	
43.27	0.492	-0.002	0.004	
43.30	0.492	-0.003	-0.018	
43.33	0.492	-0.004	-0.011	
43.37	0.492	-0.004	0.016	
43.40	0.492	-0.003	0.030	
43.43	0.492	-0.001	0.021	
43.47	0.492	-0.002	0.018	
43.50	0.491	-0.001	0.034	
43.53	0.492	0.002	0.009	
43.57	0.492	0.000	-0.026	
43.60	0.492	-0.001	-0.015	
43.63	0.492	-0.001	0.013	
43.67	0.491	0.001	0.010	
43.70	0.492	-0.000	-0.007	
43.73	0.491	-0.001	0.007	
43.77	0.492	0.000	0.026	
43.80	0.491	0.002	0.018	
43.83	0.492	0.002	-0.003	
43.87	0.492	0.001	-0.002	
43.90	0.492	0.001	0.023	
43.93	0.492	0.003	0.040	
43.97	0.492	0.004	0.033	
44.00	0.492	0.005	0.015	
44.03	0.492	0.005	0.005	
44.07	0.492	0.005	0.001	
44.10	0.493	0.005	-0.001	
44.13	0.493	0.005	-0.004	
44.17	0.493	0.005	-0.010	
44.20	0.493	0.005	-0.018	
44.23	0.493	0.003	-0.012	
44.27	0.493	0.003	0.007	
44.30	0.493	0.004	0.007	
44.33	0.493	0.004	-0.012	
44.37	0.494	0.003	-0.020	
44.40	0.494	0.003	-0.011	
44.43	0.494	0.002	-0.002	
44.47	0.494	0.002	0.012	
44.50	0.494	0.005	-0.016	
44.53	0.494	0.002	-0.070	
44.57	0.494	-0.002	-0.078	
44.60	0.494	-0.004	-0.052	
44.63	0.494	-0.005	-0.025	
44.67	0.494	-0.005	-0.018	
44.70	0.493	-0.006	-0.024	
44.73	0.493	-0.007	-0.026	
44.77	0.493	-0.008	-0.019	
44.80	0.493	-0.008	-0.016	
44.83	0.492	-0.009	-0.005	
44.87	0.492	-0.008	-0.001	
44.90	0.492	-0.008	-0.015	
44.93	0.492	-0.010	-0.018	
44.97	0.491	-0.010	-0.005	
45.00	0.491	-0.010	0.016	
45.03	0.490	-0.009	0.044	
45.07	0.490	-0.007	0.067	
45.10	0.490	-0.004	0.060	
45.13	0.490	-0.003	0.039	
45.17	0.490	-0.002	0.035	
45.20	0.490	-0.000	0.035	
45.23	0.490	0.000	0.031	
45.27	0.490	0.002	0.024	
45.30	0.490	0.002	0.016	
45.33	0.490	0.002	0.036	
45.37	0.490	0.005	0.056	
45.40	0.490	0.007	0.048	
45.43	0.490	0.007	0.051	
45.47	0.491	0.011	0.035	
45.50	0.491	0.010	-0.003	
45.53	0.492	0.010	-0.022	
45.57	0.492	0.008	-0.023	
45.60	0.492	0.008	-0.010	
45.63	0.493	0.008	-0.003	
45.67	0.493	0.008	-0.009	
45.70	0.493	0.008	-0.041	
45.73	0.493	0.005	-0.066	
45.77	0.493	0.002	-0.040	
45.80	0.493	0.002	-0.005	
45.83	0.494	0.003	0.007	
45.87	0.493	0.003	0.006	
45.90	0.494	0.004	-0.018	
45.93	0.494	0.002	-0.045	
45.97	0.494	-0.001	-0.038	
46.00	0.494	-0.001	-0.027	
46.03	0.494	-0.001	-0.043	
46.07	0.494	-0.004	-0.045	
46.10	0.494	-0.005	-0.029	
46.13	0.493	-0.006	-0.020	
46.17	0.493	-0.007	-0.006	
46.20	0.493	-0.006	-0.001	
46.23	0.493	-0.006	-0.014	
46.27	0.492	-0.007	-0.014	
46.30	0.492	-0.007	0.002	
46.33	0.492	-0.007	0.026	
46.37	0.492	-0.005	0.040	
46.40	0.492	-0.004	0.043	
46.43	0.492	-0.002	0.023	
46.47	0.492	-0.002	-0.005	
46.50	0.491	-0.003	-0.010	
46.53	0.491	-0.004	0.005	
46.57	0.491	-0.003	0.024	
46.60	0.491	-0.001	0.022	
46.63	0.491	-0.002	0.027	
46.67	0.491	-0.000	0.049	
46.70	0.491	0.004	0.015	
46.73	0.492	0.002	-0.044	
46.77	0.491	-0.002	-0.028	
46.80	0.491	-0.001	0.005	
46.83	0.491	-0.000	0.009	
46.87	0.491	0.000	0.006	
46.90	0.491	0.000	0.005	
46.93	0.491	0.000	0.011	
46.97	0.491	0.001	0.019	
47.00	0.491	0.002	0.015	
47.03	0.491	0.002	0.000	
47.07	0.491	0.001	0.004	
47.10	0.491	0.002	0.012	
47.13	0.492	0.002	0.007	
47.17	0.491	0.003	0.004	
47.20	0.492	0.003	0.005	
47.23	0.492	0.003	0.011	
47.27	0.492	0.003	0.021	
47.30	0.492	0.004	0.026	
47.33	0.492	0.005	0.025	
47.37	0.492	0.005	0.043	
47.40	0.492	0.009	0.018	
47.43	0.493	0.008	-0.036	
47.47	0.493	0.005	-0.047	
47.50	0.493	0.003	-0.028	
47.53	0.493	0.003	0.001	
47.57	0.493	0.004	0.006	
47.60	0.493	0.004	-0.009	
47.63	0.494	0.003	-0.012	
47.67	0.494	0.003	-0.004	
47.70	0.494	0.004	-0.016	
47.73	0.494	0.002	-0.039	
47.77	0.494	0.001	-0.044	
47.80	0.494	-0.001	-0.044	
47.83	0.494	-0.002	-0.039	
47.87	0.494	-0.004	-0.020	
47.90	0.494	-0.003	-0.011	
47.93	0.494	-0.004	-0.023	
47.97	0.494	-0.006	-0.013	
48.00	0.493	-0.005	0.006	
48.03	0.493	-0.004	-0.012	
48.07	0.493	-0.005	-0.041	
48.10	0.493	-0.008	-0.045	
48.13	0.492	-0.009	-0.018	
48.17	0.492	-0.009	0.025	
48.20	0.492	-0.007	0.053	
48.23	0.492	-0.004	0.036	
48.27	0.492	-0.005	0.007	
48.30	0.491	-0.004	-0.012	
48.33	0.491	-0.006	-0.003	
48.37	0.491	-0.006	0.041	
48.40	0.491	-0.002	0.045	
48.43	0.491	-0.001	0.014	
48.47	0.491	-0.003	0.020	
48.50	0.490	-0.000	0.041	
48.53	0.491	0.001	0.034	
48.57	0.491	0.001	0.040	
48.60	0.491	0.003	0.058	
48.63	0.491	0.006	0.049	
48.67	0.491	0.007	0.025	
48.70	0.491	0.007	0.024	
48.73	0.492	0.009	0.017	
48.77	0.492	0.009	-0.009	
48.80	0.492	0.007	0.001	
48.83	0.492	0.008	0.033	
48.87	0.493	0.010	0.040	
48.90	0.493	0.012	0.017	
48.93	0.494	0.012	-0.018	
48.97	0.494	0.009	-0.025	
49.00	0.494	0.010	-0.020	
49.03	0.495	0.009	-0.040	
49.07	0.495	0.007	-0.051	
49.10	0.495	0.006	-0.066	
49.13	0.495	0.002	-0.083	
49.17	0.495	-0.001	-0.055	
49.20	0.495	-0.002	-0.010	
49.23	0.495	-0.001	0.018	
49.27	0.495	0.002	-0.013	
49.30	0.495	-0.002	-0.056	
49.33	0.495	-0.004	-0.047	
49.37	0.495	-0.005	-0.029	
49.40	0.495	-0.006	-0.018	
49.43	0.495	-0.007	-0.005	
49.47	0.494	-0.006	-0.000	
49.50	0.494	-0.006	-0.013	
49.53	0.494	-0.007	-0.011	
49.57	0.494	-0.007	0.010	
49.60	0.493	-0.007	0.033	
49.63	0.493	-0.004	0.026	
49.67	0.493	-0.004	-0.007	
49.70	0.493	-0.006	-0.007	
49.73	0.493	-0.005	0.012	
49.77	0.493	-0.004	0.004	
49.80	0.492	-0.005	-0.003	
49.83	0.492	-0.005	0.008	
49.87	0.492	-0.004	0.027	
49.90	0.492	-0.003	0.037	
49.93	0.492	-0.001	0.025	
49.97	0.492	-0.001	0.019	
50.00	0.492	-0.000	0.017	
50.03	0.492	0.001	-0.006	
50.07	0.492	-0.001	-0.007	
50.10	0.492	-0.001	0.028	
50.13	0.492	0.001	0.044	
50.17	0.492	0.003	0.035	
50.20	0.492	0.003	0.029	
50.23	0.492	0.005	-0.002	
50.27	0.492	0.003	-0.029	
50.30	0.492	0.002	-0.026	
50.33	0.493	0.001	-0.011	
50.37	0.492	0.002	-0.001	
50.40	0.493	0.002	-0.010	
50.43	0.493	0.001	-0.004	
50.47	0.493	0.001	0.018	
50.50	0.493	0.002	0.026	
50.53	0.493	0.004	0.003	
50.57	0.493	0.003	-0.018	
50.60	0.493	0.001	-0.006	
50.63	0.493	0.002	0.008	
50.67	0.493	0.002	0.007	
50.70	0.493	0.003	0.007	
50.73	0.493	0.003	0.011	
50.77	0.493	0.003	0.017	
50.80	0.494	0.004	0.008	
50.83	0.494	0.004	-0.018	
50.87	0.494	0.003	-0.030	
50.90	0.494	0.001	-0.015	
50.93	0.494	0.002	-0.005	
50.97	0.494	0.002	-0.017	
51.00	0.494	0.001	-0.023	
51.03	0.494	0.000	-0.022	
51.07	0.494	-0.001	-0.026	
51.10	0.494	-0.002	-0.020	
51.13	0.494	-0.002	-0.008	
51.17	0.494	-0.002	-0.005	
51.20	0.494	-0.002	-0.023	
51.23	0.494	-0.004	-0.033	
51.27	0.493	-0.005	-0.019	
51.30	0.493	-0.005	-0.012	
51.33	0.493	-0.005	-0.013	
51.37	0.493	-0.006	-0.023	
51.40	0.493	-0.007	-0.025	
51.43	0.493	-0.008	-0.018	
51.47	0.492	-0.008	-0.015	
51.50	0.492	-0.009	0.000	
51.53	0.492	-0.008	0.015	
51.57	0.492	-0.008	0.019	
51.60	0.491	-0.007	0.026	
51.63	0.491	-0.006	0.028	
51.67	0.491	-0.005	0.027	
51.70	0.491	-0.004	0.038	
51.73	0.490	-0.003	0.046	
51.77	0.490	-0.001	0.039	
51.80	0.490	0.000	0.031	
51.83	0.490	0.001	0.038	
51.87	0.490	0.003	0.045	
51.90	0.491	0.004	0.035	
51.93	0.491	0.005	0.021	
51.97	0.491	0.005	0.021	
52.00	0.491	0.006	0.037	
52.03	0.491	0.008	0.048	
52.07	0.492	0.010	0.036	
52.10	0.492	0.011	0.000	
52.13	0.492	0.009	-0.017	
52.17	0.493	0.009	-0.018	
52.20	0.493	0.008	-0.018	
52.23	0.493	0.008	-0.010	
52.27	0.494	0.008	-0.009	
52.30	0.494	0.008	-0.016	
52.33	0.494	0.007	-0.034	
52.37	0.494	0.005	-0.045	
52.40	0.494	0.003	-0.038	
52.43	0.494	0.003	-0.028	
52.47	0.495	0.002	-0.033	
52.50	0.494	0.000	-0.042	
52.53	0.495	-0.001	-0.052	
52.57	0.494	-0.003	-0.061	
52.60	0.494	-0.006	-0.042	
52.63	0.494	-0.006	-0.022	
52.67	0.494	-0.006	-0.027	
52.70	0.494	-0.008	-0.009	
52.73	0.493	-0.007	0.021	
52.77	0.493	-0.006	0.020	
52.80	0.493	-0.005	-0.002	
52.83	0.493	-0.006	-0.028	
52.87	0.493	-0.008	-0.037	
52.90	0.492	-0.009	-0.011	
52.93	0.492	-0.009	0.032	
52.97	0.492	-0.007	0.061	
53.00	0.492	-0.003	0.033	
53.03	0.492	-0.004	-0.001	
53.07	0.491	-0.005	0.006	
53.10	0.491	-0.004	0.027	
53.13	0.491	-0.003	0.040	
53.17	0.491	-0.001	0.026	
53.20	0.491	-0.001	0.005	
53.23	0.491	-0.001	0.006	
53.27	0.491	-0.000	0.016	
53.30	0.491	0.000	0.019	
53.33	0.491	0.001	0.026	
53.37	0.491	0.002	0.027	
53.40	0.491	0.003	0.022	
53.43	0.491	0.003	0.022	
53.47	0.491	0.004	0.012	
53.50	0.492	0.004	-0.010	
53.53	0.491	0.003	-0.014	
53.57	0.492	0.003	-0.000	
53.60	0.492	0.003	0.014	
53.63	0.492	0.004	0.011	
53.67	0.492	0.004	-0.007	
53.70	0.492	0.003	-0.008	
53.73	0.492	0.003	0.008	
53.77	0.492	0.004	0.007	
53.80	0.492	0.004	-0.011	
53.83	0.493	0.003	-0.017	
53.87	0.493	0.003	-0.005	
53.90	0.493	0.003	0.007	
53.93	0.493	0.003	0.014	
53.97	0.493	0.005	-0.012	
54.00	0.493	0.002	-0.025	
54.03	0.493	0.002	-0.011	
54.07	0.493	0.002	-0.011	
54.10	0.493	0.001	-0.002	
54.13	0.493	0.002	0.000	
54.17	0.493	0.002	-0.015	
54.20	0.494	0.001	-0.019	
54.23	0.493	0.000	-0.011	
54.27	0.494	0.000	-0.005	
54.30	0.493	0.000	-0.005	
54.33	0.494	-0.000	-0.012	
54.37	0.493	-0.001	-0.023	
54.40	0.494	-0.002	-0.026	
54.43	0.493	-0.003	-0.022	
54.47	0.493	-0.003	-0.022	
54.50	0.493	-0.004	-0.013	
54.53	0.493	-0.004	0.006	
54.57	0.493	-0.003	0.006	
54.60	0.493	-0.003	-0.016	
54.63	0.493	-0.005	-0.029	
54.67	0.493	-0.006	-0.029	
54.70	0.492	-0.007	-0.019	
54.73	0.492	-0.007	0.001	
54.77	0.492	-0.006	0.006	
54.80	0.492	-0.007	0.011	
54.83	0.491	-0.006	0.030	
54.87	0.491	-0.003	0.011	
54.90	0.491	-0.006	-0.004	
54.93	0.491	-0.005	0.013	
54.97	0.491	-0.004	0.010	
55.00	0.490	-0.004	0.014	
55.03	0.490	-0.004	0.039	
55.07	0.490	-0.001	0.049	
55.10	0.490	0.000	0.044	
55.13	0.490	0.001	0.049	
55.17	0.490	0.004	0.040	
55.20	0.490	0.004	0.015	
55.23	0.491	0.004	0.016	
55.27	0.491	0.005	0.028	
55.30	0.491	0.007	0.022	
55.33	0.491	0.006	0.022	
55.37	0.492	0.008	0.027	
55.40	0.492	0.009	0.011	
55.43	0.492	0.008	-0.001	
55.47	0.492	0.008	0.000	
55.50	0.493	0.009	-0.015	
55.53	0.493	0.008	-0.034	
55.57	0.493	0.006	-0.029	
55.60	0.493	0.005	-0.015	
55.63	0.494	0.005	-0.004	
55.67	0.494	0.005	0.001	
55.70	0.494	0.005	-0.001	
55.73	0.494	0.005	-0.013	
55.77	0.494	0.005	-0.049	
55.80	0.494	0.001	-0.071	
55.83	0.494	-0.000	-0.067	
55.87	0.494	-0.003	-0.067	
55.90	0.494	-0.005	-0.058	
55.93	0.494	-0.007	-0.037	
55.97	0.494	-0.008	-0.012	
56.00	0.494	-0.008	0.005	
56.03	0.493	-0.007	0.016	
56.07	0.493	-0.006	0.007	
56.10	0.493	-0.006	-0.021	
56.13	0.493	-0.008	-0.036	
56.17	0.492	-0.009	-0.021	
56.20	0.492	-0.010	0.007	
56.23	0.492	-0.008	0.018	
56.27	0.492	-0.008	0.015	
56.30	0.491	-0.008	0.019	
56.33	0.491	-0.007	0.031	
56.37	0.490	-0.005	0.038	
56.40	0.491	-0.004	0.026	
56.43	0.490	-0.004	0.024	
56.47	0.490	-0.003	0.033	
56.50	0.490	-0.001	0.028	
56.53	0.490	-0.001	0.039	
56.57	0.490	0.001	0.067	
56.60	0.490	0.004	0.067	
56.63	0.490	0.006	0.048	
56.67	0.491	0.008	0.009	
56.70	0.491	0.006	-0.020	
56.73	0.491	0.005	-0.014	
56.77	0.491	0.005	-0.007	
56.80	0.491	0.005	-0.001	
56.83	0.492	0.005	-0.000	
56.87	0.492	0.005	-0.000	
56.90	0.492	0.005	-0.001	
56.93	0.492	0.005	-0.004	
56.97	0.492	0.005	-0.011	
57.00	0.492	0.005	-0.022	
57.03	0.493	0.003	-0.022	
57.07	0.493	0.003	-0.012	
57.10	0.493	0.003	-0.008	
57.13	0.493	0.002	-0.012	
57.17	0.493	0.002	-0.022	
57.20	0.493	0.001	-0.022	
57.23	0.493	0.000	-0.011	
57.27	0.493	0.000	-0.004	
57.30	0.493	0.000	-0.001	
57.33	0.493	0.000	0.001	
57.37	0.493	0.000	0.003	
57.40	0.493	0.000	0.007	
57.43	0.493	0.000	0.011	
57.47	0.493	0.001	-0.000	
57.50	0.493	0.000	-0.013	
57.53	0.493	0.000	-0.008	
57.57	0.493	-0.000	-0.003	
57.60	0.493	-0.001	0.014	
57.63	0.493	0.002	-0.002	
57.67	0.493	-0.001	-0.022	
57.70	0.493	-0.000	-0.019	
57.73	0.493	-0.001	-0.033	
57.77	0.493	-0.003	-0.024	
57.80	0.493	-0.003	-0.008	
57.83	0.493	-0.003	-0.012	
57.87	0.493	-0.004	-0.007	
57.90	0.492	-0.004	-0.004	
57.93	0.493	-0.004	-0.002	
57.97	0.492	-0.004	0.006	
58.00	0.492	-0.003	-0.020	
58.03	0.492	-0.005	-0.047	
58.07	0.492	-0.008	-0.015	
58.10	0.491	-0.007	0.034	
58.13	0.491	-0.004	0.038	
58.17	0.491	-0.003	0.010	
58.20	0.491	-0.004	-0.002	
58.23	0.491	-0.004	-0.006	
58.27	0.491	-0.005	-0.007	
58.30	0.490	-0.005	0.009	
58.33	0.491	-0.004	0.017	
58.37	0.490	-0.004	0.038	
58.40	0.490	-0.002	0.075	
58.43	0.490	0.002	0.088	
58.47	0.490	0.005	0.070	
58.50	0.490	0.007	0.035	
58.53	0.491	0.008	-0.015	
58.57	0.491	0.005	-0.023	
58.60	0.491	0.005	0.008	
58.63	0.492	0.006	0.028	
58.67	0.492	0.008	0.031	
58.70	0.492	0.009	0.005	
58.73	0.492	0.008	-0.018	
58.77	0.493	0.006	-0.007	
58.80	0.493	0.007	0.003	
58.83	0.493	0.007	-0.008	
58.87	0.493	0.007	-0.027	
58.90	0.494	0.005	-0.037	
58.93	0.493	0.004	-0.027	
58.97	0.494	0.004	-0.028	
59.00	0.494	0.002	-0.042	
59.03	0.494	0.001	-0.041	
59.07	0.494	-0.000	-0.034	
59.10	0.494	-0.002	-0.021	
59.13	0.494	-0.002	-0.006	
59.17	0.494	-0.001	-0.020	
59.20	0.494	-0.003	-0.044	
59.23	0.494	-0.005	-0.047	
59.27	0.493	-0.007	-0.024	
59.30	0.493	-0.007	0.005	
59.33	0.493	-0.006	0.009	
59.37	0.493	-0.005	-0.027	
59.40	0.493	-0.008	-0.039	
59.43	0.492	-0.008	-0.025	
59.47	0.492	-0.010	-0.010	
59.50	0.491	-0.010	0.018	
59.53	0.491	-0.008	0.033	
59.57	0.491	-0.007	0.042	
59.60	0.491	-0.005	0.046	
59.63	0.490	-0.004	0.038	
59.67	0.491	-0.003	0.046	
59.70	0.490	-0.001	0.052	
59.73	0.491	0.001	0.028	
59.77	0.490	0.001	0.013	
59.80	0.491	0.002	0.012	
59.83	0.490	0.001	0.023	
59.87	0.491	0.003	0.038	
59.90	0.491	0.005	0.021	
59.93	0.491	0.004	0.019	
59.97	0.491	0.004	0.067	
60.00	0.491	0.010	0.116	
