Vernier Format 2
1.txt 1/28/2019 19:43:23
Run 1
Time	Position	Velocity	Acceleration	
T	P	V	A	
s	m	m/s	m/s^2	

0.00	0.498	-0.000	0.128	
0.03	0.498	0.002	0.151	
0.07	0.498	0.014	0.080	
0.10	0.500	0.014	-0.144	
0.13	0.499	-0.001	-0.225	
0.17	0.499	-0.007	-0.132	
0.20	0.499	-0.008	-0.081	
0.23	0.499	-0.009	-0.117	
0.27	0.498	-0.014	-0.192	
0.30	0.498	-0.028	-0.109	
0.33	0.496	-0.028	0.141	
0.37	0.496	-0.012	0.224	
0.40	0.495	-0.007	0.149	
0.43	0.495	-0.003	0.063	
0.47	0.495	-0.004	0.003	
0.50	0.495	-0.004	0.002	
0.53	0.495	-0.004	-0.001	
0.57	0.495	-0.005	0.003	
0.60	0.495	-0.004	0.026	
0.63	0.494	-0.003	0.041	
0.67	0.494	-0.001	0.033	
0.70	0.494	-0.000	0.016	
0.73	0.494	0.000	0.009	
0.77	0.494	0.000	0.012	
0.80	0.494	0.001	0.023	
0.83	0.494	0.002	0.028	
0.87	0.495	0.003	0.036	
0.90	0.494	0.003	0.082	
0.93	0.495	0.007	0.160	
0.97	0.495	0.013	0.231	
1.00	0.495	0.028	0.135	
1.03	0.497	0.028	-0.114	
1.07	0.498	0.014	-0.196	
1.10	0.498	0.009	-0.111	
1.13	0.498	0.008	-0.032	
1.17	0.498	0.008	0.019	
1.20	0.499	0.010	0.030	
1.23	0.499	0.011	0.017	
1.27	0.499	0.012	-0.035	
1.30	0.500	0.009	-0.101	
1.33	0.500	0.005	-0.144	
1.37	0.500	0.000	-0.186	
1.40	0.500	-0.013	-0.074	
1.43	0.499	-0.011	0.171	
1.47	0.499	0.012	0.070	
1.50	0.501	-0.000	-0.177	
1.53	0.499	-0.014	-0.081	
1.57	0.499	-0.006	0.025	
1.60	0.499	-0.006	0.059	
1.63	0.499	-0.005	0.123	
1.67	0.498	0.001	0.193	
1.70	0.498	0.014	0.092	
1.73	0.500	0.013	-0.162	
1.77	0.500	-0.003	-0.243	
1.80	0.499	-0.009	-0.183	
1.83	0.499	-0.012	-0.177	
1.87	0.499	-0.018	-0.215	
1.90	0.498	-0.031	-0.128	
1.93	0.496	-0.032	0.095	
1.97	0.496	-0.020	0.188	
2.00	0.495	-0.015	0.154	
2.03	0.495	-0.012	0.158	
2.07	0.494	-0.007	0.223	
2.10	0.494	0.004	0.249	
2.13	0.494	0.016	0.108	
2.17	0.496	0.014	-0.116	
2.20	0.496	0.001	-0.161	
2.23	0.495	-0.001	-0.061	
2.27	0.495	-0.001	0.007	
2.30	0.495	0.001	0.039	
2.33	0.495	0.003	0.040	
2.37	0.495	0.004	-0.007	
2.40	0.496	0.004	-0.092	
2.43	0.496	-0.001	-0.180	
2.47	0.496	-0.014	-0.110	
2.50	0.494	-0.015	0.130	
2.53	0.495	0.000	0.232	
2.57	0.495	0.007	0.155	
2.60	0.495	0.009	0.092	
2.63	0.495	0.010	0.118	
2.67	0.496	0.015	0.200	
2.70	0.496	0.030	0.115	
2.73	0.498	0.029	-0.134	
2.77	0.498	0.014	-0.210	
2.80	0.499	0.009	-0.128	
2.83	0.499	0.007	-0.056	
2.87	0.499	0.008	-0.070	
2.90	0.500	0.004	-0.157	
2.93	0.500	-0.002	-0.243	
2.97	0.500	-0.018	-0.163	
3.00	0.498	-0.019	0.095	
3.03	0.498	-0.005	0.181	
3.07	0.498	-0.001	0.096	
3.10	0.498	0.000	0.028	
3.13	0.498	-0.000	-0.008	
3.17	0.498	-0.002	-0.002	
3.20	0.498	-0.001	0.032	
3.23	0.498	-0.001	0.096	
3.27	0.498	0.004	0.178	
3.30	0.498	0.017	0.093	
3.33	0.499	0.016	-0.146	
3.37	0.499	0.001	-0.221	
3.40	0.499	-0.004	-0.143	
3.43	0.499	-0.007	-0.077	
3.47	0.499	-0.008	-0.066	
3.50	0.499	-0.009	-0.125	
3.53	0.498	-0.014	-0.210	
3.57	0.498	-0.029	-0.140	
3.60	0.496	-0.030	0.105	
3.63	0.495	-0.016	0.207	
3.67	0.495	-0.011	0.157	
3.70	0.495	-0.007	0.122	
3.73	0.495	-0.005	0.147	
3.77	0.494	0.001	0.218	
3.80	0.494	0.015	0.128	
3.83	0.496	0.015	-0.115	
3.87	0.496	0.001	-0.192	
3.90	0.495	-0.003	-0.099	
3.93	0.495	-0.004	-0.007	
3.97	0.495	-0.002	0.047	
4.00	0.495	-0.000	0.057	
4.03	0.495	0.002	0.039	
4.07	0.495	0.003	-0.008	
4.10	0.495	0.003	-0.090	
4.13	0.496	-0.002	-0.181	
4.17	0.496	-0.016	-0.079	
4.20	0.494	-0.013	0.192	
4.23	0.494	0.003	0.301	
4.27	0.495	0.011	0.279	
4.30	0.495	0.020	0.262	
4.33	0.496	0.033	0.109	
4.37	0.498	0.032	-0.171	
4.40	0.498	0.017	-0.322	
4.43	0.499	0.007	-0.341	
4.47	0.499	-0.010	-0.202	
4.50	0.497	-0.013	0.098	
4.53	0.498	0.004	0.189	
4.57	0.498	0.007	0.089	
4.60	0.498	0.008	0.024	
4.63	0.499	0.006	0.022	
4.67	0.499	0.008	0.060	
4.70	0.499	0.010	0.067	
4.73	0.499	0.018	-0.081	
4.77	0.501	0.011	-0.368	
4.80	0.501	-0.019	-0.312	
4.83	0.499	-0.022	0.094	
4.87	0.498	-0.006	0.324	
4.90	0.498	0.012	0.199	
4.93	0.500	0.013	-0.095	
4.97	0.500	-0.002	-0.204	
5.00	0.499	-0.008	-0.118	
5.03	0.499	-0.008	-0.041	
5.07	0.499	-0.008	-0.015	
5.10	0.499	-0.009	-0.010	
5.13	0.498	-0.008	-0.040	
5.17	0.498	-0.010	-0.117	
5.20	0.498	-0.015	-0.188	
5.23	0.497	-0.028	-0.092	
5.27	0.495	-0.027	0.153	
5.30	0.495	-0.011	0.217	
5.33	0.495	-0.008	0.129	
5.37	0.494	-0.005	0.079	
5.40	0.495	-0.003	0.047	
5.43	0.494	-0.002	0.038	
5.47	0.494	-0.001	0.027	
5.50	0.494	-0.000	0.013	
5.53	0.494	0.000	0.008	
5.57	0.494	0.000	0.012	
5.60	0.494	0.001	0.023	
5.63	0.494	0.002	0.026	
5.67	0.495	0.003	0.023	
5.70	0.494	0.003	0.027	
5.73	0.495	0.005	0.027	
5.77	0.495	0.005	0.022	
5.80	0.495	0.006	0.022	
5.83	0.495	0.007	0.013	
5.87	0.496	0.007	-0.006	
5.90	0.496	0.006	-0.003	
5.93	0.496	0.006	0.018	
5.97	0.496	0.008	0.026	
6.00	0.496	0.009	0.005	
6.03	0.497	0.008	-0.008	
6.07	0.497	0.007	0.014	
6.10	0.497	0.009	0.036	
6.13	0.498	0.012	-0.005	
6.17	0.498	0.008	-0.050	
6.20	0.498	0.006	-0.033	
6.23	0.498	0.005	0.026	
6.27	0.498	0.007	0.114	
6.30	0.499	0.012	0.199	
6.33	0.499	0.027	0.096	
6.37	0.501	0.025	-0.175	
6.40	0.501	0.008	-0.254	
6.43	0.501	0.002	-0.154	
6.47	0.501	-0.001	-0.081	
6.50	0.501	-0.002	-0.049	
6.53	0.501	-0.003	-0.051	
6.57	0.501	-0.005	-0.078	
6.60	0.500	-0.008	-0.098	
6.63	0.500	-0.011	-0.109	
6.67	0.500	-0.022	0.040	
6.70	0.498	-0.010	0.206	
6.73	0.499	0.004	0.051	
6.77	0.499	-0.006	-0.141	
6.80	0.499	-0.011	-0.198	
6.83	0.499	-0.018	-0.230	
6.87	0.498	-0.032	-0.094	
6.90	0.496	-0.028	0.137	
6.93	0.496	-0.016	0.193	
6.97	0.495	-0.011	0.131	
7.00	0.495	-0.010	0.121	
7.03	0.494	-0.006	0.179	
7.07	0.494	0.001	0.255	
7.10	0.494	0.017	0.162	
7.13	0.496	0.018	-0.087	
7.17	0.496	0.004	-0.160	
7.20	0.496	0.002	-0.078	
7.23	0.496	0.002	-0.050	
7.27	0.496	0.001	-0.093	
7.30	0.496	-0.003	-0.161	
7.33	0.496	-0.015	-0.073	
7.37	0.494	-0.013	0.157	
7.40	0.495	0.001	0.225	
7.43	0.495	0.007	0.142	
7.47	0.495	0.010	0.067	
7.50	0.496	0.010	0.017	
7.53	0.496	0.010	-0.002	
7.57	0.496	0.010	-0.001	
7.60	0.497	0.009	0.047	
7.63	0.497	0.011	0.143	
7.67	0.497	0.019	0.199	
7.70	0.498	0.031	0.064	
7.73	0.500	0.028	-0.223	
7.77	0.500	0.010	-0.366	
7.80	0.500	-0.000	-0.350	
7.83	0.501	-0.018	-0.160	
7.87	0.499	-0.018	0.200	
7.90	0.499	0.002	0.344	
7.93	0.499	0.019	0.099	
7.97	0.501	0.015	-0.304	
8.00	0.501	-0.015	-0.346	
8.03	0.499	-0.021	-0.036	
8.07	0.499	-0.009	0.113	
8.10	0.499	-0.007	0.078	
8.13	0.498	-0.006	0.076	
8.17	0.498	-0.004	0.131	
8.20	0.498	0.001	0.205	
8.23	0.498	0.015	0.122	
8.27	0.499	0.015	-0.123	
8.30	0.499	0.001	-0.209	
8.33	0.499	-0.004	-0.138	
8.37	0.499	-0.007	-0.074	
8.40	0.499	-0.008	-0.055	
8.43	0.499	-0.009	-0.099	
8.47	0.498	-0.013	-0.166	
8.50	0.498	-0.024	-0.119	
8.53	0.496	-0.027	0.088	
8.57	0.496	-0.014	0.181	
8.60	0.496	-0.009	0.117	
8.63	0.495	-0.007	0.065	
8.67	0.495	-0.006	0.035	
8.70	0.495	-0.005	0.024	
8.73	0.495	-0.005	0.026	
8.77	0.494	-0.003	0.023	
8.80	0.495	-0.003	0.012	
8.83	0.494	-0.003	0.009	
8.87	0.494	-0.002	0.017	
8.90	0.494	-0.002	0.038	
8.93	0.494	0.000	0.056	
8.97	0.494	0.002	0.061	
9.00	0.494	0.005	0.058	
9.03	0.494	0.006	0.084	
9.07	0.495	0.009	0.147	
9.10	0.495	0.014	0.222	
9.13	0.495	0.029	0.146	
9.17	0.497	0.030	-0.099	
9.20	0.498	0.017	-0.217	
9.23	0.498	0.011	-0.205	
9.27	0.499	0.007	-0.240	
9.30	0.499	-0.009	-0.141	
9.33	0.497	-0.010	0.148	
9.37	0.498	0.006	0.305	
9.40	0.498	0.015	0.306	
9.43	0.499	0.031	0.144	
9.47	0.501	0.030	-0.155	
9.50	0.501	0.013	-0.264	
9.53	0.501	0.005	-0.175	
9.57	0.501	0.003	-0.084	
9.60	0.501	0.002	-0.046	
9.63	0.501	0.000	-0.043	
9.67	0.501	-0.001	-0.058	
9.70	0.501	-0.003	-0.105	
9.73	0.501	-0.007	-0.176	
9.77	0.501	-0.013	-0.245	
9.80	0.501	-0.029	-0.145	
9.83	0.499	-0.030	0.144	
9.87	0.498	-0.014	0.312	
9.90	0.498	-0.004	0.310	
9.93	0.498	0.011	0.158	
9.97	0.499	0.011	-0.108	
10.00	0.499	-0.003	-0.198	
10.03	0.499	-0.006	-0.178	
10.07	0.498	-0.013	-0.188	
10.10	0.498	-0.018	-0.199	
10.13	0.498	-0.031	-0.086	
10.17	0.495	-0.029	0.156	
10.20	0.495	-0.014	0.229	
10.23	0.495	-0.009	0.159	
10.27	0.495	-0.005	0.104	
10.30	0.494	-0.003	0.068	
10.33	0.494	-0.000	0.040	
10.37	0.494	0.001	0.003	
10.40	0.495	-0.001	-0.005	
10.43	0.494	-0.001	0.027	
10.47	0.494	0.001	0.038	
10.50	0.494	0.002	0.025	
10.53	0.495	0.003	0.020	
10.57	0.494	0.003	0.025	
10.60	0.495	0.005	0.030	
10.63	0.495	0.005	0.029	
10.67	0.495	0.006	0.035	
10.70	0.495	0.008	0.031	
10.73	0.496	0.008	0.051	
10.77	0.496	0.008	0.149	
10.80	0.496	0.019	0.202	
10.83	0.497	0.029	0.064	
10.87	0.498	0.026	-0.154	
10.90	0.499	0.013	-0.220	
10.93	0.499	0.007	-0.171	
10.97	0.499	0.004	-0.169	
11.00	0.499	-0.001	-0.220	
11.03	0.500	-0.016	-0.140	
11.07	0.498	-0.017	0.104	
11.10	0.498	-0.003	0.197	
11.13	0.498	0.002	0.110	
11.17	0.498	0.003	0.029	
11.20	0.498	0.003	-0.009	
11.23	0.498	0.002	-0.024	
11.27	0.498	0.001	-0.024	
11.30	0.498	0.000	-0.016	
11.33	0.498	-0.000	-0.016	
11.37	0.498	-0.001	-0.023	
11.40	0.498	-0.002	-0.020	
11.43	0.498	-0.003	0.017	
11.47	0.498	-0.002	0.087	
11.50	0.498	0.001	0.191	
11.53	0.498	0.016	0.136	
11.57	0.500	0.019	-0.150	
11.60	0.500	-0.000	-0.272	
11.63	0.499	-0.008	-0.171	
11.67	0.499	-0.010	-0.080	
11.70	0.498	-0.010	-0.065	
11.73	0.498	-0.012	-0.127	
11.77	0.498	-0.017	-0.206	
11.80	0.498	-0.033	-0.081	
11.83	0.495	-0.031	0.258	
11.87	0.495	-0.010	0.441	
11.90	0.494	0.011	0.282	
11.93	0.496	0.013	-0.029	
11.97	0.496	0.001	-0.146	
12.00	0.496	-0.002	-0.086	
12.03	0.495	-0.004	-0.017	
12.07	0.495	-0.002	0.032	
12.10	0.495	-0.001	0.032	
12.13	0.495	0.000	-0.003	
12.17	0.495	0.001	-0.073	
12.20	0.496	-0.003	-0.152	
12.23	0.495	-0.015	-0.057	
12.27	0.494	-0.013	0.216	
12.30	0.494	0.003	0.380	
12.33	0.494	0.017	0.362	
12.37	0.495	0.033	0.162	
12.40	0.497	0.031	-0.127	
12.43	0.498	0.017	-0.207	
12.47	0.498	0.012	-0.122	
12.50	0.498	0.011	-0.080	
12.53	0.499	0.010	-0.130	
12.57	0.499	0.004	-0.224	
12.60	0.499	-0.011	-0.153	
12.63	0.498	-0.013	0.103	
12.67	0.498	0.001	0.226	
12.70	0.498	0.008	0.168	
12.73	0.498	0.018	-0.047	
12.77	0.500	0.004	-0.218	
12.80	0.499	-0.010	-0.049	
12.83	0.499	0.001	0.120	
12.87	0.499	0.012	-0.054	
12.90	0.501	-0.003	-0.240	
12.93	0.498	-0.018	-0.054	
12.97	0.498	-0.008	0.192	
13.00	0.498	0.001	0.262	
13.03	0.498	0.016	0.142	
13.07	0.500	0.015	-0.108	
13.10	0.500	0.003	-0.212	
13.13	0.500	-0.005	-0.156	
13.17	0.499	-0.007	-0.074	
13.20	0.499	-0.008	-0.030	
13.23	0.499	-0.009	-0.004	
13.27	0.498	-0.008	0.005	
13.30	0.498	-0.008	-0.030	
13.33	0.498	-0.009	-0.101	
13.37	0.498	-0.013	-0.197	
13.40	0.498	-0.028	-0.129	
13.43	0.495	-0.028	0.117	
13.47	0.495	-0.014	0.210	
13.50	0.495	-0.009	0.149	
13.53	0.495	-0.005	0.098	
13.57	0.494	-0.003	0.087	
13.60	0.494	-0.001	0.133	
13.63	0.494	0.004	0.207	
13.67	0.494	0.018	0.130	
13.70	0.496	0.018	-0.104	
13.73	0.496	0.006	-0.205	
13.77	0.496	0.000	-0.153	
13.80	0.496	-0.004	-0.076	
13.83	0.496	-0.011	0.129	
13.87	0.494	0.007	0.236	
13.90	0.496	0.018	0.007	
13.93	0.496	0.006	-0.159	
13.97	0.497	-0.007	0.036	
14.00	0.495	0.008	0.246	
14.03	0.497	0.024	0.104	
14.07	0.498	0.015	-0.070	
14.10	0.498	0.012	-0.076	
14.13	0.498	0.010	-0.081	
14.17	0.499	0.009	-0.120	
14.20	0.499	0.004	-0.163	
14.23	0.499	-0.010	-0.002	
14.27	0.498	-0.004	0.323	
14.30	0.498	0.025	0.285	
14.33	0.500	0.027	-0.094	
14.37	0.501	0.011	-0.300	
14.40	0.501	0.002	-0.326	
14.43	0.501	-0.015	-0.166	
14.47	0.499	-0.016	0.154	
14.50	0.499	0.001	0.290	
14.53	0.499	0.016	0.102	
14.57	0.501	0.006	-0.091	
14.60	0.499	0.002	-0.103	
14.63	0.501	0.008	-0.289	
14.67	0.501	-0.022	-0.321	
14.70	0.499	-0.027	0.005	
14.73	0.499	-0.014	0.163	
14.77	0.498	-0.010	0.145	
14.80	0.498	-0.007	0.139	
14.83	0.498	-0.003	0.186	
14.87	0.498	0.010	0.109	
14.90	0.499	0.010	-0.123	
14.93	0.499	-0.004	-0.199	
14.97	0.498	-0.009	-0.116	
15.00	0.498	-0.010	-0.048	
15.03	0.498	-0.010	-0.032	
15.07	0.497	-0.011	-0.045	
15.10	0.497	-0.013	-0.045	
15.13	0.497	-0.021	0.122	
15.17	0.494	-0.005	0.278	
15.20	0.496	0.011	0.069	
15.23	0.496	0.000	-0.177	
15.27	0.496	-0.007	-0.246	
15.30	0.496	-0.022	-0.109	
15.33	0.494	-0.020	0.182	
15.37	0.494	-0.003	0.279	
15.40	0.494	0.006	0.173	
15.43	0.495	0.006	0.106	
15.47	0.495	0.009	0.138	
15.50	0.495	0.014	0.205	
15.53	0.495	0.028	0.125	
15.57	0.498	0.028	-0.112	
15.60	0.498	0.014	-0.190	
15.63	0.498	0.011	-0.123	
15.67	0.498	0.008	-0.068	
15.70	0.499	0.006	-0.030	
15.73	0.499	0.007	-0.050	
15.77	0.499	0.005	-0.135	
15.80	0.499	-0.001	-0.226	
15.83	0.500	-0.016	-0.140	
15.87	0.498	-0.017	0.139	
15.90	0.498	-0.001	0.275	
15.93	0.498	0.008	0.210	
15.97	0.498	0.018	-0.041	
16.00	0.500	0.004	-0.153	
16.03	0.498	-0.007	0.062	
16.07	0.498	0.016	0.084	
16.10	0.500	0.015	-0.261	
16.13	0.500	-0.013	-0.299	
16.17	0.499	-0.018	0.010	
16.20	0.499	-0.007	0.203	
16.23	0.498	0.001	0.208	
16.27	0.498	0.014	0.005	
16.30	0.500	-0.000	-0.138	
16.33	0.498	-0.011	0.113	
16.37	0.498	0.014	0.195	
16.40	0.500	0.016	-0.077	
16.43	0.500	0.002	-0.193	
16.47	0.500	-0.004	-0.133	
16.50	0.499	-0.006	-0.071	
16.53	0.499	-0.007	-0.038	
16.57	0.499	-0.008	-0.033	
16.60	0.499	-0.008	-0.068	
16.63	0.498	-0.011	-0.131	
16.67	0.498	-0.016	-0.197	
16.70	0.498	-0.029	-0.115	
16.73	0.496	-0.030	0.131	
16.77	0.495	-0.015	0.237	
16.80	0.495	-0.008	0.161	
16.83	0.495	-0.005	0.080	
16.87	0.495	-0.004	0.055	
16.90	0.495	-0.004	0.113	
16.93	0.494	0.002	0.187	
16.97	0.494	0.016	0.044	
17.00	0.496	0.013	-0.286	
17.03	0.496	-0.016	-0.260	
17.07	0.494	-0.018	0.131	
17.10	0.494	0.000	0.342	
17.13	0.494	0.018	0.193	
17.17	0.496	0.011	0.050	
17.20	0.494	0.014	0.068	
17.23	0.497	0.024	-0.117	
17.27	0.497	0.007	-0.279	
17.30	0.497	-0.009	-0.063	
17.33	0.496	-0.004	0.317	
17.37	0.496	0.026	0.336	
17.40	0.498	0.031	-0.005	
17.43	0.499	0.018	-0.179	
17.47	0.499	0.012	-0.143	
17.50	0.500	0.009	-0.070	
17.53	0.500	0.009	-0.039	
17.57	0.500	0.008	-0.071	
17.60	0.500	0.005	-0.130	
17.63	0.501	0.002	-0.231	
17.67	0.501	-0.015	-0.181	
17.70	0.499	-0.018	0.085	
17.73	0.499	-0.006	0.257	
17.77	0.499	0.003	0.291	
17.80	0.499	0.019	0.142	
17.83	0.501	0.018	-0.149	
17.87	0.501	0.002	-0.237	
17.90	0.500	-0.004	-0.153	
17.93	0.500	-0.007	-0.076	
17.97	0.500	-0.008	-0.032	
18.00	0.500	-0.008	-0.024	
18.03	0.499	-0.010	-0.016	
18.07	0.499	-0.010	0.000	
18.10	0.499	-0.009	0.000	
18.13	0.499	-0.010	-0.000	
18.17	0.498	-0.010	0.015	
18.20	0.498	-0.008	0.020	
18.23	0.498	-0.008	0.015	
18.27	0.498	-0.008	0.017	
18.30	0.497	-0.007	0.029	
18.33	0.497	-0.005	0.031	
18.37	0.497	-0.004	-0.001	
18.40	0.497	-0.003	-0.092	
18.43	0.497	-0.009	-0.203	
18.47	0.496	-0.023	-0.129	
18.50	0.495	-0.024	0.128	
18.53	0.494	-0.009	0.230	
18.57	0.494	-0.002	0.145	
18.60	0.494	-0.000	0.060	
18.63	0.494	0.000	0.019	
18.67	0.494	0.000	0.019	
18.70	0.494	0.001	0.043	
18.73	0.494	0.003	0.089	
18.77	0.495	0.006	0.149	
18.80	0.495	0.011	0.214	
18.83	0.495	0.026	0.127	
18.87	0.497	0.026	-0.115	
18.90	0.497	0.012	-0.210	
18.93	0.497	0.007	-0.160	
18.97	0.498	0.003	-0.105	
19.00	0.498	-0.006	0.094	
19.03	0.496	0.010	0.248	
19.07	0.498	0.024	0.040	
19.10	0.499	0.013	-0.204	
19.13	0.499	0.004	-0.270	
19.17	0.499	-0.010	-0.140	
19.20	0.498	-0.012	0.186	
19.23	0.498	0.006	0.379	
19.27	0.498	0.025	0.223	
19.30	0.500	0.026	-0.089	
19.33	0.501	0.012	-0.201	
19.37	0.501	0.007	-0.134	
19.40	0.501	0.004	-0.088	
19.43	0.501	0.003	-0.100	
19.47	0.501	-0.001	-0.159	
19.50	0.501	-0.006	-0.239	
19.53	0.501	-0.022	-0.176	
19.57	0.499	-0.025	0.061	
19.60	0.499	-0.013	0.176	
19.63	0.499	-0.008	0.146	
19.67	0.499	-0.005	0.146	
19.70	0.498	-0.000	0.179	
19.73	0.498	0.012	0.065	
19.77	0.499	0.009	-0.188	
19.80	0.499	-0.006	-0.307	
19.83	0.499	-0.014	-0.300	
19.87	0.499	-0.028	-0.178	
19.90	0.496	-0.032	0.087	
19.93	0.496	-0.018	0.235	
19.97	0.496	-0.011	0.221	
20.00	0.495	-0.005	0.211	
20.03	0.495	0.008	0.088	
20.07	0.496	-0.000	-0.008	
20.10	0.495	-0.000	0.079	
20.13	0.496	0.011	0.024	
20.17	0.496	0.003	-0.074	
20.20	0.496	0.001	-0.050	
20.23	0.496	0.000	-0.021	
20.27	0.496	0.001	-0.017	
20.30	0.496	0.001	-0.071	
20.33	0.496	-0.002	-0.159	
20.37	0.496	-0.015	-0.088	
20.40	0.495	-0.015	0.164	
20.43	0.495	0.001	0.280	
20.47	0.495	0.009	0.253	
20.50	0.496	0.015	0.256	
20.53	0.496	0.030	0.142	
20.57	0.498	0.030	-0.116	
20.60	0.498	0.016	-0.222	
20.63	0.499	0.013	-0.235	
20.67	0.499	0.004	-0.291	
20.70	0.499	-0.012	-0.188	
20.73	0.498	-0.015	0.068	
20.77	0.498	-0.002	0.162	
20.80	0.498	0.002	0.094	
20.83	0.498	0.003	0.039	
20.87	0.498	0.004	-0.006	
20.90	0.498	0.002	-0.033	
20.93	0.499	0.001	-0.030	
20.97	0.498	0.000	-0.019	
21.00	0.499	-0.000	-0.016	
21.03	0.498	-0.001	-0.024	
21.07	0.499	-0.002	-0.026	
21.10	0.498	-0.003	-0.020	
21.13	0.498	-0.003	-0.013	
21.17	0.498	-0.004	0.032	
21.20	0.498	-0.003	0.123	
21.23	0.498	0.003	0.211	
21.27	0.498	0.017	0.122	
21.30	0.499	0.017	-0.116	
21.33	0.499	0.004	-0.212	
21.37	0.499	-0.003	-0.152	
21.40	0.499	-0.005	-0.082	
21.43	0.499	-0.007	-0.039	
21.47	0.499	-0.008	-0.023	
21.50	0.499	-0.008	-0.049	
21.53	0.498	-0.009	-0.117	
21.57	0.498	-0.014	-0.201	
21.60	0.498	-0.028	-0.126	
21.63	0.496	-0.029	0.113	
21.67	0.495	-0.015	0.209	
21.70	0.495	-0.009	0.149	
21.73	0.495	-0.006	0.078	
21.77	0.495	-0.005	0.035	
21.80	0.494	-0.005	0.029	
21.83	0.494	-0.003	0.028	
21.87	0.494	-0.003	0.028	
21.90	0.494	-0.002	0.041	
21.93	0.494	0.000	0.053	
21.97	0.494	0.002	0.047	
22.00	0.494	0.004	0.026	
22.03	0.494	0.003	0.021	
22.07	0.494	0.004	0.045	
22.10	0.495	0.008	0.047	
22.13	0.495	0.007	0.073	
22.17	0.495	0.010	0.157	
22.20	0.495	0.017	0.217	
22.23	0.496	0.031	0.102	
22.27	0.498	0.029	-0.167	
22.30	0.498	0.015	-0.309	
22.33	0.499	0.005	-0.318	
22.37	0.499	-0.011	-0.183	
22.40	0.498	-0.012	0.088	
22.43	0.498	0.002	0.180	
22.47	0.498	0.006	0.096	
22.50	0.498	0.007	0.010	
22.53	0.499	0.005	-0.036	
22.57	0.498	0.003	-0.037	
22.60	0.499	0.003	-0.031	
22.63	0.499	0.002	-0.039	
22.67	0.499	0.000	-0.050	
22.70	0.499	-0.002	-0.049	
22.73	0.499	-0.003	-0.047	
22.77	0.498	-0.005	-0.037	
22.80	0.498	-0.007	-0.001	
22.83	0.498	-0.006	0.064	
22.87	0.498	-0.002	0.106	
22.90	0.498	0.001	0.135	
22.93	0.498	0.011	0.053	
22.97	0.499	0.009	-0.157	
23.00	0.499	-0.004	-0.240	
23.03	0.498	-0.010	-0.222	
23.07	0.498	-0.016	-0.232	
23.10	0.498	-0.030	-0.115	
23.13	0.495	-0.029	0.126	
23.17	0.495	-0.016	0.210	
23.20	0.495	-0.011	0.153	
23.23	0.495	-0.006	0.090	
23.27	0.494	-0.005	0.043	
23.30	0.494	-0.005	0.033	
23.33	0.494	-0.003	0.028	
23.37	0.494	-0.003	0.023	
23.40	0.494	-0.002	0.029	
23.43	0.494	-0.001	0.039	
23.47	0.494	0.000	0.077	
23.50	0.494	0.003	0.157	
23.53	0.494	0.010	0.216	
23.57	0.494	0.026	0.027	
23.60	0.496	0.019	-0.339	
23.63	0.496	-0.011	-0.324	
23.67	0.495	-0.015	0.064	
23.70	0.495	0.000	0.304	
23.73	0.495	0.012	0.329	
23.77	0.495	0.028	0.166	
23.80	0.497	0.027	-0.109	
23.83	0.497	0.013	-0.195	
23.87	0.498	0.009	-0.126	
23.90	0.498	0.006	-0.053	
23.93	0.498	0.006	-0.002	
23.97	0.498	0.007	0.005	
24.00	0.499	0.007	-0.012	
24.03	0.499	0.006	-0.018	
24.07	0.499	0.005	-0.013	
24.10	0.499	0.005	-0.018	
24.13	0.499	0.005	-0.060	
24.17	0.499	0.003	-0.144	
24.20	0.500	-0.004	-0.230	
24.23	0.500	-0.019	-0.125	
24.27	0.498	-0.018	0.135	
24.30	0.498	-0.003	0.212	
24.33	0.498	0.003	0.098	
24.37	0.498	0.001	0.033	
24.40	0.498	0.001	0.085	
24.43	0.498	0.006	0.139	
24.47	0.498	0.018	-0.025	
24.50	0.500	0.012	-0.359	
24.53	0.500	-0.019	-0.355	
24.57	0.498	-0.024	-0.027	
24.60	0.498	-0.012	0.115	
24.63	0.498	-0.009	0.061	
24.67	0.497	-0.010	0.011	
24.70	0.497	-0.010	-0.002	
24.73	0.496	-0.010	0.010	
24.77	0.496	-0.010	0.024	
24.80	0.496	-0.008	0.021	
24.83	0.496	-0.007	0.000	
24.87	0.495	-0.009	0.032	
24.90	0.495	-0.009	0.153	
24.93	0.494	0.000	0.265	
24.97	0.495	0.017	0.136	
25.00	0.496	0.017	-0.196	
25.03	0.496	-0.000	-0.393	
25.07	0.496	-0.022	-0.229	
25.10	0.494	-0.022	0.158	
25.13	0.494	-0.005	0.371	
25.17	0.494	0.008	0.388	
25.20	0.494	0.027	0.216	
25.23	0.496	0.027	-0.101	
25.27	0.497	0.013	-0.225	
25.30	0.497	0.007	-0.195	
25.33	0.497	0.002	-0.165	
25.37	0.497	-0.009	-0.003	
25.40	0.496	-0.004	0.266	
25.43	0.496	0.022	0.193	
25.47	0.499	0.015	-0.063	
25.50	0.497	0.011	-0.149	
25.53	0.500	0.005	-0.191	
25.57	0.498	-0.008	-0.055	
25.60	0.498	0.001	0.083	
25.63	0.498	0.004	0.058	
25.67	0.499	0.005	0.018	
25.70	0.499	0.004	-0.017	
25.73	0.499	0.003	-0.023	
25.77	0.499	0.002	-0.005	
25.80	0.499	0.004	-0.028	
25.83	0.499	0.001	-0.064	
25.87	0.499	-0.002	-0.055	
25.90	0.499	-0.003	-0.040	
25.93	0.499	-0.004	-0.022	
25.97	0.499	-0.005	-0.004	
26.00	0.498	-0.004	-0.002	
26.03	0.499	-0.005	0.021	
26.07	0.498	-0.005	0.098	
26.10	0.498	0.001	0.159	
26.13	0.498	0.013	0.011	
26.17	0.500	0.009	-0.285	
26.20	0.499	-0.019	-0.215	
26.23	0.497	-0.019	0.185	
26.27	0.497	0.007	0.244	
26.30	0.499	0.010	-0.058	
26.33	0.498	-0.002	-0.269	
26.37	0.498	-0.013	-0.314	
26.40	0.498	-0.029	-0.149	
26.43	0.496	-0.028	0.151	
26.47	0.495	-0.011	0.240	
26.50	0.495	-0.004	0.119	
26.53	0.495	-0.006	0.029	
26.57	0.495	-0.005	0.011	
26.60	0.495	-0.005	0.014	
26.63	0.494	-0.005	0.028	
26.67	0.495	-0.003	0.033	
26.70	0.494	-0.002	0.030	
26.73	0.494	-0.001	0.016	
26.77	0.494	-0.001	-0.005	
26.80	0.494	-0.002	-0.002	
26.83	0.494	-0.002	0.024	
26.87	0.494	0.000	0.047	
26.90	0.494	0.002	0.059	
26.93	0.494	0.003	0.093	
26.97	0.494	0.007	0.144	
27.00	0.495	0.013	0.170	
27.03	0.495	0.024	0.048	
27.07	0.497	0.016	-0.078	
27.10	0.496	0.014	-0.081	
27.13	0.498	0.017	-0.215	
27.17	0.498	-0.006	-0.175	
27.20	0.497	-0.005	0.139	
27.23	0.497	0.008	0.323	
27.27	0.497	0.027	0.188	
27.30	0.499	0.028	-0.174	
27.33	0.500	0.010	-0.349	
27.37	0.500	-0.009	-0.130	
27.40	0.498	-0.006	0.263	
27.43	0.499	0.023	0.271	
27.47	0.501	0.026	-0.111	
27.50	0.501	0.008	-0.336	
27.53	0.501	-0.003	-0.363	
27.57	0.501	-0.020	-0.216	
27.60	0.499	-0.022	0.073	
27.63	0.499	-0.009	0.172	
27.67	0.499	-0.004	0.084	
27.70	0.499	-0.004	-0.008	
27.73	0.499	-0.007	-0.047	
27.77	0.499	-0.009	-0.025	
27.80	0.498	-0.008	-0.009	
27.83	0.498	-0.008	-0.015	
27.87	0.498	-0.010	-0.012	
27.90	0.497	-0.010	0.004	
27.93	0.497	-0.009	0.018	
27.97	0.497	-0.007	0.003	
28.00	0.496	-0.009	-0.011	
28.03	0.496	-0.009	0.005	
28.07	0.496	-0.008	0.009	
28.10	0.495	-0.008	0.003	
28.13	0.495	-0.009	0.016	
28.17	0.495	-0.008	0.039	
28.20	0.495	-0.006	0.045	
28.23	0.494	-0.005	0.048	
28.27	0.494	-0.003	0.050	
28.30	0.494	-0.001	0.039	
28.33	0.494	0.000	0.030	
28.37	0.494	0.001	0.035	
28.40	0.494	0.002	0.039	
28.43	0.494	0.004	0.029	
28.47	0.495	0.004	0.039	
28.50	0.495	0.005	0.088	
28.53	0.495	0.009	0.151	
28.57	0.495	0.015	0.205	
28.60	0.496	0.028	0.106	
28.63	0.498	0.026	-0.104	
28.67	0.498	0.016	-0.180	
28.70	0.498	0.010	-0.128	
28.73	0.498	0.008	-0.064	
28.77	0.499	0.007	-0.038	
28.80	0.499	0.006	-0.034	
28.83	0.499	0.005	-0.057	
28.87	0.499	0.004	-0.124	
28.90	0.500	-0.001	-0.210	
28.93	0.500	-0.016	-0.141	
28.97	0.498	-0.017	0.097	
29.00	0.498	-0.004	0.186	
29.03	0.498	0.001	0.107	
29.07	0.498	0.002	0.032	
29.10	0.498	0.002	-0.013	
29.13	0.498	0.001	-0.021	
29.17	0.498	0.000	-0.012	
29.20	0.498	0.000	-0.008	
29.23	0.498	-0.000	-0.011	
29.27	0.498	-0.001	-0.016	
29.30	0.498	-0.002	-0.011	
29.33	0.498	-0.002	0.008	
29.37	0.498	-0.000	0.019	
29.40	0.498	-0.002	0.074	
29.43	0.498	0.002	0.178	
29.47	0.498	0.016	0.111	
29.50	0.499	0.016	-0.143	
29.53	0.500	0.000	-0.251	
29.57	0.499	-0.007	-0.169	
29.60	0.499	-0.010	-0.104	
29.63	0.498	-0.010	-0.133	
29.67	0.498	-0.016	-0.211	
29.70	0.498	-0.031	-0.122	
29.73	0.496	-0.031	0.127	
29.77	0.495	-0.016	0.220	
29.80	0.495	-0.010	0.140	
29.83	0.495	-0.008	0.073	
29.87	0.495	-0.007	0.081	
29.90	0.494	-0.005	0.163	
29.93	0.494	0.003	0.245	
29.97	0.494	0.018	0.144	
30.00	0.496	0.018	-0.131	
30.03	0.496	0.004	-0.278	
30.07	0.496	-0.004	-0.271	
30.10	0.496	-0.019	-0.100	
30.13	0.494	-0.015	0.167	
30.17	0.494	-0.000	0.233	
30.20	0.494	0.006	0.152	
30.23	0.495	0.008	0.110	
30.27	0.495	0.010	0.151	
30.30	0.495	0.016	0.225	
30.33	0.495	0.031	0.137	
30.37	0.498	0.031	-0.108	
30.40	0.498	0.018	-0.206	
30.43	0.499	0.012	-0.150	
30.47	0.499	0.009	-0.108	
30.50	0.499	0.008	-0.143	
30.53	0.499	0.002	-0.226	
30.57	0.500	-0.013	-0.146	
30.60	0.498	-0.015	0.105	
30.63	0.498	-0.001	0.224	
30.67	0.498	0.006	0.183	
30.70	0.499	0.009	0.139	
30.73	0.499	0.020	-0.032	
30.77	0.501	0.014	-0.343	
30.80	0.500	-0.015	-0.328	
30.83	0.499	-0.019	-0.024	
30.87	0.499	-0.009	0.095	
30.90	0.498	-0.006	0.057	
30.93	0.498	-0.007	0.051	
30.97	0.498	-0.006	0.117	
31.00	0.498	-0.001	0.209	
31.03	0.497	0.014	0.122	
31.07	0.499	0.014	-0.142	
31.10	0.499	-0.002	-0.220	
31.13	0.499	-0.007	-0.129	
31.17	0.498	-0.008	-0.081	
31.20	0.498	-0.010	-0.065	
31.23	0.498	-0.012	-0.063	
31.27	0.498	-0.019	0.038	
31.30	0.496	-0.009	0.102	
31.33	0.497	-0.001	-0.117	
31.37	0.497	-0.022	-0.182	
31.40	0.495	-0.026	0.079	
31.43	0.494	-0.011	0.213	
31.47	0.495	-0.004	0.160	
31.50	0.494	-0.001	0.091	
31.53	0.494	0.002	0.018	
31.57	0.495	-0.001	-0.019	
31.60	0.494	-0.002	0.002	
31.63	0.494	-0.001	0.016	
31.67	0.494	0.000	0.020	
31.70	0.494	0.001	0.026	
31.73	0.494	0.002	0.023	
31.77	0.495	0.002	0.013	
31.80	0.494	0.003	0.013	
31.83	0.495	0.003	0.025	
31.87	0.495	0.004	0.053	
31.90	0.495	0.007	0.084	
31.93	0.495	0.009	0.124	
31.97	0.495	0.013	0.181	
32.00	0.496	0.026	0.099	
32.03	0.498	0.025	-0.108	
32.07	0.498	0.013	-0.169	
32.10	0.498	0.009	-0.098	
32.13	0.498	0.008	-0.038	
32.17	0.499	0.008	-0.010	
32.20	0.499	0.008	-0.004	
32.23	0.499	0.008	-0.011	
32.27	0.499	0.007	-0.038	
32.30	0.500	0.008	-0.135	
32.33	0.500	-0.000	-0.250	
32.37	0.500	-0.016	-0.154	
32.40	0.498	-0.016	0.093	
32.43	0.498	-0.003	0.165	
32.47	0.499	0.000	0.073	
32.50	0.499	0.000	-0.006	
32.53	0.499	-0.002	-0.027	
32.57	0.498	-0.003	0.008	
32.60	0.498	-0.003	0.087	
32.63	0.498	0.001	0.180	
32.67	0.498	0.015	0.099	
32.70	0.500	0.015	-0.159	
32.73	0.500	-0.002	-0.261	
32.77	0.499	-0.009	-0.202	
32.80	0.499	-0.014	-0.144	
32.83	0.498	-0.017	-0.098	
32.87	0.498	-0.025	0.046	
32.90	0.496	-0.012	0.142	
32.93	0.497	-0.003	-0.048	
32.97	0.497	-0.024	-0.034	
33.00	0.495	-0.018	0.276	
33.03	0.495	0.006	0.298	
33.07	0.496	0.013	0.016	
33.10	0.496	0.001	-0.130	
33.13	0.496	-0.003	-0.073	
33.17	0.496	-0.003	-0.004	
33.20	0.495	-0.002	0.036	
33.23	0.496	0.000	0.047	
33.27	0.495	0.002	0.029	
33.30	0.496	0.003	-0.018	
33.33	0.496	0.002	-0.087	
33.37	0.496	-0.002	-0.170	
33.40	0.496	-0.015	-0.094	
33.43	0.494	-0.015	0.159	
33.47	0.494	0.001	0.276	
33.50	0.495	0.008	0.261	
33.53	0.495	0.016	0.262	
33.57	0.496	0.030	0.131	
33.60	0.498	0.029	-0.108	
33.63	0.498	0.016	-0.177	
33.67	0.498	0.012	-0.103	
33.70	0.499	0.012	-0.084	
33.73	0.499	0.009	-0.120	
33.77	0.499	0.005	-0.168	
33.80	0.500	-0.001	-0.226	
33.83	0.500	-0.016	-0.130	
33.87	0.498	-0.017	0.150	
33.90	0.498	-0.000	0.289	
33.93	0.498	0.008	0.249	
33.97	0.498	0.020	0.067	
34.00	0.500	0.017	-0.237	
34.03	0.500	-0.001	-0.390	
34.07	0.500	-0.019	-0.240	
34.10	0.498	-0.021	0.055	
34.13	0.498	-0.009	0.194	
34.17	0.498	-0.004	0.206	
34.20	0.498	0.002	0.245	
34.23	0.498	0.017	0.134	
34.27	0.500	0.017	-0.129	
34.30	0.499	0.002	-0.213	
34.33	0.499	-0.003	-0.122	
34.37	0.499	-0.005	-0.046	
34.40	0.499	-0.004	-0.025	
34.43	0.499	-0.006	-0.024	
34.47	0.498	-0.006	-0.018	
34.50	0.498	-0.007	-0.018	
34.53	0.498	-0.008	-0.005	
34.57	0.498	-0.008	0.004	
34.60	0.497	-0.007	0.011	
34.63	0.497	-0.006	0.003	
34.67	0.497	-0.007	-0.003	
34.70	0.497	-0.007	0.009	
34.73	0.496	-0.006	0.012	
34.77	0.496	-0.007	0.022	
34.80	0.496	-0.005	0.037	
34.83	0.496	-0.003	0.030	
34.87	0.496	-0.003	0.013	
34.90	0.496	-0.002	-0.021	
34.93	0.496	-0.003	-0.080	
34.97	0.496	-0.005	-0.167	
35.00	0.496	-0.020	-0.096	
35.03	0.494	-0.019	0.164	
35.07	0.494	-0.002	0.260	
35.10	0.494	0.004	0.212	
35.13	0.494	0.008	0.223	
35.17	0.495	0.017	0.253	
35.20	0.495	0.031	0.133	
35.23	0.497	0.031	-0.117	
35.27	0.498	0.017	-0.196	
35.30	0.498	0.012	-0.110	
35.33	0.498	0.011	-0.043	
35.37	0.499	0.012	-0.054	
35.40	0.499	0.009	-0.127	
35.43	0.499	0.004	-0.187	
35.47	0.500	-0.010	-0.082	
35.50	0.498	-0.009	0.181	
35.53	0.498	0.016	0.114	
35.57	0.500	0.007	-0.154	
35.60	0.499	-0.009	-0.091	
35.63	0.499	-0.001	0.041	
35.67	0.499	0.001	0.033	
35.70	0.499	0.001	0.009	
35.73	0.499	0.000	-0.011	
35.77	0.499	0.001	-0.038	
35.80	0.499	-0.002	-0.056	
35.83	0.499	-0.005	-0.024	
35.87	0.499	-0.003	0.008	
35.90	0.499	-0.005	0.065	
35.93	0.498	-0.002	0.178	
35.97	0.498	0.013	0.120	
36.00	0.500	0.013	-0.133	
36.03	0.500	-0.003	-0.221	
36.07	0.499	-0.008	-0.121	
36.10	0.499	-0.009	-0.048	
36.13	0.499	-0.010	-0.016	
36.17	0.498	-0.009	-0.022	
36.20	0.498	-0.009	-0.076	
36.23	0.498	-0.013	-0.144	
36.27	0.498	-0.026	-0.033	
36.30	0.495	-0.022	0.241	
36.33	0.495	0.004	0.164	
36.37	0.497	-0.004	-0.090	
36.40	0.495	-0.016	-0.003	
36.43	0.495	-0.005	0.119	
36.47	0.495	-0.002	0.104	
36.50	0.495	0.000	0.110	
36.53	0.495	0.003	0.169	
36.57	0.495	0.011	0.226	
36.60	0.495	0.024	0.120	
36.63	0.497	0.024	-0.107	
36.67	0.498	0.011	-0.181	
36.70	0.498	0.007	-0.104	
36.73	0.498	0.005	-0.037	
36.77	0.498	0.005	0.002	
36.80	0.498	0.006	0.017	
36.83	0.498	0.007	0.010	
36.87	0.499	0.007	-0.019	
36.90	0.499	0.006	-0.054	
36.93	0.499	0.004	-0.086	
36.97	0.499	0.001	-0.121	
37.00	0.499	-0.010	-0.024	
37.03	0.498	0.001	0.041	
37.07	0.500	0.000	-0.069	
37.10	0.498	-0.012	0.008	
37.13	0.498	-0.001	0.129	
37.17	0.498	0.003	0.100	
37.20	0.499	0.005	0.056	
37.23	0.499	0.006	0.019	
37.27	0.499	0.007	-0.021	
37.30	0.499	0.003	-0.019	
37.33	0.499	0.003	0.065	
37.37	0.499	0.007	0.138	
37.40	0.499	0.020	-0.016	
37.43	0.501	0.014	-0.360	
37.47	0.501	-0.016	-0.372	
37.50	0.499	-0.023	-0.061	
37.53	0.499	-0.013	0.102	
37.57	0.499	-0.010	0.127	
37.60	0.498	-0.007	0.160	
37.63	0.498	-0.002	0.207	
37.67	0.498	0.013	0.107	
37.70	0.500	0.012	-0.161	
37.73	0.499	-0.004	-0.286	
37.77	0.499	-0.012	-0.263	
37.80	0.498	-0.019	-0.253	
37.83	0.498	-0.033	-0.116	
37.87	0.495	-0.033	0.159	
37.90	0.495	-0.016	0.270	
37.93	0.495	-0.009	0.230	
37.97	0.495	-0.003	0.206	
38.00	0.495	0.002	0.228	
38.03	0.494	0.017	0.134	
38.07	0.496	0.016	-0.099	
38.10	0.496	0.004	-0.162	
38.13	0.496	0.001	-0.090	
38.17	0.496	0.000	-0.061	
38.20	0.496	-0.001	-0.082	
38.23	0.496	-0.004	-0.112	
38.27	0.496	-0.016	0.052	
38.30	0.494	-0.008	0.384	
38.33	0.495	0.023	0.367	
38.37	0.497	0.028	0.015	
38.40	0.497	0.015	-0.137	
38.43	0.497	0.012	-0.083	
38.47	0.498	0.012	-0.038	
38.50	0.498	0.011	-0.031	
38.53	0.499	0.010	-0.068	
38.57	0.499	0.008	-0.150	
38.60	0.499	0.001	-0.228	
38.63	0.499	-0.014	-0.092	
38.67	0.498	-0.013	0.246	
38.70	0.498	0.008	0.403	
38.73	0.498	0.028	0.155	
38.77	0.501	0.023	-0.255	
38.80	0.500	0.003	-0.425	
38.83	0.501	-0.017	-0.228	
38.87	0.499	-0.018	0.151	
38.90	0.499	0.000	0.319	
38.93	0.499	0.017	0.091	
38.97	0.501	0.012	-0.298	
39.00	0.500	-0.017	-0.322	
39.03	0.499	-0.022	0.023	
39.07	0.498	-0.009	0.242	
39.10	0.498	-0.000	0.282	
39.13	0.498	0.015	0.140	
39.17	0.500	0.013	-0.123	
39.20	0.499	-0.001	-0.190	
39.23	0.499	-0.004	-0.109	
39.27	0.499	-0.006	-0.057	
39.30	0.499	-0.007	-0.029	
39.33	0.499	-0.008	-0.011	
39.37	0.499	-0.008	0.003	
39.40	0.498	-0.008	0.031	
39.43	0.498	-0.005	0.028	
39.47	0.498	-0.005	-0.012	
39.50	0.498	-0.006	-0.060	
39.53	0.498	-0.009	-0.115	
39.57	0.497	-0.013	-0.132	
39.60	0.497	-0.024	0.033	
39.63	0.495	-0.018	0.342	
39.67	0.495	0.011	0.316	
39.70	0.496	0.015	-0.036	
39.73	0.496	0.002	-0.245	
39.77	0.496	-0.006	-0.292	
39.80	0.496	-0.022	-0.158	
39.83	0.494	-0.022	0.131	
39.87	0.494	-0.007	0.230	
39.90	0.494	-0.001	0.156	
39.93	0.494	0.002	0.087	
39.97	0.494	0.004	0.038	
40.00	0.495	0.004	0.040	
40.03	0.495	0.005	0.093	
40.07	0.495	0.009	0.168	
40.10	0.495	0.015	0.249	
40.13	0.496	0.033	0.135	
40.17	0.498	0.030	-0.129	
40.20	0.498	0.016	-0.199	
40.23	0.499	0.012	-0.127	
40.27	0.499	0.010	-0.099	
40.30	0.499	0.008	-0.149	
40.33	0.499	0.002	-0.229	
40.37	0.500	-0.013	-0.143	
40.40	0.498	-0.014	0.107	
40.43	0.498	0.001	0.184	
40.47	0.499	0.005	0.073	
40.50	0.499	0.004	-0.012	
40.53	0.499	0.002	-0.046	
40.57	0.499	0.000	-0.051	
40.60	0.499	-0.002	-0.036	
40.63	0.499	-0.002	-0.020	
40.67	0.499	-0.003	-0.016	
40.70	0.499	-0.003	-0.018	
40.73	0.498	-0.005	0.013	
40.77	0.498	-0.004	0.085	
40.80	0.498	-0.001	0.171	
40.83	0.498	0.014	0.083	
40.87	0.500	0.011	-0.167	
40.90	0.499	-0.004	-0.266	
40.93	0.499	-0.010	-0.249	
40.97	0.498	-0.017	-0.261	
41.00	0.498	-0.033	-0.135	
41.03	0.496	-0.032	0.140	
41.07	0.495	-0.017	0.240	
41.10	0.495	-0.010	0.156	
41.13	0.495	-0.008	0.082	
41.17	0.494	-0.007	0.057	
41.20	0.494	-0.004	0.049	
41.23	0.494	-0.003	0.059	
41.27	0.494	-0.002	0.126	
41.30	0.494	0.004	0.189	
41.33	0.494	0.018	0.038	
41.37	0.496	0.014	-0.291	
41.40	0.496	-0.014	-0.287	
41.43	0.494	-0.017	0.043	
41.47	0.494	-0.003	0.207	
41.50	0.494	0.003	0.210	
41.53	0.494	0.010	0.186	
41.57	0.495	0.013	0.197	
41.60	0.495	0.027	0.125	
41.63	0.497	0.028	-0.110	
41.67	0.497	0.014	-0.199	
41.70	0.498	0.009	-0.130	
41.73	0.498	0.006	-0.055	
41.77	0.498	0.006	-0.002	
41.80	0.498	0.007	0.005	
41.83	0.499	0.007	-0.012	
41.87	0.499	0.006	-0.018	
41.90	0.499	0.005	-0.011	
41.93	0.499	0.005	-0.008	
41.97	0.499	0.005	-0.012	
42.00	0.499	0.005	-0.022	
42.03	0.500	0.003	-0.022	
42.07	0.499	0.003	-0.012	
42.10	0.500	0.003	-0.008	
42.13	0.500	0.002	-0.012	
42.17	0.500	0.002	-0.021	
42.20	0.500	0.001	-0.016	
42.23	0.500	0.000	0.002	
42.27	0.500	0.001	0.013	
42.30	0.500	0.003	-0.015	
42.33	0.500	0.000	-0.051	
42.37	0.500	-0.002	-0.048	
42.40	0.500	-0.004	-0.023	
42.43	0.500	-0.003	-0.010	
42.47	0.500	-0.003	-0.028	
42.50	0.499	-0.005	-0.042	
42.53	0.499	-0.007	-0.037	
42.57	0.499	-0.008	-0.026	
42.60	0.499	-0.008	-0.023	
42.63	0.498	-0.010	-0.014	
42.67	0.498	-0.010	-0.001	
42.70	0.498	-0.008	-0.028	
42.73	0.498	-0.010	-0.078	
42.77	0.497	-0.014	-0.089	
42.80	0.497	-0.024	0.091	
42.83	0.495	-0.008	0.261	
42.87	0.496	0.006	0.103	
42.90	0.496	-0.002	-0.045	
42.93	0.496	-0.004	-0.018	
42.97	0.496	-0.004	0.031	
43.00	0.496	0.000	0.041	
43.03	0.496	0.000	0.014	
43.07	0.496	0.000	0.004	
43.10	0.496	0.001	-0.023	
43.13	0.496	0.000	-0.089	
43.17	0.496	-0.004	-0.171	
43.20	0.496	-0.017	-0.081	
43.23	0.494	-0.015	0.169	
43.27	0.494	0.001	0.244	
43.30	0.495	0.007	0.163	
43.33	0.495	0.010	0.120	
43.37	0.495	0.012	0.144	
43.40	0.495	0.017	0.213	
43.43	0.496	0.032	0.114	
43.47	0.498	0.031	-0.155	
43.50	0.499	0.016	-0.283	
43.53	0.499	0.008	-0.277	
43.57	0.499	-0.000	-0.272	
43.60	0.499	-0.015	-0.132	
43.63	0.498	-0.015	0.130	
43.67	0.498	0.001	0.199	
43.70	0.498	0.006	0.066	
43.73	0.498	0.003	-0.022	
43.77	0.498	0.002	-0.043	
43.80	0.499	-0.000	-0.051	
43.83	0.498	-0.002	-0.041	
43.87	0.498	-0.003	-0.022	
43.90	0.498	-0.004	0.030	
43.93	0.498	-0.003	0.118	
43.97	0.498	0.004	0.178	
44.00	0.498	0.015	0.071	
44.03	0.499	0.013	-0.145	
44.07	0.499	-0.000	-0.206	
44.10	0.499	-0.006	-0.129	
44.13	0.499	-0.008	-0.064	
44.17	0.498	-0.008	-0.061	
44.20	0.498	-0.010	-0.103	
44.23	0.498	-0.014	-0.168	
44.27	0.498	-0.026	-0.112	
44.30	0.496	-0.028	0.117	
44.33	0.495	-0.014	0.266	
44.37	0.495	-0.005	0.283	
44.40	0.495	0.004	0.269	
44.43	0.495	0.017	0.127	
44.47	0.496	0.018	-0.153	
44.50	0.497	0.002	-0.307	
44.53	0.496	-0.007	-0.306	
44.57	0.496	-0.023	-0.152	
44.60	0.494	-0.022	0.134	
44.63	0.494	-0.007	0.231	
44.67	0.494	-0.002	0.172	
44.70	0.494	0.002	0.138	
44.73	0.494	0.007	0.104	
44.77	0.495	0.016	-0.083	
44.80	0.496	0.001	-0.241	
44.83	0.495	-0.013	-0.054	
44.87	0.494	-0.002	0.134	
44.90	0.495	0.003	0.155	
44.93	0.495	0.007	0.180	
44.97	0.495	0.013	0.219	
45.00	0.495	0.028	0.097	
45.03	0.498	0.026	-0.175	
45.07	0.498	0.002	-0.120	
45.10	0.496	0.014	0.020	
45.13	0.499	0.020	-0.212	
45.17	0.499	-0.007	-0.263	
45.20	0.498	-0.011	0.025	
45.23	0.498	0.001	0.196	
45.27	0.498	0.007	0.230	
45.30	0.498	0.015	0.217	
45.33	0.499	0.028	0.005	
45.37	0.501	0.022	-0.345	
45.40	0.501	-0.007	-0.357	
45.43	0.499	-0.014	-0.040	
45.47	0.500	-0.003	0.117	
45.50	0.499	0.002	0.056	
45.53	0.500	0.001	-0.042	
45.57	0.500	-0.003	-0.068	
45.60	0.500	-0.005	-0.020	
45.63	0.499	-0.005	0.038	
45.67	0.499	-0.003	0.067	
45.70	0.499	0.007	-0.100	
45.73	0.501	-0.010	-0.231	
45.77	0.498	-0.024	0.031	
45.80	0.498	-0.008	0.285	
45.83	0.498	0.009	0.175	
45.87	0.499	0.011	-0.154	
45.90	0.499	-0.007	-0.339	
45.93	0.498	-0.017	-0.322	
45.97	0.498	-0.033	-0.145	
46.00	0.495	-0.032	0.161	
46.03	0.495	-0.015	0.256	
46.07	0.495	-0.008	0.153	
46.10	0.495	-0.007	0.076	
46.13	0.494	-0.005	0.049	
46.17	0.495	-0.003	0.037	
46.20	0.494	-0.003	0.030	
46.23	0.494	-0.002	0.040	
46.27	0.494	0.000	0.053	
46.30	0.494	0.002	0.051	
46.33	0.494	0.003	0.045	
46.37	0.495	0.006	0.022	
46.40	0.495	0.005	-0.001	
46.43	0.495	0.004	0.020	
46.47	0.495	0.006	0.052	
46.50	0.495	0.009	0.050	
46.53	0.496	0.010	0.031	
46.57	0.496	0.010	0.048	
46.60	0.496	0.011	0.118	
46.63	0.496	0.017	0.177	
46.67	0.497	0.030	0.027	
46.70	0.499	0.025	-0.283	
46.73	0.499	0.005	-0.421	
46.77	0.499	-0.014	-0.244	
46.80	0.498	-0.015	0.068	
46.83	0.498	-0.001	0.174	
46.87	0.498	0.003	0.085	
46.90	0.498	0.003	0.012	
46.93	0.498	0.001	-0.002	
46.97	0.498	0.002	0.006	
47.00	0.499	0.002	-0.003	
47.03	0.498	0.002	-0.023	
47.07	0.499	0.001	-0.051	
47.10	0.499	-0.002	-0.055	
47.13	0.499	-0.004	-0.021	
47.17	0.498	-0.003	0.013	
47.20	0.498	-0.002	0.032	
47.23	0.498	-0.001	0.070	
47.27	0.498	0.003	0.097	
47.30	0.498	0.003	0.150	
47.33	0.498	0.016	0.093	
47.37	0.500	0.017	-0.145	
47.40	0.500	0.001	-0.234	
47.43	0.500	-0.005	-0.146	
47.47	0.499	-0.008	-0.068	
47.50	0.499	-0.008	-0.059	
47.53	0.499	-0.009	-0.122	
47.57	0.499	-0.014	-0.208	
47.60	0.498	-0.029	-0.137	
47.63	0.496	-0.030	0.108	
47.67	0.495	-0.016	0.210	
47.70	0.495	-0.010	0.144	
47.73	0.495	-0.008	0.106	
47.77	0.495	-0.006	0.143	
47.80	0.494	-0.000	0.207	
47.83	0.494	0.015	0.091	
47.87	0.496	0.013	-0.178	
47.90	0.496	-0.011	-0.112	
47.93	0.494	0.000	0.076	
47.97	0.496	0.012	-0.140	
48.00	0.496	-0.014	-0.220	
48.03	0.494	-0.018	0.062	
48.07	0.494	-0.004	0.203	
48.10	0.494	0.003	0.163	
48.13	0.495	0.006	0.136	
48.17	0.495	0.009	0.175	
48.20	0.495	0.016	0.238	
48.23	0.495	0.031	0.145	
48.27	0.498	0.031	-0.098	
48.30	0.498	0.018	-0.196	
48.33	0.499	0.014	-0.175	
48.37	0.499	0.009	-0.192	
48.40	0.499	0.003	-0.247	
48.43	0.500	-0.013	-0.158	
48.47	0.498	-0.014	0.103	
48.50	0.498	0.001	0.193	
48.53	0.499	0.005	0.100	
48.57	0.499	0.006	0.027	
48.60	0.499	0.005	-0.003	
48.63	0.499	0.005	-0.014	
48.67	0.499	0.005	-0.040	
48.70	0.499	0.001	-0.024	
48.73	0.499	0.001	0.049	
48.77	0.499	0.004	0.105	
48.80	0.499	0.016	-0.034	
48.83	0.501	0.009	-0.321	
48.87	0.501	-0.020	-0.237	
48.90	0.499	-0.020	0.182	
48.93	0.498	0.006	0.257	
48.97	0.500	0.011	-0.032	
49.00	0.500	-0.003	-0.166	
49.03	0.499	-0.008	-0.101	
49.07	0.499	-0.008	-0.045	
49.10	0.499	-0.008	-0.062	
49.13	0.498	-0.011	-0.127	
49.17	0.498	-0.016	-0.196	
49.20	0.498	-0.029	-0.114	
49.23	0.496	-0.030	0.136	
49.27	0.495	-0.015	0.255	
49.30	0.495	-0.007	0.196	
49.33	0.495	-0.002	0.111	
49.37	0.495	0.001	0.012	
49.40	0.495	-0.003	-0.031	
49.43	0.495	-0.004	0.005	
49.47	0.495	-0.002	0.038	
49.50	0.494	-0.000	0.042	
49.53	0.495	0.001	0.019	
49.57	0.495	0.001	0.006	
49.60	0.495	0.001	0.017	
49.63	0.495	0.002	0.022	
49.67	0.495	0.003	0.018	
49.70	0.495	0.003	0.016	
49.73	0.495	0.004	0.004	
49.77	0.495	0.003	-0.002	
49.80	0.495	0.003	0.012	
49.83	0.495	0.004	0.019	
49.87	0.496	0.004	0.035	
49.90	0.495	0.006	0.064	
49.93	0.496	0.008	0.107	
49.97	0.496	0.011	0.201	
50.00	0.496	0.026	0.153	
50.03	0.498	0.028	-0.081	
50.07	0.499	0.016	-0.208	
50.10	0.499	0.009	-0.188	
50.13	0.499	0.005	-0.185	
50.17	0.500	-0.001	-0.233	
50.20	0.499	-0.015	-0.141	
50.23	0.498	-0.016	0.093	
50.27	0.498	-0.003	0.175	
50.30	0.498	0.001	0.103	
50.33	0.498	0.003	0.035	
50.37	0.498	0.002	-0.007	
50.40	0.498	0.002	-0.031	
50.43	0.499	0.000	-0.035	
50.47	0.498	-0.002	0.010	
50.50	0.498	-0.001	0.096	
50.53	0.498	0.004	0.181	
50.57	0.498	0.017	0.094	
50.60	0.500	0.016	-0.150	
50.63	0.500	0.001	-0.234	
50.67	0.499	-0.005	-0.166	
50.70	0.499	-0.009	-0.095	
50.73	0.499	-0.011	-0.055	
50.77	0.499	-0.009	-0.114	
50.80	0.498	-0.016	-0.214	
50.83	0.498	-0.030	-0.128	
50.87	0.496	-0.031	0.127	
50.90	0.495	-0.016	0.253	
50.93	0.495	-0.010	0.257	
50.97	0.495	-0.002	0.276	
51.00	0.495	0.013	0.163	
51.03	0.496	0.015	-0.087	
51.07	0.496	0.001	-0.170	
51.10	0.496	-0.003	-0.077	
51.13	0.496	-0.003	0.002	
51.17	0.495	-0.001	0.031	
51.20	0.496	0.000	0.028	
51.23	0.495	0.001	0.005	
51.27	0.496	0.002	-0.070	
51.30	0.496	-0.001	-0.174	
51.33	0.496	-0.015	-0.104	
51.37	0.494	-0.015	0.144	
51.40	0.495	-0.000	0.255	
51.43	0.495	0.007	0.226	
51.47	0.495	0.014	0.193	
51.50	0.496	0.017	0.200	
51.53	0.496	0.031	0.107	
51.57	0.498	0.031	-0.138	
51.60	0.498	0.016	-0.231	
51.63	0.499	0.010	-0.187	
51.67	0.499	0.006	-0.183	
51.70	0.499	0.001	-0.238	
51.73	0.499	-0.015	-0.158	
51.77	0.498	-0.016	0.078	
51.80	0.498	-0.004	0.160	
51.83	0.498	-0.000	0.098	
51.87	0.498	0.002	0.036	
51.90	0.498	0.002	-0.018	
51.93	0.498	0.000	-0.040	
51.97	0.498	-0.002	-0.031	
52.00	0.498	-0.002	-0.006	
52.03	0.498	-0.003	0.041	
52.07	0.498	-0.001	0.120	
52.10	0.498	0.004	0.208	
52.13	0.498	0.019	0.129	
52.17	0.500	0.020	-0.145	
52.20	0.500	0.002	-0.252	
52.23	0.499	-0.004	-0.159	
52.27	0.499	-0.007	-0.067	
52.30	0.499	-0.007	-0.005	
52.33	0.499	-0.006	0.004	
52.37	0.498	-0.006	-0.021	
52.40	0.498	-0.007	-0.062	
52.43	0.498	-0.009	-0.122	
52.47	0.498	-0.014	-0.195	
52.50	0.497	-0.028	-0.107	
52.53	0.495	-0.027	0.132	
52.57	0.495	-0.013	0.243	
52.60	0.495	-0.007	0.246	
52.63	0.495	0.001	0.262	
52.67	0.495	0.015	0.143	
52.70	0.496	0.015	-0.102	
52.73	0.496	0.002	-0.173	
52.77	0.496	-0.002	-0.082	
52.80	0.496	-0.002	-0.008	
52.83	0.496	-0.001	0.039	
52.87	0.496	0.002	0.023	
52.90	0.496	0.001	-0.007	
52.93	0.496	0.000	-0.004	
52.97	0.496	0.001	-0.017	
53.00	0.496	0.001	-0.070	
53.03	0.496	-0.002	-0.152	
53.07	0.496	-0.015	-0.055	
53.10	0.495	-0.013	0.230	
53.13	0.495	0.006	0.359	
53.17	0.495	0.022	0.182	
53.20	0.497	0.016	0.023	
53.23	0.496	0.016	0.051	
53.27	0.498	0.025	-0.032	
53.30	0.498	0.015	-0.121	
53.33	0.498	0.012	-0.093	
53.37	0.499	0.010	-0.101	
53.40	0.499	0.007	-0.149	
53.43	0.499	0.001	-0.225	
53.47	0.500	-0.013	-0.150	
53.50	0.498	-0.015	0.093	
53.53	0.498	-0.002	0.218	
53.57	0.498	0.005	0.186	
53.60	0.499	0.008	0.152	
53.63	0.498	0.020	-0.009	
53.67	0.500	0.015	-0.316	
53.70	0.500	-0.015	-0.263	
53.73	0.498	-0.017	0.149	
53.77	0.498	0.009	0.231	
53.80	0.500	0.012	-0.042	
53.83	0.499	-0.001	-0.171	
53.87	0.499	-0.006	-0.122	
53.90	0.499	-0.008	-0.068	
53.93	0.499	-0.010	-0.041	
53.97	0.498	-0.010	-0.057	
54.00	0.498	-0.012	-0.119	
54.03	0.498	-0.017	-0.194	
54.07	0.498	-0.031	-0.107	
54.10	0.495	-0.030	0.148	
54.13	0.495	-0.014	0.246	
54.17	0.494	-0.009	0.211	
54.20	0.494	-0.003	0.223	
54.23	0.494	0.004	0.266	
54.27	0.494	0.021	0.144	
54.30	0.496	0.019	-0.120	
54.33	0.496	0.006	-0.196	
54.37	0.496	0.000	-0.101	
54.40	0.496	0.000	-0.018	
54.43	0.496	0.002	-0.024	
54.47	0.496	0.001	-0.102	
54.50	0.496	-0.004	-0.192	
54.53	0.496	-0.018	-0.112	
54.57	0.495	-0.018	0.144	
54.60	0.494	-0.003	0.276	
54.63	0.495	0.005	0.275	
54.67	0.495	0.013	0.275	
54.70	0.495	0.028	0.140	
54.73	0.497	0.028	-0.123	
54.77	0.498	0.013	-0.215	
54.80	0.498	0.007	-0.126	
54.83	0.498	0.006	-0.036	
54.87	0.498	0.007	0.007	
54.90	0.499	0.007	0.003	
54.93	0.499	0.007	-0.024	
54.97	0.499	0.008	-0.118	
55.00	0.499	0.001	-0.236	
55.03	0.499	-0.015	-0.126	
55.07	0.498	-0.015	0.204	
55.10	0.498	0.003	0.387	
55.13	0.498	0.023	0.192	
55.17	0.500	0.023	-0.212	
55.20	0.500	0.003	-0.424	
55.23	0.500	-0.018	-0.259	
55.27	0.498	-0.020	0.067	
55.30	0.498	-0.005	0.178	
55.33	0.499	-0.002	0.098	
55.37	0.498	-0.001	0.068	
55.40	0.498	0.001	0.073	
55.43	0.498	0.004	0.066	
55.47	0.498	0.012	-0.076	
55.50	0.500	-0.003	-0.160	
55.53	0.498	-0.013	0.094	
55.57	0.498	0.010	0.180	
55.60	0.500	0.012	-0.067	
55.63	0.499	-0.001	-0.184	
55.67	0.499	-0.004	-0.200	
55.70	0.499	-0.012	-0.224	
55.73	0.498	-0.019	-0.238	
55.77	0.498	-0.033	-0.115	
55.80	0.495	-0.032	0.169	
55.83	0.495	-0.016	0.301	
55.87	0.495	-0.007	0.269	
55.90	0.495	-0.000	0.241	
55.93	0.494	0.012	0.128	
55.97	0.496	0.013	-0.086	
56.00	0.496	0.001	-0.150	
56.03	0.496	-0.003	-0.056	
56.07	0.495	-0.001	0.011	
56.10	0.496	0.000	0.027	
56.13	0.495	0.001	0.004	
56.17	0.496	0.002	-0.073	
56.20	0.496	-0.002	-0.169	
56.23	0.496	-0.016	-0.050	
56.27	0.494	-0.013	0.264	
56.30	0.495	0.008	0.396	
56.33	0.495	0.025	0.214	
56.37	0.497	0.020	0.040	
56.40	0.496	0.020	0.051	
56.43	0.498	0.030	-0.085	
56.47	0.499	0.016	-0.236	
56.50	0.499	0.008	-0.207	
56.53	0.499	-0.004	-0.033	
56.57	0.498	0.008	0.079	
56.60	0.500	0.016	-0.153	
56.63	0.500	-0.010	-0.183	
56.67	0.499	-0.011	0.153	
56.70	0.499	0.007	0.315	
56.73	0.499	0.024	0.111	
56.77	0.501	0.019	-0.221	
56.80	0.501	-0.007	-0.156	
56.83	0.499	0.002	0.097	
56.87	0.501	0.014	0.004	
56.90	0.501	0.004	-0.146	
56.93	0.501	-0.002	-0.160	
56.97	0.501	-0.006	-0.167	
57.00	0.501	-0.011	-0.198	
57.03	0.500	-0.025	-0.074	
57.07	0.499	-0.022	0.205	
57.10	0.498	-0.008	0.362	
57.13	0.498	0.012	0.238	
57.17	0.500	0.014	-0.068	
57.20	0.499	0.000	-0.198	
57.23	0.499	-0.006	-0.133	
57.27	0.499	-0.008	-0.064	
57.30	0.499	-0.008	-0.056	
57.33	0.498	-0.009	-0.104	
57.37	0.498	-0.014	-0.142	
57.40	0.498	-0.026	0.018	
57.43	0.496	-0.020	0.334	
57.47	0.496	0.009	0.294	
57.50	0.498	0.013	-0.097	
57.53	0.497	-0.003	-0.338	
57.57	0.497	-0.022	-0.231	
57.60	0.495	-0.025	0.074	
57.63	0.495	-0.011	0.213	
57.67	0.495	-0.004	0.161	
57.70	0.495	-0.000	0.093	
57.73	0.495	0.001	0.054	
57.77	0.495	0.003	0.024	
57.80	0.495	0.002	0.011	
57.83	0.495	0.004	0.014	
57.87	0.495	0.003	0.039	
57.90	0.495	0.003	0.133	
57.93	0.495	0.010	0.228	
57.97	0.495	0.025	0.138	
58.00	0.498	0.026	-0.107	
58.03	0.498	0.012	-0.181	
58.07	0.498	0.007	-0.083	
58.10	0.498	0.008	-0.007	
58.13	0.499	0.009	-0.000	
58.17	0.499	0.009	-0.063	
58.20	0.499	0.006	-0.148	
58.23	0.499	-0.000	-0.207	
58.27	0.500	-0.014	-0.063	
58.30	0.498	-0.011	0.249	
58.33	0.498	0.009	0.353	
58.37	0.498	0.025	0.104	
58.40	0.501	0.020	-0.256	
58.43	0.501	-0.007	-0.246	
58.47	0.499	-0.007	0.045	
58.50	0.499	0.011	-0.004	
58.53	0.501	-0.001	-0.203	
58.57	0.499	-0.016	-0.080	
58.60	0.499	-0.007	0.089	
58.63	0.499	-0.004	0.106	
58.67	0.499	-0.002	0.124	
58.70	0.499	0.009	0.032	
58.73	0.500	0.000	-0.052	
58.77	0.498	-0.001	0.017	
58.80	0.500	0.008	-0.067	
58.83	0.500	-0.005	-0.158	
58.87	0.499	-0.009	-0.112	
58.90	0.499	-0.011	-0.103	
58.93	0.498	-0.014	-0.135	
58.97	0.498	-0.018	-0.188	
59.00	0.498	-0.031	-0.097	
59.03	0.496	-0.031	0.142	
59.07	0.495	-0.016	0.231	
59.10	0.495	-0.010	0.168	
59.13	0.494	-0.007	0.151	
59.17	0.494	-0.003	0.206	
59.20	0.494	0.006	0.270	
59.23	0.494	0.023	0.130	
59.27	0.496	0.020	-0.165	
59.30	0.496	0.005	-0.292	
59.33	0.496	-0.003	-0.286	
59.37	0.496	-0.018	-0.139	
59.40	0.495	-0.017	0.138	
59.43	0.495	-0.002	0.225	
59.47	0.495	0.004	0.146	
59.50	0.495	0.006	0.112	
59.53	0.495	0.009	0.140	
59.57	0.495	0.013	0.200	
59.60	0.496	0.027	0.123	
59.63	0.498	0.028	-0.108	
59.67	0.498	0.014	-0.195	
59.70	0.498	0.009	-0.123	
59.73	0.499	0.007	-0.066	
59.77	0.499	0.006	-0.033	
59.80	0.499	0.005	-0.024	
59.83	0.499	0.005	-0.053	
59.87	0.499	0.003	-0.123	
59.90	0.499	-0.002	-0.205	
59.93	0.500	-0.015	-0.166	
59.97	0.498	-0.018	-0.007	
60.00	0.498	-0.010	0.129	
