Vernier Format 2
1.1.txt 1/28/2019 19:45:16
Run 1
Time	Position	Velocity	Acceleration	
T	P	V	A	
s	m	m/s	m/s^2	

0.00	0.494	0.003	-0.052	
0.03	0.494	0.001	-0.033	
0.07	0.494	0.000	-0.013	
0.10	0.494	0.000	0.000	
0.13	0.494	0.000	0.020	
0.17	0.494	0.001	0.066	
0.20	0.494	0.004	0.133	
0.23	0.495	0.009	0.182	
0.27	0.494	0.022	0.065	
0.30	0.497	0.020	-0.218	
0.33	0.497	-0.005	-0.191	
0.37	0.495	0.003	-0.011	
0.40	0.497	0.001	0.028	
0.43	0.495	-0.003	0.237	
0.47	0.496	0.023	0.261	
0.50	0.498	0.026	-0.029	
0.53	0.498	0.014	-0.157	
0.57	0.498	0.009	-0.109	
0.60	0.499	0.008	-0.057	
0.63	0.499	0.008	-0.068	
0.67	0.499	0.005	-0.146	
0.70	0.499	-0.001	-0.232	
0.73	0.500	-0.017	-0.139	
0.77	0.498	-0.016	0.103	
0.80	0.498	-0.002	0.160	
0.83	0.498	-0.000	0.080	
0.87	0.498	0.000	0.059	
0.90	0.498	0.001	0.100	
0.93	0.498	0.005	0.182	
0.97	0.498	0.019	0.096	
1.00	0.500	0.018	-0.161	
1.03	0.499	0.002	-0.239	
1.07	0.500	-0.004	-0.154	
1.10	0.499	-0.007	-0.083	
1.13	0.499	-0.008	-0.065	
1.17	0.499	-0.010	-0.086	
1.20	0.499	-0.014	-0.083	
1.23	0.498	-0.022	0.074	
1.27	0.496	-0.006	0.135	
1.30	0.498	0.001	-0.149	
1.33	0.497	-0.024	-0.211	
1.37	0.495	-0.027	0.066	
1.40	0.495	-0.013	0.183	
1.43	0.495	-0.008	0.135	
1.47	0.494	-0.005	0.093	
1.50	0.495	-0.003	0.088	
1.53	0.494	-0.001	0.118	
1.57	0.494	0.004	0.148	
1.60	0.494	0.016	0.011	
1.63	0.496	0.005	-0.142	
1.67	0.494	0.001	-0.151	
1.70	0.496	-0.005	-0.126	
1.73	0.494	-0.015	0.091	
1.77	0.494	0.002	0.263	
1.80	0.494	0.017	0.083	
1.83	0.497	0.007	-0.096	
1.87	0.495	-0.003	0.055	
1.90	0.495	0.016	0.099	
1.93	0.497	0.009	0.020	
1.97	0.495	0.011	0.077	
2.00	0.497	0.020	-0.030	
2.03	0.498	0.009	-0.114	
2.07	0.498	0.007	-0.051	
2.10	0.498	0.007	-0.015	
2.13	0.498	0.006	0.006	
2.17	0.498	0.008	-0.008	
2.20	0.499	0.006	-0.026	
2.23	0.499	0.005	-0.024	
2.27	0.499	0.005	-0.052	
2.30	0.499	0.004	-0.122	
2.33	0.499	-0.001	-0.213	
2.37	0.499	-0.016	-0.149	
2.40	0.498	-0.018	0.085	
2.43	0.498	-0.005	0.182	
2.47	0.498	0.000	0.111	
2.50	0.498	0.002	0.028	
2.53	0.498	0.001	-0.015	
2.57	0.498	0.000	-0.024	
2.60	0.498	-0.001	-0.032	
2.63	0.498	-0.002	-0.025	
2.67	0.498	-0.004	0.029	
2.70	0.498	-0.002	0.110	
2.73	0.498	0.003	0.177	
2.77	0.497	0.016	0.084	
2.80	0.499	0.015	-0.168	
2.83	0.499	-0.001	-0.280	
2.87	0.499	-0.009	-0.247	
2.90	0.498	-0.015	-0.247	
2.93	0.498	-0.029	-0.144	
2.97	0.496	-0.030	0.100	
3.00	0.496	-0.016	0.194	
3.03	0.495	-0.012	0.139	
3.07	0.495	-0.009	0.111	
3.10	0.494	-0.006	0.133	
3.13	0.494	0.001	0.129	
3.17	0.495	0.003	0.098	
3.20	0.494	0.012	-0.035	
3.23	0.496	-0.001	-0.122	
3.27	0.494	-0.010	0.107	
3.30	0.494	0.014	0.131	
3.33	0.496	0.014	-0.213	
3.37	0.496	-0.012	-0.265	
3.40	0.494	-0.016	0.022	
3.43	0.495	-0.004	0.170	
3.47	0.494	0.002	0.136	
3.50	0.495	0.005	0.078	
3.53	0.495	0.006	0.034	
3.57	0.495	0.006	0.050	
3.60	0.495	0.007	0.131	
3.63	0.496	0.013	0.217	
3.67	0.496	0.028	0.129	
3.70	0.498	0.028	-0.119	
3.73	0.498	0.014	-0.209	
3.77	0.499	0.009	-0.143	
3.80	0.499	0.006	-0.087	
3.83	0.499	0.005	-0.085	
3.87	0.499	0.002	-0.139	
3.90	0.499	-0.003	-0.207	
3.93	0.499	-0.017	-0.127	
3.97	0.498	-0.019	0.133	
4.00	0.497	-0.004	0.282	
4.03	0.498	0.007	0.227	
4.07	0.498	0.009	0.176	
4.10	0.498	0.020	0.081	
4.13	0.500	0.020	-0.132	
4.17	0.500	0.006	-0.202	
4.20	0.500	0.001	-0.125	
4.23	0.500	-0.001	-0.067	
4.27	0.500	-0.002	-0.035	
4.30	0.499	-0.003	-0.023	
4.33	0.500	-0.003	-0.023	
4.37	0.499	-0.004	-0.017	
4.40	0.499	-0.005	-0.006	
4.43	0.499	-0.004	-0.025	
4.47	0.499	-0.005	-0.079	
4.50	0.499	-0.009	-0.148	
4.53	0.499	-0.014	-0.220	
4.57	0.498	-0.029	-0.134	
4.60	0.496	-0.030	0.124	
4.63	0.495	-0.015	0.244	
4.67	0.496	-0.008	0.209	
4.70	0.495	-0.004	0.211	
4.73	0.495	0.010	0.099	
4.77	0.496	0.004	-0.025	
4.80	0.495	0.002	0.021	
4.83	0.496	0.010	-0.057	
4.87	0.496	0.000	-0.178	
4.90	0.496	-0.006	-0.172	
4.93	0.496	-0.016	-0.031	
4.97	0.495	-0.015	0.253	
5.00	0.494	0.012	0.228	
5.03	0.496	0.015	-0.166	
5.07	0.496	-0.011	-0.247	
5.10	0.495	-0.015	0.054	
5.13	0.495	-0.001	0.211	
5.17	0.495	0.006	0.159	
5.20	0.495	0.010	0.061	
5.23	0.496	0.008	0.030	
5.27	0.496	0.008	0.112	
5.30	0.496	0.014	0.211	
5.33	0.496	0.030	0.090	
5.37	0.499	0.028	-0.246	
5.40	0.499	0.008	-0.424	
5.43	0.499	-0.012	-0.268	
5.47	0.497	-0.015	0.044	
5.50	0.498	-0.001	0.165	
5.53	0.498	0.003	0.087	
5.57	0.498	0.003	0.017	
5.60	0.498	0.003	-0.014	
5.63	0.498	0.002	-0.026	
5.67	0.498	0.001	-0.025	
5.70	0.498	0.000	-0.013	
5.73	0.498	-0.001	0.019	
5.77	0.498	0.000	0.069	
5.80	0.498	0.004	0.103	
5.83	0.498	0.016	-0.083	
5.87	0.500	-0.001	-0.274	
5.90	0.498	-0.016	-0.098	
5.93	0.498	-0.008	0.105	
5.97	0.498	-0.004	0.180	
6.00	0.498	0.003	0.232	
6.03	0.498	0.017	0.111	
6.07	0.499	0.016	-0.145	
6.10	0.499	0.001	-0.244	
6.13	0.499	-0.005	-0.192	
6.17	0.499	-0.010	-0.138	
6.20	0.499	-0.019	0.029	
6.23	0.496	-0.007	0.153	
6.27	0.498	0.003	-0.041	
6.30	0.498	-0.015	-0.116	
6.33	0.496	-0.010	-0.048	
6.37	0.498	-0.013	-0.085	
6.40	0.496	-0.022	0.038	
6.43	0.495	-0.011	0.179	
6.47	0.495	-0.005	0.188	
6.50	0.495	0.001	0.158	
6.53	0.495	0.011	-0.017	
6.57	0.497	-0.001	-0.149	
6.60	0.495	-0.011	0.035	
6.63	0.495	0.009	0.069	
6.67	0.497	-0.000	-0.059	
6.70	0.495	-0.009	0.115	
6.73	0.495	0.016	0.106	
6.77	0.497	0.005	-0.050	
6.80	0.495	-0.004	0.163	
6.83	0.495	0.021	0.238	
6.87	0.497	0.026	-0.019	
6.90	0.498	0.014	-0.147	
6.93	0.498	0.009	-0.101	
6.97	0.498	0.008	-0.044	
7.00	0.498	0.008	-0.038	
7.03	0.499	0.007	-0.089	
7.07	0.499	0.003	-0.154	
7.10	0.499	-0.009	-0.059	
7.13	0.498	0.000	0.015	
7.17	0.500	-0.001	-0.077	
7.20	0.498	-0.012	0.014	
7.23	0.498	-0.002	0.147	
7.27	0.498	0.003	0.144	
7.30	0.498	0.007	0.109	
7.33	0.498	0.016	-0.098	
7.37	0.500	0.001	-0.293	
7.40	0.498	-0.016	-0.144	
7.43	0.498	-0.009	0.047	
7.47	0.498	-0.007	0.096	
7.50	0.498	-0.004	0.146	
7.53	0.498	0.001	0.210	
7.57	0.498	0.016	0.124	
7.60	0.499	0.016	-0.149	
7.63	0.499	0.002	-0.324	
7.67	0.499	-0.010	-0.323	
7.70	0.499	-0.027	-0.079	
7.73	0.497	-0.023	0.326	
7.77	0.496	0.009	0.331	
7.80	0.498	0.013	-0.032	
7.83	0.498	-0.002	-0.208	
7.87	0.498	-0.007	-0.201	
7.90	0.497	-0.012	-0.216	
7.93	0.497	-0.026	-0.114	
7.97	0.495	-0.026	0.127	
8.00	0.495	-0.011	0.210	
8.03	0.495	-0.006	0.138	
8.07	0.495	-0.003	0.071	
8.10	0.495	-0.003	0.032	
8.13	0.495	-0.002	0.028	
8.17	0.494	-0.001	0.024	
8.20	0.495	-0.000	0.020	
8.23	0.494	0.000	0.044	
8.27	0.495	0.002	0.082	
8.30	0.494	0.005	0.101	
8.33	0.495	0.016	-0.067	
8.37	0.496	0.002	-0.243	
8.40	0.495	-0.013	-0.070	
8.43	0.495	-0.004	0.161	
8.47	0.495	0.003	0.250	
8.50	0.495	0.012	0.298	
8.53	0.495	0.030	0.119	
8.57	0.498	0.027	-0.212	
8.60	0.498	0.008	-0.301	
8.63	0.498	-0.007	-0.035	
8.67	0.496	0.007	0.202	
8.70	0.498	0.021	0.059	
8.73	0.498	0.011	-0.127	
8.77	0.499	0.007	-0.177	
8.80	0.499	0.001	-0.204	
8.83	0.499	-0.013	-0.033	
8.87	0.497	-0.009	0.291	
8.90	0.498	0.019	0.254	
8.93	0.500	0.022	-0.144	
8.97	0.500	0.003	-0.353	
9.00	0.500	-0.017	-0.155	
9.03	0.498	-0.014	0.215	
9.07	0.498	0.012	0.215	
9.10	0.500	0.013	-0.108	
9.13	0.500	-0.009	-0.109	
9.17	0.498	-0.002	0.073	
9.20	0.499	0.008	-0.018	
9.23	0.499	-0.003	-0.121	
9.27	0.499	-0.006	-0.088	
9.30	0.499	-0.008	-0.047	
9.33	0.498	-0.009	-0.003	
9.37	0.498	-0.008	0.014	
9.40	0.498	-0.007	-0.019	
9.43	0.498	-0.007	-0.118	
9.47	0.498	-0.014	-0.226	
9.50	0.497	-0.029	-0.124	
9.53	0.495	-0.028	0.149	
9.57	0.495	-0.013	0.268	
9.60	0.495	-0.006	0.267	
9.63	0.494	0.002	0.298	
9.67	0.494	0.019	0.165	
9.70	0.496	0.020	-0.144	
9.73	0.496	0.003	-0.297	
9.77	0.496	-0.005	-0.289	
9.80	0.496	-0.019	-0.152	
9.83	0.494	-0.020	0.114	
9.87	0.494	-0.006	0.214	
9.90	0.494	0.000	0.148	
9.93	0.495	0.003	0.110	
9.97	0.494	0.005	0.143	
10.00	0.495	0.011	0.185	
10.03	0.495	0.024	0.034	
10.07	0.497	0.020	-0.262	
10.10	0.497	-0.005	-0.234	
10.13	0.496	-0.009	0.123	
10.17	0.495	0.015	0.195	
10.20	0.498	0.019	-0.105	
10.23	0.498	-0.004	-0.148	
10.27	0.496	0.003	-0.018	
10.30	0.498	0.000	0.019	
10.33	0.496	-0.003	0.215	
10.37	0.497	0.021	0.223	
10.40	0.499	0.023	-0.049	
10.43	0.499	0.011	-0.164	
10.47	0.499	0.006	-0.123	
10.50	0.499	0.003	-0.062	
10.53	0.499	0.003	-0.020	
10.57	0.499	0.003	-0.007	
10.60	0.499	0.003	-0.012	
10.63	0.500	0.003	-0.052	
10.67	0.499	0.001	-0.135	
10.70	0.500	-0.005	-0.235	
10.73	0.500	-0.021	-0.150	
10.77	0.498	-0.022	0.127	
10.80	0.498	-0.008	0.271	
10.83	0.498	-0.001	0.299	
10.87	0.497	0.017	0.166	
10.90	0.499	0.017	-0.130	
10.93	0.499	0.001	-0.234	
10.97	0.499	-0.005	-0.149	
11.00	0.498	-0.008	-0.068	
11.03	0.498	-0.008	-0.051	
11.07	0.498	-0.009	-0.075	
11.10	0.498	-0.013	-0.088	
11.13	0.497	-0.022	0.058	
11.17	0.495	-0.007	0.146	
11.20	0.497	0.001	-0.087	
11.23	0.497	-0.021	-0.118	
11.27	0.495	-0.020	0.161	
11.30	0.494	0.003	0.154	
11.33	0.496	-0.004	0.022	
11.37	0.494	-0.010	0.207	
11.40	0.494	0.015	0.239	
11.43	0.496	0.019	-0.066	
11.47	0.496	0.005	-0.253	
11.50	0.496	-0.003	-0.284	
11.53	0.496	-0.018	-0.145	
11.57	0.494	-0.019	0.157	
11.60	0.494	-0.002	0.296	
11.63	0.495	0.007	0.268	
11.67	0.495	0.014	0.254	
11.70	0.495	0.028	0.123	
11.73	0.497	0.027	-0.120	
11.77	0.497	0.013	-0.194	
11.80	0.498	0.009	-0.120	
11.83	0.498	0.006	-0.045	
11.87	0.498	0.007	-0.005	
11.90	0.498	0.007	-0.006	
11.93	0.499	0.006	-0.003	
11.97	0.499	0.007	-0.004	
12.00	0.499	0.007	-0.019	
12.03	0.499	0.005	-0.012	
12.07	0.499	0.006	-0.012	
12.10	0.500	0.005	-0.037	
12.13	0.500	0.003	-0.068	
12.17	0.500	0.001	-0.129	
12.20	0.500	-0.003	-0.221	
12.23	0.500	-0.019	-0.146	
12.27	0.498	-0.020	0.111	
12.30	0.498	-0.005	0.186	
12.33	0.498	-0.001	0.093	
12.37	0.498	-0.000	0.025	
12.40	0.498	-0.002	0.031	
12.43	0.498	-0.001	0.105	
12.47	0.498	0.004	0.164	
12.50	0.498	0.018	0.012	
12.53	0.500	0.013	-0.307	
12.57	0.500	-0.017	-0.247	
12.60	0.498	-0.018	0.165	
12.63	0.498	0.008	0.235	
12.67	0.499	0.011	-0.047	
12.70	0.499	-0.003	-0.163	
12.73	0.499	-0.006	-0.094	
12.77	0.499	-0.007	-0.053	
12.80	0.498	-0.007	-0.091	
12.83	0.498	-0.010	-0.186	
12.87	0.498	-0.026	-0.089	
12.90	0.496	-0.025	0.237	
12.93	0.495	-0.005	0.410	
12.97	0.495	0.017	0.170	
13.00	0.498	0.014	-0.268	
13.03	0.497	-0.016	-0.313	
13.07	0.495	-0.021	0.016	
13.10	0.495	-0.007	0.176	
13.13	0.495	-0.002	0.131	
13.17	0.495	0.001	0.077	
13.20	0.495	0.002	0.045	
13.23	0.495	0.004	0.021	
13.27	0.496	0.003	0.018	
13.30	0.496	0.004	0.051	
13.33	0.496	0.007	0.095	
13.37	0.496	0.010	0.148	
13.40	0.496	0.016	0.185	
13.43	0.497	0.029	0.044	
13.47	0.499	0.024	-0.221	
13.50	0.499	0.001	-0.176	
13.53	0.498	0.008	0.019	
13.57	0.500	0.015	-0.070	
13.60	0.500	-0.004	-0.020	
13.63	0.498	0.009	0.124	
13.67	0.501	0.019	-0.094	
13.70	0.501	0.004	-0.320	
13.73	0.501	-0.015	-0.201	
13.77	0.499	-0.017	0.132	
13.80	0.499	0.001	0.282	
13.83	0.499	0.008	0.219	
13.87	0.499	0.020	-0.013	
13.90	0.501	0.012	-0.342	
13.93	0.501	-0.017	-0.285	
13.97	0.499	-0.019	0.076	
14.00	0.499	0.004	0.072	
14.03	0.501	-0.007	-0.106	
14.07	0.499	-0.019	0.083	
14.10	0.499	-0.003	0.314	
14.13	0.498	0.015	0.205	
14.17	0.500	0.017	-0.098	
14.20	0.500	0.001	-0.215	
14.23	0.500	-0.005	-0.118	
14.27	0.499	-0.005	-0.030	
14.30	0.500	-0.004	-0.010	
14.33	0.499	-0.005	-0.022	
14.37	0.499	-0.006	-0.020	
14.40	0.499	-0.006	-0.047	
14.43	0.499	-0.007	-0.121	
14.47	0.498	-0.013	-0.173	
14.50	0.498	-0.026	-0.037	
14.53	0.496	-0.022	0.237	
14.57	0.496	0.004	0.150	
14.60	0.498	-0.005	-0.122	
14.63	0.496	-0.019	-0.040	
14.67	0.495	-0.010	0.115	
14.70	0.495	-0.004	0.102	
14.73	0.495	-0.002	0.047	
14.77	0.495	-0.002	0.024	
14.80	0.495	-0.002	0.033	
14.83	0.495	0.000	0.045	
14.87	0.495	0.002	0.043	
14.90	0.495	0.002	0.065	
14.93	0.495	0.004	0.136	
14.97	0.495	0.010	0.232	
15.00	0.496	0.026	0.163	
15.03	0.498	0.027	-0.090	
15.07	0.498	0.014	-0.211	
15.10	0.498	0.008	-0.172	
15.13	0.499	0.004	-0.136	
15.17	0.499	-0.006	0.011	
15.20	0.497	0.006	0.107	
15.23	0.499	0.015	-0.134	
15.27	0.500	-0.009	-0.207	
15.30	0.498	-0.012	0.044	
15.33	0.498	0.001	0.137	
15.37	0.498	0.004	0.076	
15.40	0.499	0.003	0.055	
15.43	0.498	0.004	0.105	
15.47	0.499	0.009	0.156	
15.50	0.499	0.022	0.003	
15.53	0.501	0.018	-0.359	
15.57	0.501	-0.015	-0.381	
15.60	0.499	-0.021	-0.040	
15.63	0.499	-0.008	0.102	
15.67	0.499	-0.007	0.050	
15.70	0.499	-0.008	0.036	
15.73	0.498	-0.006	0.073	
15.77	0.498	-0.003	0.129	
15.80	0.498	0.002	0.179	
15.83	0.498	0.014	0.069	
15.87	0.499	0.011	-0.141	
15.90	0.499	-0.002	-0.181	
15.93	0.499	-0.005	-0.112	
15.97	0.499	-0.007	-0.087	
16.00	0.498	-0.009	-0.118	
16.03	0.498	-0.013	-0.194	
16.07	0.498	-0.027	-0.108	
16.10	0.496	-0.027	0.161	
16.13	0.495	-0.010	0.268	
16.17	0.496	-0.003	0.202	
16.20	0.495	0.001	0.151	
16.23	0.495	0.012	-0.007	
16.27	0.497	0.000	-0.148	
16.30	0.495	-0.011	0.017	
16.33	0.495	0.009	0.022	
16.37	0.497	-0.002	-0.148	
16.40	0.495	-0.014	-0.000	
16.43	0.495	-0.001	0.144	
16.47	0.495	0.001	0.166	
16.50	0.495	0.006	0.245	
16.53	0.495	0.022	0.162	
16.57	0.497	0.024	-0.098	
16.60	0.498	0.009	-0.194	
16.63	0.497	0.005	-0.108	
16.67	0.498	0.004	-0.039	
16.70	0.498	0.003	0.001	
16.73	0.498	0.004	0.032	
16.77	0.498	0.006	0.034	
16.80	0.498	0.007	0.010	
16.83	0.498	0.006	0.004	
16.87	0.499	0.007	-0.000	
16.90	0.499	0.007	-0.024	
16.93	0.499	0.006	-0.063	
16.97	0.499	0.004	-0.127	
17.00	0.500	-0.001	-0.206	
17.03	0.500	-0.015	-0.131	
17.07	0.498	-0.016	0.096	
17.10	0.498	-0.003	0.172	
17.13	0.498	0.001	0.094	
17.17	0.498	0.002	0.024	
17.20	0.498	0.001	-0.005	
17.23	0.498	0.001	-0.004	
17.27	0.498	0.002	-0.036	
17.30	0.499	-0.002	-0.058	
17.33	0.498	-0.004	-0.003	
17.37	0.498	-0.003	0.092	
17.40	0.498	0.001	0.187	
17.43	0.498	0.015	0.107	
17.47	0.499	0.015	-0.142	
17.50	0.499	-0.001	-0.224	
17.53	0.499	-0.006	-0.138	
17.57	0.499	-0.008	-0.075	
17.60	0.498	-0.010	-0.056	
17.63	0.498	-0.011	-0.062	
17.67	0.498	-0.013	-0.070	
17.70	0.498	-0.022	0.056	
17.73	0.495	-0.009	0.150	
17.77	0.497	0.002	-0.092	
17.80	0.497	-0.021	-0.179	
17.83	0.495	-0.023	0.076	
17.87	0.495	-0.009	0.190	
17.90	0.495	-0.004	0.134	
17.93	0.494	-0.002	0.082	
17.97	0.495	0.000	0.058	
18.00	0.494	0.002	0.042	
18.03	0.495	0.003	0.025	
18.07	0.495	0.004	0.008	
18.10	0.495	0.003	0.002	
18.13	0.495	0.003	0.030	
18.17	0.495	0.007	0.018	
18.20	0.495	0.004	-0.007	
18.23	0.495	0.005	-0.003	
18.27	0.496	0.005	-0.010	
18.30	0.496	0.004	-0.001	
18.33	0.496	0.005	0.010	
18.37	0.496	0.004	0.034	
18.40	0.496	0.005	0.108	
18.43	0.496	0.010	0.209	
18.47	0.496	0.025	0.137	
18.50	0.498	0.025	-0.112	
18.53	0.499	0.011	-0.201	
18.57	0.499	0.006	-0.126	
18.60	0.499	0.004	-0.049	
18.63	0.499	0.005	-0.010	
18.67	0.499	0.004	-0.018	
18.70	0.499	0.003	-0.029	
18.73	0.500	0.003	-0.059	
18.77	0.499	0.001	-0.131	
18.80	0.500	-0.004	-0.222	
18.83	0.500	-0.020	-0.144	
18.87	0.498	-0.020	0.110	
18.90	0.498	-0.007	0.226	
18.93	0.498	-0.001	0.223	
18.97	0.498	0.006	0.237	
19.00	0.498	0.019	0.105	
19.03	0.499	0.017	-0.138	
19.07	0.499	0.004	-0.225	
19.10	0.499	-0.003	-0.166	
19.13	0.499	-0.005	-0.127	
19.17	0.499	-0.009	-0.151	
19.20	0.499	-0.014	-0.210	
19.23	0.499	-0.028	-0.130	
19.27	0.496	-0.028	0.086	
19.30	0.496	-0.016	0.155	
19.33	0.495	-0.014	0.121	
19.37	0.495	-0.009	0.089	
19.40	0.495	-0.008	0.056	
19.43	0.495	-0.007	0.062	
19.47	0.494	-0.004	0.083	
19.50	0.495	-0.002	0.124	
19.53	0.494	0.002	0.181	
19.57	0.494	0.016	0.075	
19.60	0.496	0.015	-0.213	
19.63	0.496	-0.009	-0.208	
19.67	0.494	-0.004	-0.047	
19.70	0.496	-0.004	-0.058	
19.73	0.494	-0.013	0.051	
19.77	0.494	-0.002	0.158	
19.80	0.494	0.003	0.121	
19.83	0.495	0.006	0.090	
19.87	0.495	0.008	0.093	
19.90	0.495	0.012	0.117	
19.93	0.496	0.013	0.176	
19.97	0.496	0.028	0.105	
20.00	0.498	0.027	-0.141	
20.03	0.498	0.012	-0.218	
20.07	0.498	0.007	-0.126	
20.10	0.498	0.005	-0.050	
20.13	0.499	0.005	-0.015	
20.17	0.499	0.005	-0.016	
20.20	0.499	0.004	-0.029	
20.23	0.499	0.003	-0.034	
20.27	0.499	0.001	-0.015	
20.30	0.499	0.002	-0.005	
20.33	0.499	0.002	-0.016	
20.37	0.499	0.001	-0.019	
20.40	0.499	0.000	-0.011	
20.43	0.499	0.000	-0.008	
20.47	0.499	-0.000	-0.011	
20.50	0.499	-0.001	-0.019	
20.53	0.499	-0.002	-0.015	
20.57	0.499	-0.002	-0.001	
20.60	0.499	-0.001	-0.005	
20.63	0.499	-0.002	-0.015	
20.67	0.499	-0.003	-0.016	
20.70	0.499	-0.003	-0.016	
20.73	0.499	-0.004	-0.002	
20.77	0.499	-0.004	0.018	
20.80	0.499	-0.001	-0.011	
20.83	0.499	-0.004	-0.045	
20.87	0.498	-0.006	-0.028	
20.90	0.498	-0.005	-0.036	
20.93	0.498	-0.006	-0.093	
20.97	0.498	-0.010	-0.155	
21.00	0.498	-0.024	-0.024	
21.03	0.496	-0.020	0.281	
21.07	0.495	0.009	0.218	
21.10	0.497	0.009	-0.185	
21.13	0.497	-0.019	-0.217	
21.17	0.495	-0.020	0.116	
21.20	0.495	0.004	0.107	
21.23	0.497	-0.005	-0.114	
21.27	0.494	-0.018	-0.005	
21.30	0.494	-0.007	0.145	
21.33	0.494	-0.000	0.116	
21.37	0.495	0.002	0.058	
21.40	0.494	0.001	0.066	
21.43	0.495	0.003	0.163	
21.47	0.494	0.011	0.261	
21.50	0.495	0.027	0.165	
21.53	0.497	0.028	-0.089	
21.57	0.497	0.014	-0.169	
21.60	0.497	0.011	-0.085	
21.63	0.498	0.012	-0.085	
21.67	0.498	0.009	-0.174	
21.70	0.499	0.001	-0.258	
21.73	0.499	-0.016	-0.146	
21.77	0.497	-0.015	0.127	
21.80	0.497	0.001	0.183	
21.83	0.498	0.003	0.071	
21.87	0.498	0.002	0.044	
21.90	0.498	0.004	0.071	
21.93	0.498	0.007	0.077	
21.97	0.498	0.016	-0.098	
22.00	0.500	0.001	-0.278	
22.03	0.498	-0.015	-0.106	
22.07	0.498	-0.007	0.115	
22.10	0.498	-0.001	0.177	
22.13	0.498	0.004	0.217	
22.17	0.498	0.018	0.109	
22.20	0.500	0.017	-0.139	
22.23	0.499	0.002	-0.210	
22.27	0.499	-0.003	-0.109	
22.30	0.499	-0.003	-0.038	
22.33	0.499	-0.003	-0.019	
22.37	0.499	-0.005	-0.009	
22.40	0.499	-0.005	0.015	
22.43	0.498	-0.004	0.040	
22.47	0.498	-0.000	0.020	
22.50	0.499	-0.002	-0.015	
22.53	0.498	-0.002	-0.021	
22.57	0.498	-0.003	-0.024	
22.60	0.498	-0.004	-0.014	
22.63	0.498	-0.004	-0.003	
22.67	0.498	-0.003	-0.038	
22.70	0.498	-0.005	-0.127	
22.73	0.498	-0.011	-0.215	
22.77	0.498	-0.025	-0.126	
22.80	0.495	-0.025	0.128	
22.83	0.495	-0.011	0.229	
22.87	0.495	-0.005	0.186	
22.90	0.495	-0.001	0.177	
22.93	0.495	0.004	0.200	
22.97	0.495	0.019	0.051	
23.00	0.497	0.016	-0.278	
23.03	0.497	-0.012	-0.282	
23.07	0.495	-0.016	0.071	
23.10	0.495	-0.000	0.260	
23.13	0.495	0.009	0.233	
23.17	0.496	0.021	0.034	
23.20	0.498	0.010	-0.129	
23.23	0.496	-0.000	0.048	
23.27	0.496	0.019	0.104	
23.30	0.499	0.011	0.027	
23.33	0.497	0.014	0.056	
23.37	0.499	0.024	-0.149	
23.40	0.500	0.006	-0.365	
23.43	0.500	-0.013	-0.238	
23.47	0.498	-0.015	0.057	
23.50	0.498	-0.002	0.172	
23.53	0.498	0.002	0.105	
23.57	0.498	0.004	0.036	
23.60	0.499	0.004	-0.022	
23.63	0.499	0.002	-0.032	
23.67	0.499	0.002	-0.029	
23.70	0.499	0.000	-0.032	
23.73	0.499	-0.001	-0.018	
23.77	0.499	-0.001	-0.020	
23.80	0.499	-0.001	-0.048	
23.83	0.499	-0.005	-0.053	
23.87	0.498	-0.007	0.005	
23.90	0.498	-0.006	0.110	
23.93	0.498	-0.001	0.220	
23.97	0.498	0.015	0.147	
24.00	0.499	0.016	-0.119	
24.03	0.499	0.001	-0.222	
24.07	0.499	-0.005	-0.131	
24.10	0.499	-0.007	-0.032	
24.13	0.499	-0.005	0.013	
24.17	0.498	-0.004	-0.016	
24.20	0.498	-0.004	-0.110	
24.23	0.498	-0.011	-0.190	
24.27	0.498	-0.025	-0.051	
24.30	0.496	-0.021	0.230	
24.33	0.496	0.005	0.154	
24.37	0.498	-0.004	-0.090	
24.40	0.495	-0.016	0.008	
24.43	0.496	-0.004	0.142	
24.47	0.496	-0.000	0.129	
24.50	0.496	0.003	0.108	
24.53	0.495	0.013	-0.070	
24.57	0.498	-0.001	-0.223	
24.60	0.495	-0.014	-0.054	
24.63	0.496	-0.003	0.091	
24.67	0.495	-0.001	0.070	
24.70	0.496	0.000	0.056	
24.73	0.495	0.001	0.082	
24.77	0.496	0.005	0.136	
24.80	0.496	0.011	0.160	
24.83	0.496	0.021	0.038	
24.87	0.498	0.011	-0.050	
24.90	0.496	0.011	0.028	
24.93	0.498	0.019	-0.033	
24.97	0.499	0.010	-0.104	
25.00	0.499	0.007	-0.049	
25.03	0.499	0.007	-0.018	
25.07	0.499	0.008	-0.042	
25.10	0.499	0.007	-0.136	
25.13	0.500	-0.000	-0.228	
25.17	0.500	-0.015	-0.105	
25.20	0.498	-0.015	0.221	
25.23	0.498	0.005	0.383	
25.27	0.499	0.023	0.168	
25.30	0.500	0.022	-0.222	
25.33	0.501	0.002	-0.395	
25.37	0.500	-0.019	-0.167	
25.40	0.499	-0.016	0.224	
25.43	0.498	0.011	0.224	
25.47	0.500	0.012	-0.115	
25.50	0.500	-0.011	-0.112	
25.53	0.498	-0.003	0.094	
25.57	0.500	0.008	0.015	
25.60	0.500	-0.001	-0.107	
25.63	0.499	-0.005	-0.107	
25.67	0.499	-0.009	-0.069	
25.70	0.499	-0.010	-0.019	
25.73	0.499	-0.009	-0.015	
25.77	0.498	-0.010	-0.044	
25.80	0.498	-0.011	-0.090	
25.83	0.498	-0.015	-0.129	
25.87	0.498	-0.026	-0.004	
25.90	0.495	-0.022	0.270	
25.93	0.495	0.006	0.185	
25.97	0.497	-0.004	-0.055	
26.00	0.495	-0.013	0.066	
26.03	0.495	0.008	0.034	
26.07	0.497	-0.004	-0.146	
26.10	0.495	-0.015	-0.005	
26.13	0.495	-0.003	0.129	
26.17	0.495	0.000	0.095	
26.20	0.495	0.002	0.070	
26.23	0.495	0.004	0.071	
26.27	0.495	0.006	0.081	
26.30	0.495	0.008	0.096	
26.33	0.495	0.019	-0.028	
26.37	0.498	0.006	-0.123	
26.40	0.496	-0.004	0.130	
26.43	0.496	0.021	0.224	
26.47	0.498	0.025	-0.042	
26.50	0.498	0.012	-0.174	
26.53	0.498	0.007	-0.124	
26.57	0.499	0.005	-0.065	
26.60	0.499	0.003	-0.025	
26.63	0.499	0.003	0.000	
26.67	0.499	0.004	0.006	
26.70	0.499	0.003	0.010	
26.73	0.499	0.004	0.025	
26.77	0.499	0.007	-0.004	
26.80	0.500	0.004	-0.037	
26.83	0.499	0.003	-0.030	
26.87	0.500	0.002	-0.030	
26.90	0.500	0.001	-0.045	
26.93	0.500	0.000	-0.080	
26.97	0.500	-0.003	-0.116	
27.00	0.500	-0.015	0.024	
27.03	0.498	-0.002	0.166	
27.07	0.500	0.009	-0.009	
27.10	0.500	-0.010	-0.024	
27.13	0.498	0.000	0.124	
27.17	0.500	0.010	-0.002	
27.20	0.500	-0.000	-0.117	
27.23	0.499	-0.004	-0.092	
27.27	0.499	-0.006	-0.060	
27.30	0.499	-0.007	-0.034	
27.33	0.499	-0.008	-0.021	
27.37	0.498	-0.008	-0.023	
27.40	0.498	-0.009	-0.036	
27.43	0.498	-0.010	-0.061	
27.47	0.498	-0.013	-0.077	
27.50	0.497	-0.022	0.082	
27.53	0.495	-0.008	0.248	
27.57	0.497	0.006	0.116	
27.60	0.496	0.000	-0.038	
27.63	0.496	-0.003	-0.040	
27.67	0.496	-0.003	-0.009	
27.70	0.496	-0.003	0.013	
27.73	0.496	-0.002	0.024	
27.77	0.496	-0.001	0.019	
27.80	0.496	0.000	-0.012	
27.83	0.496	-0.001	-0.039	
27.87	0.496	-0.003	-0.044	
27.90	0.496	-0.011	0.124	
27.93	0.494	0.005	0.287	
27.97	0.497	0.021	0.113	
28.00	0.497	0.012	-0.067	
28.03	0.497	0.009	-0.066	
28.07	0.497	0.008	-0.035	
28.10	0.498	0.008	-0.012	
28.13	0.498	0.008	-0.012	
28.17	0.498	0.007	-0.019	
28.20	0.498	0.006	-0.016	
28.23	0.499	0.006	-0.005	
28.27	0.499	0.006	-0.015	
28.30	0.499	0.005	-0.034	
28.33	0.499	0.003	-0.030	
28.37	0.499	0.003	-0.017	
28.40	0.499	0.002	-0.009	
28.43	0.499	0.002	-0.008	
28.47	0.499	0.001	0.003	
28.50	0.499	0.003	-0.005	
28.53	0.500	0.001	-0.018	
28.57	0.499	0.002	-0.023	
28.60	0.500	0.000	-0.033	
28.63	0.499	-0.001	-0.019	
28.67	0.500	-0.001	-0.012	
28.70	0.499	-0.002	-0.009	
28.73	0.499	-0.002	-0.001	
28.77	0.499	-0.001	-0.011	
28.80	0.499	-0.003	-0.024	
28.83	0.499	-0.004	-0.015	
28.87	0.499	-0.003	-0.011	
28.90	0.499	-0.004	-0.027	
28.93	0.499	-0.006	-0.022	
28.97	0.498	-0.006	-0.008	
29.00	0.499	-0.006	-0.016	
29.03	0.498	-0.007	-0.034	
29.07	0.498	-0.007	-0.065	
29.10	0.498	-0.010	-0.096	
29.13	0.498	-0.020	0.016	
29.17	0.495	-0.009	0.106	
29.20	0.497	0.000	-0.116	
29.23	0.497	-0.023	-0.167	
29.27	0.495	-0.024	0.133	
29.30	0.495	-0.009	0.322	
29.33	0.494	0.003	0.333	
29.37	0.495	0.018	0.169	
29.40	0.496	0.018	-0.098	
29.43	0.496	0.004	-0.170	
29.47	0.496	0.001	-0.087	
29.50	0.496	0.001	-0.062	
29.53	0.496	-0.000	-0.091	
29.57	0.496	-0.004	-0.120	
29.60	0.496	-0.015	0.023	
29.63	0.495	-0.010	0.329	
29.67	0.495	0.020	0.302	
29.70	0.497	0.023	-0.059	
29.73	0.497	0.002	-0.081	
29.77	0.496	0.010	0.115	
29.80	0.498	0.021	0.042	
29.83	0.498	0.014	-0.079	
29.87	0.498	0.011	-0.096	
29.90	0.499	0.008	-0.114	
29.93	0.499	0.004	-0.153	
29.97	0.499	-0.001	-0.218	
30.00	0.499	-0.015	-0.153	
30.03	0.498	-0.017	0.079	
30.07	0.498	-0.005	0.209	
30.10	0.498	0.002	0.179	
30.13	0.498	0.006	0.131	
30.17	0.498	0.017	-0.051	
30.20	0.500	0.001	-0.159	
30.23	0.498	-0.009	0.110	
30.27	0.498	0.015	0.197	
30.30	0.500	0.018	-0.073	
30.33	0.500	0.004	-0.203	
30.37	0.499	-0.003	-0.140	
30.40	0.499	-0.005	-0.059	
30.43	0.499	-0.005	-0.018	
30.47	0.499	-0.005	-0.010	
30.50	0.499	-0.006	-0.012	
30.53	0.499	-0.007	-0.003	
30.57	0.498	-0.006	0.003	
30.60	0.498	-0.006	-0.007	
30.63	0.498	-0.006	-0.020	
30.67	0.498	-0.006	-0.045	
30.70	0.498	-0.008	-0.106	
30.73	0.498	-0.018	-0.062	
30.77	0.496	-0.011	-0.015	
30.80	0.497	-0.014	-0.065	
30.83	0.495	-0.023	0.063	
30.87	0.495	-0.010	0.175	
30.90	0.495	-0.005	0.128	
30.93	0.495	-0.002	0.088	
30.97	0.494	-0.001	0.100	
31.00	0.495	0.004	0.133	
31.03	0.495	0.007	0.155	
31.07	0.495	0.019	0.040	
31.10	0.497	0.016	-0.232	
31.13	0.496	-0.008	-0.210	
31.17	0.495	-0.003	-0.024	
31.20	0.497	-0.003	0.044	
31.23	0.495	-0.006	0.232	
31.27	0.495	0.020	0.201	
31.30	0.497	0.019	-0.114	
31.33	0.497	-0.003	-0.056	
31.37	0.496	0.009	0.172	
31.40	0.498	0.023	0.053	
31.43	0.498	0.013	-0.095	
31.47	0.498	0.009	-0.079	
31.50	0.499	0.008	-0.048	
31.53	0.499	0.008	-0.055	
31.57	0.499	0.006	-0.116	
31.60	0.499	0.001	-0.170	
31.63	0.500	-0.013	-0.022	
31.67	0.498	-0.008	0.290	
31.70	0.498	0.019	0.272	
31.73	0.500	0.021	-0.050	
31.77	0.500	0.009	-0.219	
31.80	0.500	0.001	-0.213	
31.83	0.501	-0.011	-0.050	
31.87	0.499	-0.002	0.107	
31.90	0.500	0.009	-0.043	
31.93	0.501	-0.011	-0.057	
31.97	0.499	-0.003	0.110	
32.00	0.500	0.008	0.010	
32.03	0.500	-0.001	-0.110	
32.07	0.500	-0.006	-0.089	
32.10	0.499	-0.008	-0.044	
32.13	0.499	-0.008	-0.011	
32.17	0.499	-0.008	-0.002	
32.20	0.499	-0.008	-0.001	
32.23	0.498	-0.008	-0.005	
32.27	0.498	-0.008	-0.033	
32.30	0.498	-0.009	-0.093	
32.33	0.498	-0.012	-0.175	
32.37	0.498	-0.026	-0.106	
32.40	0.496	-0.026	0.132	
32.43	0.495	-0.011	0.221	
32.47	0.495	-0.006	0.156	
32.50	0.495	-0.001	0.082	
32.53	0.495	-0.001	0.024	
32.57	0.495	-0.001	0.025	
32.60	0.495	-0.000	0.066	
32.63	0.495	0.002	0.112	
32.67	0.495	0.008	0.114	
32.70	0.495	0.017	-0.041	
32.73	0.497	0.004	-0.141	
32.77	0.495	-0.007	0.089	
32.80	0.495	0.017	0.153	
32.83	0.498	0.018	-0.120	
32.87	0.498	-0.005	-0.081	
32.90	0.496	0.005	0.143	
32.93	0.498	0.019	0.030	
32.97	0.498	0.009	-0.131	
33.00	0.498	0.004	-0.132	
33.03	0.499	-0.007	0.045	
33.07	0.497	0.007	0.217	
33.10	0.499	0.020	0.066	
33.13	0.499	0.011	-0.076	
33.17	0.499	0.009	-0.063	
33.20	0.499	0.007	-0.044	
33.23	0.500	0.006	-0.019	
33.27	0.500	0.006	-0.001	
33.30	0.500	0.007	-0.005	
33.33	0.500	0.006	-0.016	
33.37	0.501	0.005	-0.023	
33.40	0.501	0.004	-0.038	
33.43	0.501	0.003	-0.066	
33.47	0.501	-0.000	-0.083	
33.50	0.501	-0.002	-0.100	
33.53	0.501	-0.013	0.038	
33.57	0.499	0.000	0.168	
33.60	0.501	0.012	-0.044	
33.63	0.501	-0.003	-0.233	
33.67	0.501	-0.019	-0.047	
33.70	0.499	-0.007	0.180	
33.73	0.500	0.007	0.072	
33.77	0.500	-0.002	-0.068	
33.80	0.500	-0.004	-0.064	
33.83	0.500	-0.006	-0.057	
33.87	0.500	-0.008	-0.047	
33.90	0.499	-0.010	-0.029	
33.93	0.499	-0.010	0.000	
33.97	0.498	-0.010	0.029	
34.00	0.498	-0.008	0.046	
34.03	0.498	-0.006	0.036	
34.07	0.498	-0.005	-0.002	
34.10	0.498	-0.005	-0.058	
34.13	0.498	-0.008	-0.119	
34.17	0.497	-0.019	-0.017	
34.20	0.495	-0.008	0.082	
34.23	0.497	-0.006	-0.005	
34.27	0.496	-0.016	0.076	
34.30	0.495	-0.003	0.191	
34.33	0.496	0.005	0.092	
34.37	0.496	0.002	0.007	
34.40	0.496	0.002	0.023	
34.43	0.496	0.004	0.072	
34.47	0.496	0.006	0.145	
34.50	0.496	0.013	0.210	
34.53	0.496	0.026	0.088	
34.57	0.499	0.023	-0.145	
34.60	0.498	0.009	-0.189	
34.63	0.499	0.006	-0.101	
34.67	0.499	0.005	-0.043	
34.70	0.499	0.004	-0.009	
34.73	0.499	0.005	-0.001	
34.77	0.499	0.004	-0.016	
34.80	0.499	0.003	-0.029	
34.83	0.500	0.003	-0.059	
34.87	0.499	0.001	-0.130	
34.90	0.500	-0.004	-0.217	
34.93	0.500	-0.020	-0.131	
34.97	0.498	-0.020	0.127	
35.00	0.498	-0.004	0.209	
35.03	0.498	0.000	0.116	
35.07	0.498	0.001	0.051	
35.10	0.498	0.002	0.024	
35.13	0.498	0.003	0.007	
35.17	0.498	0.003	-0.023	
35.20	0.498	0.001	-0.044	
35.23	0.498	-0.000	-0.039	
35.27	0.498	-0.002	-0.021	
35.30	0.498	-0.002	0.028	
35.33	0.498	-0.001	0.099	
35.37	0.498	0.003	0.174	
35.40	0.498	0.016	0.093	
35.43	0.499	0.015	-0.144	
35.47	0.500	0.001	-0.235	
35.50	0.499	-0.006	-0.182	
35.53	0.499	-0.010	-0.147	
35.57	0.499	-0.014	-0.144	
35.60	0.498	-0.024	-0.034	
35.63	0.496	-0.015	0.041	
35.67	0.498	-0.015	-0.027	
35.70	0.495	-0.023	0.067	
35.73	0.495	-0.011	0.150	
35.77	0.495	-0.007	0.088	
35.80	0.495	-0.006	0.054	
35.83	0.495	-0.005	0.047	
35.87	0.495	-0.003	0.046	
35.90	0.494	-0.002	0.048	
35.93	0.495	0.000	0.051	
35.97	0.494	0.002	0.045	
36.00	0.495	0.003	0.039	
36.03	0.495	0.004	0.046	
36.07	0.495	0.007	0.024	
36.10	0.495	0.005	0.018	
36.13	0.495	0.007	0.060	
36.17	0.496	0.009	0.117	
36.20	0.496	0.013	0.203	
36.23	0.496	0.028	0.127	
36.27	0.498	0.028	-0.123	
36.30	0.499	0.013	-0.217	
36.33	0.499	0.007	-0.138	
36.37	0.499	0.005	-0.064	
36.40	0.499	0.005	-0.054	
36.43	0.499	0.003	-0.094	
36.47	0.499	-0.000	-0.152	
36.50	0.500	-0.013	-0.060	
36.53	0.498	-0.004	0.055	
36.57	0.500	-0.004	0.056	
36.60	0.498	-0.009	0.233	
36.63	0.498	0.017	0.241	
36.67	0.500	0.019	-0.055	
36.70	0.500	0.006	-0.180	
36.73	0.500	0.001	-0.133	
36.77	0.500	-0.002	-0.064	
36.80	0.499	-0.002	-0.011	
36.83	0.500	-0.002	0.016	
36.87	0.499	-0.001	0.032	
36.90	0.499	0.002	-0.000	
36.93	0.500	-0.001	-0.033	
36.97	0.499	-0.002	-0.022	
37.00	0.499	-0.003	-0.014	
37.03	0.499	-0.003	-0.015	
37.07	0.499	-0.003	-0.030	
37.10	0.499	-0.005	-0.056	
37.13	0.499	-0.006	-0.085	
37.17	0.499	-0.009	-0.125	
37.20	0.499	-0.020	-0.049	
37.23	0.496	-0.012	0.009	
37.27	0.498	-0.013	-0.062	
37.30	0.496	-0.023	0.041	
37.33	0.496	-0.011	0.156	
37.37	0.495	-0.006	0.104	
37.40	0.496	-0.005	0.044	
37.43	0.495	-0.005	0.017	
37.47	0.495	-0.004	0.004	
37.50	0.495	-0.005	0.004	
37.53	0.495	-0.004	0.026	
37.57	0.495	-0.003	0.042	
37.60	0.495	-0.001	0.039	
37.63	0.495	0.000	0.037	
37.67	0.495	0.001	0.050	
37.70	0.495	0.003	0.066	
37.73	0.495	0.007	0.064	
37.77	0.495	0.006	0.109	
37.80	0.495	0.010	0.217	
37.83	0.495	0.027	0.137	
37.87	0.498	0.027	-0.153	
37.90	0.498	0.011	-0.296	
37.93	0.498	0.003	-0.256	
37.97	0.498	-0.011	-0.042	
38.00	0.496	-0.006	0.305	
38.03	0.497	0.022	0.293	
38.07	0.499	0.026	-0.079	
38.10	0.499	0.010	-0.306	
38.13	0.499	-0.001	-0.329	
38.17	0.500	-0.016	-0.182	
38.20	0.498	-0.018	0.088	
38.23	0.498	-0.005	0.188	
38.27	0.498	0.002	0.095	
38.30	0.498	0.001	-0.003	
38.33	0.498	-0.003	0.013	
38.37	0.498	-0.001	0.113	
38.40	0.498	0.005	0.195	
38.43	0.498	0.018	0.107	
38.47	0.499	0.018	-0.131	
38.50	0.500	0.003	-0.209	
38.53	0.499	-0.002	-0.116	
38.57	0.499	-0.002	-0.056	
38.60	0.499	-0.004	-0.035	
38.63	0.499	-0.005	-0.016	
38.67	0.499	-0.005	-0.007	
38.70	0.499	-0.005	-0.003	
38.73	0.499	-0.005	-0.009	
38.77	0.498	-0.005	-0.044	
38.80	0.498	-0.007	-0.114	
38.83	0.498	-0.011	-0.193	
38.87	0.498	-0.025	-0.105	
38.90	0.496	-0.025	0.145	
38.93	0.496	-0.009	0.221	
38.97	0.495	-0.003	0.112	
39.00	0.496	-0.004	0.033	
39.03	0.495	-0.004	0.021	
39.07	0.495	-0.002	0.009	
39.10	0.495	-0.003	-0.012	
39.13	0.495	-0.004	-0.002	
39.17	0.495	-0.003	0.013	
39.20	0.495	-0.003	0.018	
39.23	0.495	-0.002	0.026	
39.27	0.495	-0.001	0.028	
39.30	0.495	0.000	0.031	
39.33	0.495	0.001	0.051	
39.37	0.495	0.003	0.097	
39.40	0.495	0.007	0.144	
39.43	0.495	0.011	0.210	
39.47	0.495	0.027	0.120	
39.50	0.498	0.025	-0.140	
39.53	0.497	0.010	-0.227	
39.57	0.498	0.005	-0.160	
39.60	0.498	0.002	-0.109	
39.63	0.498	-0.007	0.066	
39.67	0.496	0.006	0.230	
39.70	0.499	0.020	0.085	
39.73	0.499	0.012	-0.085	
39.77	0.499	0.009	-0.129	
39.80	0.499	0.004	-0.177	
39.83	0.499	-0.001	-0.237	
39.87	0.499	-0.016	-0.162	
39.90	0.498	-0.019	0.087	
39.93	0.498	-0.005	0.189	
39.97	0.498	0.001	0.089	
40.00	0.498	-0.000	-0.008	
40.03	0.498	-0.003	-0.019	
40.07	0.498	-0.002	0.013	
40.10	0.498	-0.001	0.043	
40.13	0.498	-0.001	0.099	
40.17	0.498	0.003	0.176	
40.20	0.497	0.016	0.104	
40.23	0.499	0.017	-0.135	
40.27	0.499	0.001	-0.226	
40.30	0.499	-0.004	-0.154	
40.33	0.499	-0.007	-0.114	
40.37	0.498	-0.009	-0.132	
40.40	0.498	-0.014	-0.193	
40.43	0.498	-0.028	-0.101	
40.47	0.496	-0.026	0.135	
40.50	0.495	-0.012	0.202	
40.53	0.495	-0.008	0.131	
40.57	0.495	-0.005	0.079	
40.60	0.495	-0.003	0.043	
40.63	0.495	-0.003	0.027	
40.67	0.495	-0.002	0.028	
40.70	0.495	-0.001	0.026	
40.73	0.495	0.000	0.019	
40.77	0.495	0.000	0.016	
40.80	0.495	0.001	0.005	
40.83	0.495	0.001	0.001	
40.87	0.495	0.001	0.015	
40.90	0.495	0.002	0.019	
40.93	0.495	0.002	0.013	
40.97	0.495	0.003	0.014	
41.00	0.495	0.003	0.024	
41.03	0.495	0.004	0.043	
41.07	0.495	0.007	0.049	
41.10	0.496	0.006	0.093	
41.13	0.496	0.010	0.194	
41.17	0.496	0.025	0.121	
41.20	0.498	0.025	-0.128	
41.23	0.498	0.010	-0.205	
41.27	0.498	0.005	-0.104	
41.30	0.498	0.005	-0.026	
41.33	0.498	0.005	0.001	
41.37	0.499	0.005	0.002	
41.40	0.499	0.005	-0.003	
41.43	0.499	0.005	-0.011	
41.47	0.499	0.005	-0.024	
41.50	0.499	0.003	-0.032	
41.53	0.499	0.003	-0.060	
41.57	0.500	0.001	-0.130	
41.60	0.499	-0.004	-0.218	
41.63	0.500	-0.020	-0.137	
41.67	0.498	-0.020	0.117	
41.70	0.498	-0.005	0.219	
41.73	0.498	-0.001	0.203	
41.77	0.498	0.004	0.232	
41.80	0.498	0.019	0.116	
41.83	0.500	0.018	-0.139	
41.87	0.499	0.003	-0.210	
41.90	0.499	-0.001	-0.143	
41.93	0.499	-0.005	-0.101	
41.97	0.499	-0.007	-0.083	
42.00	0.499	-0.009	-0.100	
42.03	0.498	-0.012	-0.136	
42.07	0.498	-0.024	-0.044	
42.10	0.496	-0.014	0.034	
42.13	0.498	-0.015	-0.029	
42.17	0.495	-0.023	0.071	
42.20	0.495	-0.011	0.161	
42.23	0.495	-0.007	0.110	
42.27	0.495	-0.004	0.075	
42.30	0.495	-0.003	0.053	
42.33	0.495	-0.001	0.035	
42.37	0.495	-0.000	0.017	
42.40	0.495	0.000	0.013	
42.43	0.495	0.000	0.023	
42.47	0.495	0.001	0.041	
42.50	0.495	0.004	0.037	
42.53	0.495	0.004	0.013	
42.57	0.495	0.004	0.017	
42.60	0.495	0.005	0.053	
42.63	0.495	0.007	0.098	
42.67	0.496	0.010	0.150	
42.70	0.496	0.023	0.054	
42.73	0.498	0.014	-0.040	
42.77	0.496	0.013	0.037	
42.80	0.498	0.023	-0.059	
42.83	0.499	0.009	-0.157	
42.87	0.499	0.006	-0.096	
42.90	0.499	0.004	-0.058	
42.93	0.499	0.003	-0.028	
42.97	0.499	0.003	-0.013	
43.00	0.499	0.003	-0.013	
43.03	0.499	0.003	-0.046	
43.07	0.499	0.001	-0.119	
43.10	0.500	-0.004	-0.208	
43.13	0.499	-0.018	-0.138	
43.17	0.498	-0.020	0.103	
43.20	0.498	-0.006	0.193	
43.23	0.498	-0.000	0.101	
43.27	0.498	-0.000	0.015	
43.30	0.498	-0.002	-0.009	
43.33	0.498	-0.002	0.009	
43.37	0.498	-0.001	0.019	
43.40	0.498	-0.000	0.021	
43.43	0.498	0.000	0.046	
43.47	0.498	0.002	0.098	
43.50	0.498	0.006	0.141	
43.53	0.498	0.016	0.049	
43.57	0.499	0.013	-0.135	
43.60	0.499	0.001	-0.167	
43.63	0.499	-0.001	-0.107	
43.67	0.499	-0.004	-0.072	
43.70	0.499	-0.005	-0.050	
43.73	0.499	-0.007	-0.068	
43.77	0.498	-0.009	-0.120	
43.80	0.498	-0.013	-0.204	
43.83	0.498	-0.028	-0.124	
43.87	0.496	-0.029	0.157	
43.90	0.495	-0.012	0.296	
43.93	0.495	-0.003	0.251	
43.97	0.495	0.004	0.200	
44.00	0.495	0.015	0.050	
44.03	0.497	0.004	-0.011	
44.07	0.495	0.007	0.106	
44.10	0.497	0.019	0.013	
44.13	0.497	0.010	-0.141	
44.17	0.497	0.005	-0.175	
44.20	0.498	-0.001	-0.180	
44.23	0.498	-0.013	0.009	
44.27	0.496	-0.008	0.346	
44.30	0.496	0.023	0.302	
44.33	0.499	0.027	-0.125	
44.37	0.499	0.008	-0.371	
44.40	0.499	-0.012	-0.228	
44.43	0.497	-0.013	0.086	
44.47	0.498	0.003	0.162	
44.50	0.498	0.004	0.073	
44.53	0.498	0.005	0.026	
44.57	0.498	0.005	-0.006	
44.60	0.498	0.005	-0.021	
44.63	0.499	0.003	-0.026	
44.67	0.498	0.003	-0.023	
44.70	0.499	0.002	-0.026	
44.73	0.499	0.001	-0.023	
44.77	0.499	0.000	-0.012	
44.80	0.499	0.000	-0.008	
44.83	0.499	-0.000	-0.009	
44.87	0.499	-0.000	-0.016	
44.90	0.499	-0.002	-0.015	
44.93	0.498	-0.001	-0.019	
44.97	0.499	-0.003	-0.030	
45.00	0.498	-0.004	-0.017	
45.03	0.498	-0.004	-0.001	
45.07	0.498	-0.005	0.043	
45.10	0.498	-0.003	0.136	
45.13	0.498	0.004	0.224	
45.17	0.498	0.019	0.121	
45.20	0.500	0.018	-0.137	
45.23	0.500	0.002	-0.202	
45.27	0.499	-0.002	-0.091	
45.30	0.499	-0.000	-0.042	
45.33	0.499	-0.003	-0.050	
45.37	0.499	-0.005	-0.045	
45.40	0.499	-0.006	-0.022	
45.43	0.499	-0.006	-0.011	
45.47	0.499	-0.006	-0.049	
45.50	0.498	-0.008	-0.112	
45.53	0.498	-0.012	-0.186	
45.57	0.498	-0.026	-0.112	
45.60	0.496	-0.026	0.124	
45.63	0.496	-0.011	0.204	
45.67	0.496	-0.007	0.132	
45.70	0.495	-0.004	0.088	
45.73	0.495	-0.003	0.101	
45.77	0.495	0.001	0.154	
45.80	0.495	0.007	0.200	
45.83	0.495	0.021	0.076	
45.87	0.497	0.018	-0.189	
45.90	0.497	-0.005	-0.110	
45.93	0.496	0.004	0.139	
45.97	0.497	0.017	0.064	
46.00	0.498	0.010	-0.056	
46.03	0.498	0.008	-0.048	
46.07	0.498	0.006	-0.017	
46.10	0.498	0.007	0.004	
46.13	0.499	0.010	-0.057	
46.17	0.499	0.004	-0.116	
46.20	0.499	-0.007	0.037	
46.23	0.498	0.006	0.194	
46.27	0.499	0.019	0.009	
46.30	0.500	0.008	-0.225	
46.33	0.500	-0.002	-0.293	
46.37	0.500	-0.018	-0.170	
46.40	0.498	-0.018	0.102	
46.43	0.498	-0.004	0.211	
46.47	0.498	0.000	0.196	
46.50	0.498	0.005	0.224	
46.53	0.498	0.020	0.116	
46.57	0.500	0.019	-0.146	
46.60	0.500	0.003	-0.224	
46.63	0.500	-0.002	-0.134	
46.67	0.500	-0.004	-0.075	
46.70	0.500	-0.006	-0.032	
46.73	0.499	-0.006	-0.010	
46.77	0.499	-0.006	-0.016	
46.80	0.499	-0.007	-0.034	
46.83	0.499	-0.007	-0.067	
46.87	0.499	-0.010	-0.114	
46.90	0.499	-0.021	-0.022	
46.93	0.496	-0.011	0.057	
46.97	0.498	-0.009	-0.048	
47.00	0.496	-0.021	0.023	
47.03	0.496	-0.010	0.139	
47.07	0.496	-0.005	0.091	
47.10	0.496	-0.004	0.047	
47.13	0.496	-0.003	0.017	
47.17	0.495	-0.003	0.002	
47.20	0.495	-0.004	0.011	
47.23	0.495	-0.003	0.023	
47.27	0.495	-0.001	0.012	
47.30	0.495	-0.002	0.006	
47.33	0.495	-0.002	0.028	
47.37	0.495	-0.000	0.066	
47.40	0.495	0.002	0.109	
47.43	0.495	0.007	0.141	
47.47	0.495	0.018	0.022	
47.50	0.497	0.007	-0.090	
47.53	0.495	0.005	-0.050	
47.57	0.497	0.012	-0.161	
47.60	0.497	-0.011	-0.102	
47.63	0.495	-0.008	0.257	
47.67	0.496	0.019	0.286	
47.70	0.498	0.023	0.003	
47.73	0.498	0.012	-0.123	
47.77	0.498	0.008	-0.077	
47.80	0.498	0.007	-0.027	
47.83	0.498	0.007	0.004	
47.87	0.499	0.010	-0.046	
47.90	0.499	0.006	-0.156	
47.93	0.499	-0.000	-0.242	
47.97	0.500	-0.016	-0.155	
48.00	0.498	-0.017	0.098	
48.03	0.498	-0.003	0.192	
48.07	0.498	0.002	0.100	
48.10	0.498	0.002	0.010	
48.13	0.498	0.001	-0.023	
48.17	0.498	0.000	-0.018	
48.20	0.498	-0.000	-0.013	
48.23	0.498	-0.001	0.000	
48.27	0.498	0.000	0.014	
48.30	0.498	-0.001	0.052	
48.33	0.498	0.000	0.149	
48.37	0.498	0.014	0.090	
48.40	0.499	0.013	-0.140	
48.43	0.499	-0.001	-0.207	
48.47	0.499	-0.006	-0.119	
48.50	0.499	-0.008	-0.045	
48.53	0.498	-0.008	-0.009	
48.57	0.498	-0.008	-0.004	
48.60	0.498	-0.008	-0.023	
48.63	0.498	-0.008	-0.067	
48.67	0.497	-0.011	-0.114	
48.70	0.497	-0.020	-0.044	
48.73	0.495	-0.021	0.186	
48.77	0.495	0.003	0.136	
48.80	0.497	-0.005	-0.091	
48.83	0.495	-0.016	0.008	
48.87	0.495	-0.005	0.154	
48.90	0.495	-0.000	0.155	
48.93	0.495	0.005	0.124	
48.97	0.495	0.014	-0.062	
49.00	0.497	0.000	-0.215	
49.03	0.495	-0.013	-0.033	
49.07	0.495	-0.001	0.153	
49.10	0.495	0.004	0.176	
49.13	0.495	0.008	0.220	
49.17	0.495	0.023	0.132	
49.20	0.497	0.023	-0.104	
49.23	0.497	0.009	-0.177	
49.27	0.498	0.006	-0.100	
49.30	0.498	0.005	-0.045	
49.33	0.498	0.004	-0.008	
49.37	0.498	0.005	0.003	
49.40	0.498	0.005	-0.002	
49.43	0.498	0.004	0.010	
49.47	0.498	0.005	0.026	
49.50	0.498	0.006	0.028	
49.53	0.499	0.008	-0.002	
49.57	0.499	0.006	-0.041	
49.60	0.499	0.005	-0.078	
49.63	0.499	0.002	-0.138	
49.67	0.499	-0.003	-0.204	
49.70	0.500	-0.017	-0.135	
49.73	0.498	-0.018	0.086	
49.77	0.498	-0.006	0.172	
49.80	0.498	-0.001	0.108	
49.83	0.498	0.000	0.056	
49.87	0.498	0.001	0.041	
49.90	0.498	0.001	0.083	
49.93	0.498	0.004	0.164	
49.97	0.498	0.018	0.090	
50.00	0.499	0.017	-0.154	
50.03	0.500	0.001	-0.236	
50.07	0.499	-0.005	-0.138	
50.10	0.499	-0.006	-0.061	
50.13	0.499	-0.007	-0.028	
50.17	0.499	-0.008	-0.018	
50.20	0.498	-0.008	-0.023	
50.23	0.498	-0.009	-0.044	
50.27	0.498	-0.010	-0.098	
50.30	0.498	-0.014	-0.175	
50.33	0.497	-0.027	-0.088	
50.37	0.495	-0.025	0.145	
50.40	0.495	-0.012	0.254	
50.43	0.495	-0.005	0.260	
50.47	0.495	0.003	0.264	
50.50	0.494	0.018	0.109	
50.53	0.496	0.017	-0.205	
50.57	0.496	-0.001	-0.367	
50.60	0.496	-0.019	-0.205	
50.63	0.494	-0.020	0.116	
50.67	0.494	-0.003	0.238	
50.70	0.494	0.004	0.141	
50.73	0.495	0.004	0.062	
50.77	0.495	0.005	0.067	
50.80	0.495	0.008	0.114	
50.83	0.495	0.011	0.197	
50.87	0.495	0.026	0.135	
50.90	0.497	0.027	-0.112	
50.93	0.498	0.012	-0.199	
50.97	0.498	0.007	-0.111	
51.00	0.498	0.007	-0.049	
51.03	0.498	0.006	-0.025	
51.07	0.499	0.005	-0.019	
51.10	0.499	0.005	-0.020	
51.13	0.499	0.003	-0.013	
51.17	0.499	0.003	-0.000	
51.20	0.499	0.005	-0.022	
51.23	0.499	0.002	-0.034	
51.27	0.499	0.001	-0.008	
51.30	0.499	0.002	0.000	
51.33	0.499	0.002	-0.013	
51.37	0.499	0.001	-0.018	
51.40	0.499	0.000	-0.011	
51.43	0.499	0.000	-0.005	
51.47	0.499	0.000	-0.005	
51.50	0.499	-0.000	-0.011	
51.53	0.499	-0.001	-0.022	
51.57	0.499	-0.002	-0.022	
51.60	0.499	-0.002	-0.012	
51.63	0.499	-0.003	-0.008	
51.67	0.499	-0.003	-0.013	
51.70	0.499	-0.003	-0.029	
51.73	0.499	-0.004	-0.063	
51.77	0.499	-0.006	-0.120	
51.80	0.498	-0.011	-0.179	
51.83	0.499	-0.026	-0.028	
51.87	0.496	-0.022	0.335	
51.90	0.496	0.010	0.343	
51.93	0.498	0.015	-0.017	
51.97	0.498	0.000	-0.197	
52.00	0.497	-0.006	-0.162	
52.03	0.497	-0.008	-0.154	
52.07	0.497	-0.020	-0.045	
52.10	0.495	-0.011	0.080	
52.13	0.497	-0.009	0.057	
52.17	0.495	-0.014	0.159	
52.20	0.495	0.009	0.075	
52.23	0.496	-0.002	-0.150	
52.27	0.495	-0.015	-0.023	
52.30	0.494	-0.005	0.139	
52.33	0.495	0.000	0.161	
52.37	0.495	0.005	0.192	
52.40	0.495	0.012	0.215	
52.43	0.495	0.026	0.050	
52.47	0.497	0.023	-0.271	
52.50	0.498	-0.006	-0.208	
52.53	0.496	-0.006	0.224	
52.57	0.496	0.023	0.295	
52.60	0.498	0.028	-0.024	
52.63	0.499	0.014	-0.194	
52.67	0.499	0.008	-0.176	
52.70	0.499	0.005	-0.185	
52.73	0.499	-0.001	-0.243	
52.77	0.499	-0.017	-0.141	
52.80	0.498	-0.017	0.125	
52.83	0.498	-0.002	0.221	
52.87	0.498	0.005	0.103	
52.90	0.498	0.003	-0.011	
52.93	0.498	0.001	-0.038	
52.97	0.498	0.000	-0.031	
53.00	0.498	-0.001	-0.025	
53.03	0.498	-0.002	-0.015	
53.07	0.498	-0.002	0.008	
53.10	0.498	-0.001	0.034	
53.13	0.498	-0.000	0.061	
53.17	0.498	0.003	0.074	
53.20	0.498	0.012	-0.097	
53.23	0.500	-0.004	-0.224	
53.27	0.497	-0.018	0.046	
53.30	0.497	-0.002	0.310	
53.33	0.497	0.017	0.184	
53.37	0.499	0.018	-0.157	
53.40	0.499	-0.000	-0.315	
53.43	0.499	-0.010	-0.260	
53.47	0.498	-0.023	-0.037	
53.50	0.496	-0.011	0.156	
53.53	0.498	-0.007	0.174	
53.57	0.496	-0.000	0.182	
53.60	0.498	0.012	0.019	
53.63	0.498	0.000	-0.123	
53.67	0.497	-0.003	-0.105	
53.70	0.497	-0.005	-0.129	
53.73	0.497	-0.009	-0.191	
53.77	0.497	-0.022	-0.126	
53.80	0.495	-0.024	0.113	
53.83	0.495	-0.009	0.212	
53.87	0.495	-0.004	0.139	
53.90	0.495	-0.001	0.067	
53.93	0.495	-0.000	0.026	
53.97	0.495	-0.001	0.039	
54.00	0.495	0.002	0.056	
54.03	0.495	0.004	0.043	
54.07	0.495	0.005	0.033	
54.10	0.495	0.005	0.066	
54.13	0.496	0.007	0.149	
54.17	0.496	0.014	0.238	
54.20	0.496	0.030	0.141	
54.23	0.498	0.030	-0.127	
54.27	0.499	0.015	-0.225	
54.30	0.499	0.009	-0.174	
54.33	0.499	0.006	-0.174	
54.37	0.499	0.001	-0.227	
54.40	0.500	-0.015	-0.136	
54.43	0.498	-0.015	0.118	
54.47	0.498	0.000	0.193	
54.50	0.498	0.004	0.111	
54.53	0.499	0.005	0.078	
54.57	0.499	0.006	0.115	
54.60	0.499	0.013	0.128	
54.63	0.499	0.022	-0.043	
54.67	0.501	0.015	-0.316	
54.70	0.501	-0.012	-0.273	
54.73	0.499	-0.008	-0.069	
54.77	0.501	-0.010	-0.001	
54.80	0.498	-0.016	0.224	
54.83	0.498	0.011	0.269	
54.87	0.500	0.015	-0.026	
54.90	0.500	0.003	-0.179	
54.93	0.500	-0.004	-0.143	
54.97	0.500	-0.007	-0.064	
55.00	0.499	-0.007	-0.004	
55.03	0.499	-0.006	0.009	
55.07	0.499	-0.005	-0.022	
55.10	0.499	-0.007	-0.062	
55.13	0.499	-0.009	-0.083	
55.17	0.499	-0.018	0.030	
55.20	0.496	-0.007	0.117	
55.23	0.498	0.002	-0.074	
55.27	0.498	-0.019	-0.097	
55.30	0.496	-0.016	0.149	
55.33	0.496	0.005	0.084	
55.37	0.498	-0.006	-0.077	
55.40	0.495	-0.015	0.084	
55.43	0.496	0.001	0.182	
55.47	0.496	0.011	-0.039	
55.50	0.497	-0.003	-0.212	
55.53	0.495	-0.017	-0.048	
55.57	0.495	-0.005	0.111	
55.60	0.495	-0.002	0.085	
55.63	0.495	0.000	0.041	
55.67	0.495	0.000	0.015	
55.70	0.495	0.000	0.026	
55.73	0.495	0.001	0.078	
55.77	0.495	0.004	0.160	
55.80	0.496	0.011	0.232	
55.83	0.496	0.025	0.139	
55.87	0.498	0.026	-0.104	
55.90	0.498	0.012	-0.179	
55.93	0.498	0.009	-0.104	
55.97	0.498	0.007	-0.055	
56.00	0.499	0.006	-0.028	
56.03	0.499	0.005	-0.020	
56.07	0.499	0.005	-0.040	
56.10	0.499	0.004	-0.075	
56.13	0.499	0.000	-0.090	
56.17	0.499	-0.009	0.064	
56.20	0.498	0.004	0.200	
56.23	0.500	0.018	-0.028	
56.27	0.500	0.005	-0.322	
56.30	0.500	-0.017	-0.264	
56.33	0.498	-0.020	0.025	
56.37	0.498	-0.008	0.154	
56.40	0.498	-0.004	0.108	
56.43	0.498	-0.003	0.079	
56.47	0.498	-0.001	0.108	
56.50	0.498	0.003	0.166	
56.53	0.498	0.015	0.075	
56.57	0.500	0.013	-0.153	
56.60	0.499	-0.001	-0.213	
56.63	0.499	-0.006	-0.120	
56.67	0.499	-0.008	-0.045	
56.70	0.499	-0.008	-0.010	
56.73	0.498	-0.008	-0.006	
56.77	0.498	-0.008	-0.034	
56.80	0.498	-0.009	-0.096	
56.83	0.498	-0.012	-0.182	
56.87	0.497	-0.026	-0.114	
56.90	0.495	-0.027	0.136	
56.93	0.495	-0.011	0.236	
56.97	0.495	-0.005	0.157	
57.00	0.495	-0.002	0.088	
57.03	0.495	-0.000	0.051	
57.07	0.495	0.001	0.041	
57.10	0.495	0.003	0.025	
57.13	0.495	0.001	0.046	
57.17	0.495	0.004	0.122	
57.20	0.495	0.009	0.196	
57.23	0.495	0.023	0.093	
57.27	0.497	0.022	-0.180	
57.30	0.497	0.005	-0.289	
57.33	0.497	-0.008	-0.100	
57.37	0.496	-0.000	0.089	
57.40	0.498	0.002	0.142	
57.43	0.496	0.009	0.167	
57.47	0.498	0.020	0.011	
57.50	0.498	0.008	-0.111	
57.53	0.498	0.006	-0.066	
57.57	0.498	0.005	-0.029	
57.60	0.499	0.005	-0.005	
57.63	0.499	0.005	-0.005	
57.67	0.499	0.005	-0.011	
57.70	0.499	0.005	-0.023	
57.73	0.499	0.003	-0.031	
57.77	0.499	0.003	-0.056	
57.80	0.499	0.001	-0.118	
57.83	0.499	-0.004	-0.192	
57.87	0.500	-0.018	-0.106	
57.90	0.498	-0.017	0.136	
57.93	0.498	-0.001	0.183	
57.97	0.498	0.001	0.063	
58.00	0.498	0.000	-0.007	
58.03	0.498	-0.001	-0.020	
58.07	0.498	-0.001	-0.012	
58.10	0.498	-0.002	-0.005	
58.13	0.498	-0.002	0.032	
58.17	0.498	-0.000	0.078	
58.20	0.498	0.002	0.139	
58.23	0.498	0.013	0.071	
58.27	0.499	0.012	-0.149	
58.30	0.499	-0.003	-0.204	
58.33	0.498	-0.007	-0.107	
58.37	0.498	-0.008	-0.047	
58.40	0.498	-0.008	-0.051	
58.43	0.498	-0.009	-0.119	
58.47	0.497	-0.014	-0.203	
58.50	0.497	-0.029	-0.122	
58.53	0.495	-0.029	0.142	
58.57	0.495	-0.013	0.253	
58.60	0.494	-0.005	0.168	
58.63	0.495	-0.003	0.077	
58.67	0.494	-0.002	0.040	
58.70	0.494	-0.002	0.048	
58.73	0.494	0.001	0.060	
58.77	0.494	0.004	0.027	
58.80	0.495	0.002	0.005	
58.83	0.494	0.003	0.025	
58.87	0.495	0.004	0.032	
58.90	0.495	0.005	0.040	
58.93	0.495	0.006	0.076	
58.97	0.495	0.010	0.124	
59.00	0.496	0.013	0.175	
59.03	0.496	0.025	0.109	
59.07	0.498	0.027	-0.118	
59.10	0.498	0.013	-0.214	
59.13	0.498	0.006	-0.125	
59.17	0.498	0.005	-0.037	
59.20	0.499	0.006	-0.017	
59.23	0.499	0.005	-0.032	
59.27	0.499	0.003	-0.029	
59.30	0.499	0.003	-0.015	
59.33	0.499	0.003	-0.009	
59.37	0.499	0.002	-0.013	
59.40	0.499	0.002	-0.026	
59.43	0.499	0.001	-0.047	
59.47	0.499	-0.001	-0.063	
59.50	0.499	-0.003	-0.070	
59.53	0.500	-0.012	0.077	
59.57	0.498	0.001	0.232	
59.60	0.500	0.017	0.050	
59.63	0.500	0.004	-0.120	
59.67	0.499	-0.000	-0.080	
59.70	0.500	-0.001	-0.040	
59.73	0.499	-0.001	-0.031	
59.77	0.500	-0.003	-0.038	
59.80	0.499	-0.004	-0.022	
59.83	0.499	-0.004	0.002	
59.87	0.499	-0.003	0.001	
59.90	0.499	-0.003	-0.029	
59.93	0.499	-0.005	-0.059	
59.97	0.499	-0.008	-0.086	
60.00	0.498	-0.012	-0.108	
