Vernier Format 2
1.2.txt 1/28/2019 19:46:37
Run 1
Time	Position	Velocity	Acceleration	
T	P	V	A	
s	m	m/s	m/s^2	

0.00	0.495	0.007	-0.079	
0.03	0.496	0.003	-0.050	
0.07	0.496	0.003	-0.021	
0.10	0.496	0.003	-0.007	
0.13	0.496	0.003	0.003	
0.17	0.496	0.003	0.013	
0.20	0.496	0.003	0.035	
0.23	0.496	0.005	0.073	
0.27	0.496	0.007	0.135	
0.30	0.497	0.013	0.198	
0.33	0.497	0.026	0.106	
0.37	0.499	0.025	-0.116	
0.40	0.499	0.012	-0.191	
0.43	0.499	0.007	-0.124	
0.47	0.499	0.005	-0.066	
0.50	0.500	0.005	-0.072	
0.53	0.500	0.002	-0.132	
0.57	0.500	-0.002	-0.215	
0.60	0.500	-0.018	-0.140	
0.63	0.498	-0.019	0.117	
0.67	0.498	-0.004	0.204	
0.70	0.498	0.003	0.078	
0.73	0.499	-0.001	-0.012	
0.77	0.498	-0.002	0.010	
0.80	0.498	-0.001	0.090	
0.83	0.498	0.002	0.190	
0.87	0.498	0.017	0.117	
0.90	0.500	0.017	-0.138	
0.93	0.500	0.002	-0.228	
0.97	0.499	-0.004	-0.149	
1.00	0.499	-0.007	-0.080	
1.03	0.499	-0.008	-0.065	
1.07	0.499	-0.009	-0.117	
1.10	0.498	-0.014	-0.187	
1.13	0.498	-0.028	-0.096	
1.17	0.496	-0.026	0.146	
1.20	0.496	-0.011	0.220	
1.23	0.496	-0.006	0.142	
1.27	0.496	-0.003	0.068	
1.30	0.495	-0.003	0.021	
1.33	0.496	-0.003	0.006	
1.37	0.495	-0.003	0.005	
1.40	0.495	-0.002	0.011	
1.43	0.495	-0.002	0.022	
1.47	0.495	-0.001	0.023	
1.50	0.495	-0.000	0.016	
1.53	0.495	0.000	0.016	
1.57	0.495	0.001	0.026	
1.60	0.495	0.002	0.029	
1.63	0.495	0.003	0.021	
1.67	0.495	0.004	0.001	
1.70	0.496	0.003	-0.017	
1.73	0.496	0.002	-0.018	
1.77	0.496	0.001	-0.001	
1.80	0.496	0.002	0.024	
1.83	0.496	0.003	0.066	
1.87	0.496	0.005	0.148	
1.90	0.496	0.011	0.232	
1.93	0.496	0.027	0.134	
1.97	0.499	0.026	-0.119	
2.00	0.498	0.012	-0.193	
2.03	0.499	0.008	-0.121	
2.07	0.499	0.006	-0.069	
2.10	0.499	0.005	-0.072	
2.13	0.499	0.003	-0.139	
2.17	0.500	-0.003	-0.214	
2.20	0.499	-0.017	-0.124	
2.23	0.498	-0.017	0.103	
2.27	0.498	-0.004	0.160	
2.30	0.498	-0.001	0.075	
2.33	0.498	-0.000	0.013	
2.37	0.498	-0.002	0.001	
2.40	0.498	-0.002	0.047	
2.43	0.498	0.001	0.107	
2.47	0.498	0.005	0.157	
2.50	0.498	0.016	0.067	
2.53	0.499	0.014	-0.145	
2.57	0.499	0.001	-0.204	
2.60	0.499	-0.004	-0.122	
2.63	0.499	-0.007	-0.042	
2.67	0.498	-0.006	0.014	
2.70	0.498	-0.003	-0.001	
2.73	0.498	-0.006	-0.022	
2.77	0.498	-0.007	-0.001	
2.80	0.498	-0.006	0.004	
2.83	0.498	-0.005	-0.031	
2.87	0.498	-0.007	-0.099	
2.90	0.497	-0.011	-0.166	
2.93	0.497	-0.024	-0.058	
2.97	0.495	-0.021	0.211	
3.00	0.495	-0.004	0.308	
3.03	0.495	0.012	0.073	
3.07	0.497	-0.001	-0.123	
3.10	0.495	-0.010	0.020	
3.13	0.495	0.002	0.148	
3.17	0.495	0.011	-0.002	
3.20	0.497	0.002	-0.178	
3.23	0.495	-0.012	-0.038	
3.27	0.495	-0.003	0.199	
3.30	0.495	0.006	0.283	
3.33	0.495	0.022	0.161	
3.37	0.497	0.022	-0.098	
3.40	0.497	0.009	-0.173	
3.43	0.497	0.005	-0.104	
3.47	0.498	0.003	-0.041	
3.50	0.498	0.003	0.004	
3.53	0.498	0.004	0.013	
3.57	0.498	0.005	0.010	
3.60	0.498	0.004	0.025	
3.63	0.498	0.006	0.043	
3.67	0.499	0.009	0.002	
3.70	0.499	0.006	-0.046	
3.73	0.499	0.005	-0.068	
3.77	0.499	0.002	-0.079	
3.80	0.499	-0.001	-0.063	
3.83	0.499	-0.007	0.070	
3.87	0.498	0.004	0.179	
3.90	0.500	0.015	0.035	
3.93	0.500	0.006	-0.101	
3.97	0.500	0.002	-0.088	
4.00	0.500	0.000	-0.052	
4.03	0.500	-0.001	-0.033	
4.07	0.500	-0.002	-0.025	
4.10	0.500	-0.002	-0.016	
4.13	0.499	-0.003	-0.020	
4.17	0.500	-0.003	-0.035	
4.20	0.499	-0.005	-0.047	
4.23	0.499	-0.007	-0.054	
4.27	0.499	-0.008	-0.059	
4.30	0.499	-0.010	-0.065	
4.33	0.498	-0.018	0.050	
4.37	0.497	-0.007	0.157	
4.40	0.498	0.003	-0.003	
4.43	0.498	-0.014	-0.009	
4.47	0.496	-0.004	0.116	
4.50	0.498	0.007	-0.062	
4.53	0.497	-0.006	-0.266	
4.57	0.498	-0.023	-0.162	
4.60	0.495	-0.024	0.141	
4.63	0.495	-0.005	0.233	
4.67	0.495	-0.002	0.162	
4.70	0.495	0.002	0.152	
4.73	0.495	0.007	0.165	
4.77	0.495	0.018	0.061	
4.80	0.498	0.009	-0.026	
4.83	0.495	0.011	0.017	
4.87	0.498	0.019	-0.118	
4.90	0.498	0.003	-0.227	
4.93	0.498	-0.010	-0.012	
4.97	0.496	0.003	0.193	
5.00	0.498	0.017	0.042	
5.03	0.498	0.006	-0.142	
5.07	0.498	0.001	-0.145	
5.10	0.498	-0.011	0.054	
5.13	0.497	0.004	0.264	
5.17	0.499	0.021	0.107	
5.20	0.499	0.012	-0.085	
5.23	0.499	0.007	-0.099	
5.27	0.499	0.005	-0.105	
5.30	0.499	0.003	-0.158	
5.33	0.500	-0.004	-0.230	
5.37	0.500	-0.020	-0.094	
5.40	0.498	-0.018	0.243	
5.43	0.498	0.003	0.392	
5.47	0.498	0.021	0.176	
5.50	0.500	0.020	-0.185	
5.53	0.500	-0.006	-0.178	
5.57	0.498	0.002	-0.003	
5.60	0.500	0.010	-0.182	
5.63	0.500	-0.016	-0.212	
5.67	0.498	-0.017	0.064	
5.70	0.499	-0.006	0.198	
5.73	0.498	0.001	0.172	
5.77	0.498	0.013	-0.054	
5.80	0.500	-0.003	-0.227	
5.83	0.498	-0.018	0.019	
5.87	0.498	-0.003	0.296	
5.90	0.498	0.015	0.196	
5.93	0.499	0.017	-0.110	
5.97	0.500	0.001	-0.236	
6.00	0.499	-0.007	-0.134	
6.03	0.499	-0.007	-0.023	
6.07	0.499	-0.006	0.027	
6.10	0.499	-0.005	0.034	
6.13	0.498	-0.003	0.021	
6.17	0.498	-0.003	-0.025	
6.20	0.498	-0.004	-0.099	
6.23	0.498	-0.007	-0.193	
6.27	0.498	-0.022	-0.119	
6.30	0.496	-0.022	0.135	
6.33	0.496	-0.007	0.221	
6.37	0.496	-0.002	0.137	
6.40	0.496	0.001	0.072	
6.43	0.496	0.002	0.041	
6.47	0.496	0.002	0.058	
6.50	0.496	0.004	0.124	
6.53	0.496	0.009	0.213	
6.57	0.496	0.024	0.145	
6.60	0.498	0.025	-0.096	
6.63	0.499	0.012	-0.209	
6.67	0.499	0.006	-0.170	
6.70	0.499	0.003	-0.141	
6.73	0.499	-0.002	-0.145	
6.77	0.499	-0.013	-0.001	
6.80	0.498	-0.002	0.156	
6.83	0.499	0.003	0.168	
6.87	0.498	0.008	0.174	
6.90	0.499	0.020	0.019	
6.93	0.500	0.009	-0.128	
6.97	0.500	0.005	-0.094	
7.00	0.500	0.003	-0.046	
7.03	0.500	0.003	-0.040	
7.07	0.500	0.003	-0.113	
7.10	0.500	-0.002	-0.221	
7.13	0.501	-0.018	-0.129	
7.17	0.499	-0.020	0.201	
7.20	0.499	-0.001	0.407	
7.23	0.498	0.020	0.244	
7.27	0.501	0.022	-0.136	
7.30	0.500	0.005	-0.349	
7.33	0.501	-0.007	-0.353	
7.37	0.500	-0.025	-0.146	
7.40	0.498	-0.023	0.227	
7.43	0.498	-0.003	0.399	
7.47	0.498	0.016	0.220	
7.50	0.500	0.016	-0.097	
7.53	0.500	0.001	-0.204	
7.57	0.499	-0.005	-0.111	
7.60	0.499	-0.004	-0.045	
7.63	0.499	-0.005	-0.031	
7.67	0.499	-0.007	-0.016	
7.70	0.499	-0.007	0.008	
7.73	0.498	-0.006	0.018	
7.77	0.498	-0.005	0.015	
7.80	0.498	-0.005	0.019	
7.83	0.498	-0.004	0.034	
7.87	0.498	-0.003	0.041	
7.90	0.498	-0.001	0.027	
7.93	0.498	-0.001	0.009	
7.97	0.498	-0.001	0.016	
8.00	0.498	0.000	0.034	
8.03	0.498	0.002	0.032	
8.07	0.498	0.002	0.015	
8.10	0.498	0.003	0.006	
8.13	0.498	0.003	0.005	
8.17	0.498	0.003	0.011	
8.20	0.498	0.003	0.018	
8.23	0.498	0.004	0.011	
8.27	0.498	0.004	-0.011	
8.30	0.499	0.003	-0.018	
8.33	0.499	0.003	-0.010	
8.37	0.499	0.003	-0.004	
8.40	0.499	0.003	-0.000	
8.43	0.499	0.003	0.002	
8.47	0.499	0.003	0.010	
8.50	0.499	0.003	0.021	
8.53	0.499	0.004	0.033	
8.57	0.499	0.007	-0.000	
8.60	0.500	0.004	-0.033	
8.63	0.500	0.003	-0.023	
8.67	0.500	0.003	-0.018	
8.70	0.500	0.003	-0.039	
8.73	0.500	0.001	-0.080	
8.77	0.500	-0.002	-0.128	
8.80	0.500	-0.013	-0.042	
8.83	0.498	-0.004	0.025	
8.87	0.500	-0.004	-0.074	
8.90	0.498	-0.016	-0.006	
8.93	0.499	-0.007	0.106	
8.97	0.498	-0.004	0.115	
9.00	0.498	-0.001	0.154	
9.03	0.498	0.005	0.193	
9.07	0.498	0.018	0.084	
9.10	0.500	0.016	-0.156	
9.13	0.500	0.001	-0.224	
9.17	0.499	-0.005	-0.124	
9.20	0.499	-0.006	-0.046	
9.23	0.499	-0.006	-0.023	
9.27	0.499	-0.007	-0.016	
9.30	0.499	-0.007	0.000	
9.33	0.499	-0.007	0.016	
9.37	0.498	-0.006	0.019	
9.40	0.498	-0.006	0.013	
9.43	0.498	-0.006	0.034	
9.47	0.498	-0.003	0.052	
9.50	0.498	-0.002	0.052	
9.53	0.498	0.001	0.030	
9.57	0.498	0.000	0.006	
9.60	0.498	0.000	0.009	
9.63	0.498	0.001	0.020	
9.67	0.498	0.002	0.022	
9.70	0.498	0.002	0.011	
9.73	0.498	0.003	0.004	
9.77	0.498	0.003	0.002	
9.80	0.498	0.003	0.004	
9.83	0.498	0.003	0.010	
9.87	0.498	0.003	0.018	
9.90	0.498	0.004	0.011	
9.93	0.498	0.004	-0.011	
9.97	0.499	0.003	-0.018	
10.00	0.499	0.003	-0.010	
10.03	0.499	0.003	-0.004	
10.07	0.499	0.003	-0.001	
10.10	0.499	0.003	-0.000	
10.13	0.499	0.003	-0.000	
10.17	0.499	0.003	0.000	
10.20	0.499	0.003	0.000	
10.23	0.499	0.003	-0.000	
10.27	0.499	0.003	0.000	
10.30	0.500	0.003	0.001	
10.33	0.499	0.003	0.005	
10.37	0.500	0.003	0.002	
10.40	0.500	0.003	-0.031	
10.43	0.500	0.003	-0.131	
10.47	0.500	-0.004	-0.234	
10.50	0.500	-0.019	-0.151	
10.53	0.498	-0.020	0.092	
10.57	0.498	-0.008	0.222	
10.60	0.498	-0.001	0.215	
10.63	0.498	0.004	0.222	
10.67	0.498	0.018	0.109	
10.70	0.500	0.017	-0.144	
10.73	0.500	0.002	-0.222	
10.77	0.499	-0.003	-0.131	
10.80	0.499	-0.005	-0.059	
10.83	0.499	-0.006	-0.028	
10.87	0.499	-0.007	-0.013	
10.90	0.499	-0.007	0.008	
10.93	0.499	-0.006	0.009	
10.97	0.498	-0.006	-0.010	
11.00	0.498	-0.007	-0.044	
11.03	0.498	-0.007	-0.110	
11.07	0.498	-0.012	-0.195	
11.10	0.497	-0.027	-0.090	
11.13	0.495	-0.025	0.213	
11.17	0.495	-0.007	0.375	
11.20	0.495	0.005	0.368	
11.23	0.495	0.022	0.193	
11.27	0.497	0.022	-0.106	
11.30	0.497	0.007	-0.185	
11.33	0.497	0.003	-0.071	
11.37	0.497	0.005	0.010	
11.40	0.498	0.007	-0.002	
11.43	0.498	0.004	-0.022	
11.47	0.498	0.005	-0.013	
11.50	0.498	0.004	-0.003	
11.53	0.498	0.005	0.005	
11.57	0.499	0.005	-0.004	
11.60	0.498	0.004	-0.001	
11.63	0.499	0.005	0.000	
11.67	0.499	0.004	-0.015	
11.70	0.499	0.003	-0.019	
11.73	0.499	0.003	-0.011	
11.77	0.499	0.003	-0.004	
11.80	0.499	0.003	-0.002	
11.83	0.499	0.003	-0.003	
11.87	0.499	0.002	-0.007	
11.90	0.500	0.002	-0.012	
11.93	0.499	0.001	-0.003	
11.97	0.500	0.002	0.004	
12.00	0.500	0.002	-0.005	
12.03	0.500	0.001	-0.002	
12.07	0.500	0.002	-0.003	
12.10	0.500	0.002	-0.022	
12.13	0.500	0.000	-0.030	
12.17	0.500	-0.001	-0.015	
12.20	0.500	-0.001	-0.004	
12.23	0.500	-0.001	-0.015	
12.27	0.500	-0.002	-0.013	
12.30	0.500	-0.002	-0.000	
12.33	0.499	-0.002	0.006	
12.37	0.500	-0.000	-0.023	
12.40	0.500	-0.004	-0.045	
12.43	0.499	-0.005	-0.030	
12.47	0.499	-0.005	-0.022	
12.50	0.499	-0.006	-0.026	
12.53	0.499	-0.007	-0.031	
12.57	0.498	-0.008	-0.050	
12.60	0.498	-0.009	-0.102	
12.63	0.498	-0.013	-0.163	
12.67	0.498	-0.025	-0.078	
12.70	0.496	-0.023	0.128	
12.73	0.496	-0.011	0.185	
12.77	0.495	-0.007	0.135	
12.80	0.495	-0.003	0.090	
12.83	0.495	-0.001	0.042	
12.87	0.495	-0.001	0.013	
12.90	0.495	-0.001	0.017	
12.93	0.495	0.000	0.035	
12.97	0.495	0.002	0.034	
13.00	0.495	0.003	0.030	
13.03	0.495	0.003	0.043	
13.07	0.496	0.005	0.075	
13.10	0.496	0.008	0.120	
13.13	0.496	0.011	0.182	
13.17	0.496	0.024	0.119	
13.20	0.498	0.025	-0.101	
13.23	0.498	0.012	-0.181	
13.27	0.499	0.009	-0.134	
13.30	0.499	0.004	-0.088	
13.33	0.499	0.003	-0.035	
13.37	0.499	0.003	-0.012	
13.40	0.499	0.003	-0.003	
13.43	0.499	0.003	-0.004	
13.47	0.499	0.002	-0.007	
13.50	0.499	0.002	-0.012	
13.53	0.499	0.001	-0.004	
13.57	0.499	0.002	-0.000	
13.60	0.499	0.002	-0.015	
13.63	0.500	0.001	-0.019	
13.67	0.499	0.000	-0.011	
13.70	0.500	0.000	-0.005	
13.73	0.499	0.000	-0.009	
13.77	0.500	0.000	-0.038	
13.80	0.499	-0.002	-0.083	
13.83	0.500	-0.005	-0.129	
13.87	0.499	-0.016	-0.014	
13.90	0.498	-0.007	0.134	
13.93	0.499	-0.002	0.145	
13.97	0.498	0.002	0.148	
14.00	0.499	0.013	-0.004	
14.03	0.499	0.002	-0.141	
14.07	0.499	-0.003	-0.105	
14.10	0.499	-0.005	-0.058	
14.13	0.499	-0.006	-0.032	
14.17	0.499	-0.007	-0.039	
14.20	0.498	-0.008	-0.055	
14.23	0.498	-0.008	-0.120	
14.27	0.498	-0.022	-0.047	
14.30	0.496	-0.012	0.045	
14.33	0.498	-0.011	-0.027	
14.37	0.495	-0.020	0.065	
14.40	0.495	-0.008	0.161	
14.43	0.495	-0.004	0.114	
14.47	0.495	-0.001	0.064	
14.50	0.495	-0.000	0.024	
14.53	0.495	0.000	0.017	
14.57	0.495	0.001	0.024	
14.60	0.495	0.002	0.029	
14.63	0.495	0.003	0.036	
14.67	0.495	0.003	0.081	
14.70	0.495	0.007	0.153	
14.73	0.496	0.013	0.213	
14.77	0.496	0.027	0.102	
14.80	0.498	0.025	-0.136	
14.83	0.498	0.011	-0.198	
14.87	0.499	0.007	-0.116	
14.90	0.498	0.005	-0.049	
14.93	0.499	0.005	-0.020	
14.97	0.499	0.004	-0.006	
15.00	0.499	0.005	-0.005	
15.03	0.499	0.004	-0.025	
15.07	0.499	0.003	-0.035	
15.10	0.499	0.001	-0.013	
15.13	0.499	0.001	0.018	
15.17	0.499	0.003	0.000	
15.20	0.500	0.005	-0.120	
15.23	0.500	-0.003	-0.256	
15.27	0.500	-0.020	-0.171	
15.30	0.498	-0.022	0.107	
15.33	0.498	-0.007	0.241	
15.37	0.498	0.000	0.200	
15.40	0.498	0.005	0.150	
15.43	0.498	0.016	-0.025	
15.47	0.500	0.002	-0.137	
15.50	0.498	-0.008	0.097	
15.53	0.498	0.015	0.169	
15.57	0.500	0.016	-0.083	
15.60	0.500	0.002	-0.178	
15.63	0.500	-0.002	-0.112	
15.67	0.499	-0.003	-0.060	
15.70	0.499	-0.005	-0.037	
15.73	0.499	-0.005	-0.057	
15.77	0.499	-0.007	-0.124	
15.80	0.499	-0.012	-0.211	
15.83	0.499	-0.026	-0.136	
15.87	0.496	-0.028	0.136	
15.90	0.496	-0.013	0.287	
15.93	0.496	-0.003	0.238	
15.97	0.496	0.010	-0.014	
16.00	0.498	-0.005	-0.222	
16.03	0.496	-0.019	-0.056	
16.07	0.495	-0.008	0.128	
16.10	0.495	-0.002	0.107	
16.13	0.495	-0.001	0.056	
16.17	0.495	0.000	0.039	
16.20	0.495	0.002	0.028	
16.23	0.495	0.002	0.031	
16.27	0.495	0.004	0.033	
16.30	0.496	0.004	0.046	
16.33	0.496	0.004	0.130	
16.37	0.496	0.011	0.232	
16.40	0.496	0.027	0.134	
16.43	0.498	0.026	-0.123	
16.47	0.498	0.012	-0.200	
16.50	0.498	0.007	-0.112	
16.53	0.499	0.006	-0.038	
16.57	0.499	0.006	-0.017	
16.60	0.499	0.005	-0.024	
16.63	0.499	0.004	-0.011	
16.67	0.499	0.005	-0.005	
16.70	0.499	0.004	-0.026	
16.73	0.500	0.003	-0.068	
16.77	0.500	0.001	-0.141	
16.80	0.500	-0.004	-0.231	
16.83	0.500	-0.020	-0.153	
16.87	0.498	-0.022	0.110	
16.90	0.498	-0.007	0.214	
16.93	0.498	-0.001	0.139	
16.97	0.498	0.001	0.070	
17.00	0.498	0.004	-0.007	
17.03	0.498	-0.001	-0.033	
17.07	0.498	-0.001	0.034	
17.10	0.498	0.001	0.122	
17.13	0.498	0.006	0.201	
17.17	0.498	0.020	0.107	
17.20	0.500	0.020	-0.152	
17.23	0.500	0.004	-0.242	
17.27	0.500	-0.003	-0.149	
17.30	0.500	-0.005	-0.060	
17.33	0.499	-0.005	-0.014	
17.37	0.499	-0.005	-0.003	
17.40	0.499	-0.005	-0.003	
17.43	0.499	-0.005	-0.009	
17.47	0.499	-0.006	-0.021	
17.50	0.499	-0.007	-0.048	
17.53	0.498	-0.007	-0.112	
17.57	0.498	-0.012	-0.201	
17.60	0.498	-0.027	-0.115	
17.63	0.496	-0.026	0.135	
17.67	0.495	-0.011	0.217	
17.70	0.495	-0.006	0.146	
17.73	0.495	-0.003	0.082	
17.77	0.495	-0.002	0.051	
17.80	0.495	-0.000	0.044	
17.83	0.495	0.001	0.028	
17.87	0.495	0.001	0.030	
17.90	0.495	0.003	0.042	
17.93	0.495	0.005	0.035	
17.97	0.496	0.006	0.008	
18.00	0.496	0.004	0.005	
18.03	0.496	0.005	0.024	
18.07	0.496	0.007	0.023	
18.10	0.496	0.007	0.027	
18.13	0.497	0.007	0.053	
18.17	0.497	0.010	0.068	
18.20	0.497	0.019	-0.094	
18.23	0.499	0.005	-0.261	
18.27	0.497	-0.011	-0.101	
18.30	0.497	-0.002	0.070	
18.33	0.498	0.001	0.062	
18.37	0.497	0.002	0.025	
18.40	0.498	0.002	-0.005	
18.43	0.498	0.001	0.024	
18.47	0.498	0.002	0.104	
18.50	0.498	0.006	0.194	
18.53	0.498	0.020	0.118	
18.57	0.499	0.020	-0.123	
18.60	0.500	0.006	-0.208	
18.63	0.499	0.001	-0.133	
18.67	0.500	-0.002	-0.058	
18.70	0.499	-0.002	-0.011	
18.73	0.499	-0.001	-0.035	
18.77	0.499	-0.002	-0.105	
18.80	0.499	-0.008	-0.145	
18.83	0.499	-0.020	0.016	
18.87	0.497	-0.011	0.260	
18.90	0.498	0.011	0.143	
18.93	0.499	0.009	-0.240	
18.97	0.499	-0.018	-0.288	
19.00	0.497	-0.024	0.040	
19.03	0.497	-0.010	0.259	
19.07	0.497	-0.000	0.287	
19.10	0.497	0.015	0.108	
19.13	0.498	0.013	-0.235	
19.17	0.498	-0.007	-0.369	
19.20	0.498	-0.024	-0.147	
19.23	0.496	-0.021	0.199	
19.27	0.495	0.003	0.193	
19.30	0.497	-0.003	0.019	
19.33	0.495	-0.009	0.132	
19.37	0.495	0.012	0.093	
19.40	0.497	0.010	-0.240	
19.43	0.497	-0.016	-0.261	
19.47	0.495	-0.019	0.043	
19.50	0.495	-0.006	0.196	
19.53	0.495	-0.000	0.191	
19.57	0.495	0.006	0.162	
19.60	0.495	0.010	0.122	
19.63	0.496	0.020	-0.052	
19.67	0.498	0.006	-0.199	
19.70	0.496	-0.007	0.017	
19.73	0.496	0.005	0.283	
19.77	0.496	0.024	0.218	
19.80	0.498	0.027	-0.048	
19.83	0.499	0.016	-0.194	
19.87	0.499	0.008	-0.158	
19.90	0.499	0.004	-0.072	
19.93	0.499	0.005	-0.032	
19.97	0.499	0.004	-0.070	
20.00	0.500	0.001	-0.146	
20.03	0.499	-0.005	-0.213	
20.07	0.500	-0.018	-0.122	
20.10	0.498	-0.019	0.111	
20.13	0.498	-0.006	0.215	
20.17	0.498	0.000	0.184	
20.20	0.498	0.005	0.163	
20.23	0.498	0.016	0.034	
20.27	0.500	0.006	-0.061	
20.30	0.498	0.004	0.019	
20.33	0.500	0.013	-0.045	
20.37	0.499	0.002	-0.124	
20.40	0.499	-0.001	-0.070	
20.43	0.499	-0.001	-0.038	
20.47	0.499	-0.002	-0.023	
20.50	0.499	-0.003	-0.019	
20.53	0.499	-0.003	-0.023	
20.57	0.499	-0.004	-0.025	
20.60	0.499	-0.005	-0.044	
20.63	0.499	-0.005	-0.114	
20.67	0.499	-0.011	-0.199	
20.70	0.498	-0.025	-0.112	
20.73	0.496	-0.023	0.105	
20.77	0.496	-0.012	0.175	
20.80	0.496	-0.007	0.112	
20.83	0.496	-0.005	0.046	
20.87	0.496	-0.005	0.015	
20.90	0.496	-0.005	0.013	
20.93	0.495	-0.005	0.023	
20.97	0.495	-0.003	0.026	
21.00	0.495	-0.003	0.020	
21.03	0.495	-0.002	0.021	
21.07	0.495	-0.001	0.020	
21.10	0.495	-0.001	0.030	
21.13	0.495	0.001	0.049	
21.17	0.495	0.003	0.034	
21.20	0.495	0.003	0.015	
21.23	0.495	0.003	0.021	
21.27	0.495	0.005	0.030	
21.30	0.496	0.005	0.059	
21.33	0.496	0.007	0.130	
21.37	0.496	0.012	0.217	
21.40	0.496	0.027	0.130	
21.43	0.498	0.027	-0.130	
21.47	0.498	0.012	-0.216	
21.50	0.499	0.007	-0.125	
21.53	0.499	0.005	-0.048	
21.57	0.499	0.005	-0.018	
21.60	0.499	0.005	-0.042	
21.63	0.499	0.004	-0.101	
21.67	0.500	-0.002	-0.119	
21.70	0.499	-0.011	0.041	
21.73	0.498	0.000	0.191	
21.77	0.499	0.013	0.055	
21.80	0.500	0.004	-0.090	
21.83	0.499	-0.000	-0.069	
21.87	0.500	-0.001	-0.032	
21.90	0.499	-0.001	-0.018	
21.93	0.500	-0.002	-0.010	
21.97	0.499	-0.002	0.007	
22.00	0.499	-0.001	0.007	
22.03	0.499	-0.001	-0.012	
22.07	0.499	-0.002	-0.018	
22.10	0.499	-0.002	-0.011	
22.13	0.499	-0.003	-0.008	
22.17	0.499	-0.003	-0.011	
22.20	0.499	-0.003	-0.019	
22.23	0.499	-0.004	-0.016	
22.27	0.499	-0.005	-0.004	
22.30	0.498	-0.004	-0.016	
22.33	0.499	-0.005	-0.054	
22.37	0.498	-0.007	-0.101	
22.40	0.498	-0.010	-0.177	
22.43	0.498	-0.023	-0.131	
22.47	0.496	-0.026	0.105	
22.50	0.495	-0.012	0.228	
22.53	0.496	-0.003	0.137	
22.57	0.496	-0.003	0.040	
22.60	0.495	-0.003	0.007	
22.63	0.495	-0.003	-0.003	
22.67	0.495	-0.004	0.015	
22.70	0.495	-0.002	0.043	
22.73	0.495	-0.000	0.059	
22.77	0.495	0.001	0.090	
22.80	0.495	0.005	0.116	
22.83	0.495	0.009	0.126	
22.87	0.495	0.018	0.011	
22.90	0.497	0.010	-0.109	
22.93	0.496	0.006	-0.067	
22.97	0.498	0.003	0.052	
23.00	0.496	0.009	0.160	
23.03	0.498	0.022	0.030	
23.07	0.498	0.012	-0.121	
23.10	0.499	0.007	-0.098	
23.13	0.498	0.005	-0.054	
23.17	0.499	0.005	-0.024	
23.20	0.499	0.004	-0.007	
23.23	0.499	0.005	-0.005	
23.27	0.499	0.004	-0.026	
23.30	0.499	0.003	-0.041	
23.33	0.499	0.001	-0.033	
23.37	0.499	0.000	-0.014	
23.40	0.499	0.000	0.001	
23.43	0.499	0.000	0.009	
23.47	0.499	0.001	0.010	
23.50	0.499	0.002	-0.022	
23.53	0.500	-0.001	-0.044	
23.57	0.499	-0.002	-0.026	
23.60	0.499	-0.003	-0.011	
23.63	0.499	-0.003	-0.002	
23.67	0.499	-0.003	-0.000	
23.70	0.499	-0.003	-0.000	
23.73	0.499	-0.003	-0.000	
23.77	0.499	-0.003	-0.001	
23.80	0.499	-0.003	-0.004	
23.83	0.499	-0.003	-0.012	
23.87	0.499	-0.003	-0.028	
23.90	0.498	-0.004	-0.060	
23.93	0.498	-0.006	-0.119	
23.97	0.498	-0.010	-0.209	
24.00	0.498	-0.026	-0.142	
24.03	0.496	-0.027	0.113	
24.07	0.496	-0.012	0.209	
24.10	0.495	-0.007	0.129	
24.13	0.495	-0.005	0.060	
24.17	0.495	-0.004	0.015	
24.20	0.495	-0.005	0.006	
24.23	0.495	-0.004	0.027	
24.27	0.495	-0.003	0.048	
24.30	0.495	-0.001	0.073	
24.33	0.495	0.001	0.110	
24.37	0.495	0.005	0.177	
24.40	0.495	0.020	0.073	
24.43	0.497	0.010	-0.041	
24.47	0.495	0.010	0.016	
24.50	0.497	0.019	-0.105	
24.53	0.497	0.005	-0.241	
24.57	0.498	-0.010	-0.056	
24.60	0.495	0.001	0.157	
24.63	0.498	0.007	0.188	
24.67	0.496	0.013	0.179	
24.70	0.498	0.025	-0.015	
24.73	0.499	0.013	-0.207	
24.77	0.499	0.005	-0.200	
24.80	0.499	-0.008	-0.016	
24.83	0.498	0.005	0.134	
24.87	0.500	0.015	-0.063	
24.90	0.500	-0.008	-0.065	
24.93	0.498	0.003	0.111	
24.97	0.500	0.015	-0.065	
25.00	0.500	0.001	-0.281	
25.03	0.500	-0.017	-0.163	
25.07	0.498	-0.018	0.176	
25.10	0.498	0.001	0.346	
25.13	0.498	0.019	0.135	
25.17	0.500	0.015	-0.235	
25.20	0.500	-0.012	-0.218	
25.23	0.498	-0.007	0.038	
25.27	0.500	-0.003	0.151	
25.30	0.498	0.006	0.163	
25.33	0.500	0.014	-0.020	
25.37	0.500	0.002	-0.146	
25.40	0.500	-0.002	-0.106	
25.43	0.499	-0.004	-0.050	
25.47	0.499	-0.004	0.002	
25.50	0.499	-0.003	0.013	
25.53	0.499	-0.003	-0.000	
25.57	0.499	-0.003	-0.015	
25.60	0.499	-0.004	-0.014	
25.63	0.499	-0.005	0.000	
25.67	0.499	-0.004	-0.001	
25.70	0.498	-0.005	-0.004	
25.73	0.498	-0.005	0.004	
25.77	0.498	-0.004	0.001	
25.80	0.498	-0.005	0.001	
25.83	0.498	-0.004	0.019	
25.87	0.498	-0.003	0.030	
25.90	0.498	-0.002	0.033	
25.93	0.498	-0.001	0.026	
25.97	0.498	-0.000	0.013	
26.00	0.498	0.000	0.009	
26.03	0.498	0.000	0.017	
26.07	0.498	0.001	0.035	
26.10	0.498	0.003	0.050	
26.13	0.498	0.005	0.044	
26.17	0.498	0.006	0.028	
26.20	0.498	0.007	-0.009	
26.23	0.499	0.004	-0.021	
26.27	0.498	0.004	0.015	
26.30	0.499	0.006	0.022	
26.33	0.499	0.007	-0.003	
26.37	0.499	0.006	-0.023	
26.40	0.499	0.005	-0.055	
26.43	0.500	0.004	-0.124	
26.47	0.500	-0.001	-0.212	
26.50	0.500	-0.016	-0.139	
26.53	0.498	-0.018	0.131	
26.57	0.498	-0.003	0.302	
26.60	0.498	0.007	0.317	
26.63	0.498	0.023	0.153	
26.67	0.500	0.023	-0.174	
26.70	0.500	0.006	-0.356	
26.73	0.500	-0.006	-0.360	
26.77	0.500	-0.023	-0.191	
26.80	0.498	-0.023	0.103	
26.83	0.498	-0.010	0.227	
26.87	0.498	-0.003	0.199	
26.90	0.498	0.003	0.153	
26.93	0.498	0.005	0.137	
26.97	0.498	0.014	0.075	
27.00	0.499	0.015	-0.111	
27.03	0.500	0.002	-0.180	
27.07	0.499	-0.003	-0.093	
27.10	0.499	-0.003	-0.015	
27.13	0.499	-0.002	0.017	
27.17	0.499	0.000	-0.008	
27.20	0.499	-0.002	-0.039	
27.23	0.499	-0.004	-0.027	
27.27	0.499	-0.004	-0.009	
27.30	0.499	-0.003	-0.039	
27.33	0.499	-0.005	-0.125	
27.37	0.498	-0.011	-0.203	
27.40	0.498	-0.025	-0.074	
27.43	0.496	-0.023	0.253	
27.47	0.496	-0.003	0.420	
27.50	0.496	0.016	0.253	
27.53	0.498	0.018	-0.059	
27.57	0.498	0.005	-0.184	
27.60	0.498	-0.000	-0.113	
27.63	0.498	-0.002	-0.029	
27.67	0.498	-0.001	0.014	
27.70	0.498	0.000	0.021	
27.73	0.498	0.001	0.027	
27.77	0.498	0.002	0.027	
27.80	0.498	0.003	0.023	
27.83	0.498	0.003	0.026	
27.87	0.498	0.005	0.024	
27.90	0.498	0.005	0.016	
27.93	0.498	0.005	0.016	
27.97	0.498	0.006	0.024	
28.00	0.499	0.007	0.016	
28.03	0.499	0.008	-0.032	
28.07	0.499	0.007	-0.122	
28.10	0.500	-0.000	-0.184	
28.13	0.500	-0.013	-0.034	
28.17	0.498	-0.008	0.244	
28.20	0.498	0.016	0.197	
28.23	0.500	0.015	-0.116	
28.27	0.500	-0.006	-0.094	
28.30	0.498	0.002	0.115	
28.33	0.500	0.014	0.023	
28.37	0.500	0.005	-0.106	
28.40	0.500	0.001	-0.095	
28.43	0.500	-0.002	-0.058	
28.47	0.500	-0.002	-0.020	
28.50	0.500	-0.003	-0.009	
28.53	0.500	-0.003	-0.008	
28.57	0.500	-0.003	-0.012	
28.60	0.500	-0.004	-0.004	
28.63	0.500	-0.003	0.000	
28.67	0.499	-0.003	-0.011	
28.70	0.499	-0.004	-0.008	
28.73	0.499	-0.004	0.008	
28.77	0.499	-0.003	0.006	
28.80	0.499	-0.003	-0.017	
28.83	0.499	-0.004	-0.051	
28.87	0.499	-0.006	-0.101	
28.90	0.499	-0.009	-0.177	
28.93	0.498	-0.023	-0.108	
28.97	0.496	-0.022	0.105	
29.00	0.496	-0.010	0.178	
29.03	0.496	-0.006	0.125	
29.07	0.496	-0.003	0.097	
29.10	0.496	-0.002	0.126	
29.13	0.496	0.002	0.204	
29.17	0.496	0.018	0.105	
29.20	0.498	0.018	-0.213	
29.23	0.498	-0.001	-0.386	
29.27	0.498	-0.021	-0.185	
29.30	0.495	-0.020	0.221	
29.33	0.496	0.001	0.420	
29.37	0.496	0.021	0.244	
29.40	0.498	0.022	-0.066	
29.43	0.498	0.008	-0.172	
29.47	0.498	0.004	-0.095	
29.50	0.498	0.003	-0.018	
29.53	0.498	0.005	0.018	
29.57	0.498	0.005	0.021	
29.60	0.498	0.006	0.022	
29.63	0.498	0.007	0.012	
29.67	0.499	0.007	-0.011	
29.70	0.499	0.006	-0.019	
29.73	0.499	0.005	-0.013	
29.77	0.499	0.005	-0.009	
29.80	0.500	0.005	-0.009	
29.83	0.500	0.004	-0.001	
29.87	0.500	0.006	-0.012	
29.90	0.500	0.003	-0.031	
29.93	0.500	0.003	-0.031	
29.97	0.500	0.002	-0.040	
30.00	0.500	0.000	-0.046	
30.03	0.500	-0.002	-0.034	
30.07	0.500	-0.002	-0.016	
30.10	0.500	-0.003	-0.009	
30.13	0.500	-0.003	-0.011	
30.17	0.500	-0.003	-0.018	
30.20	0.500	-0.004	-0.012	
30.23	0.500	-0.004	0.007	
30.27	0.499	-0.003	0.007	
30.30	0.499	-0.003	-0.012	
30.33	0.499	-0.005	-0.017	
30.37	0.499	-0.005	-0.006	
30.40	0.499	-0.005	0.005	
30.43	0.499	-0.005	0.010	
30.47	0.498	-0.003	-0.022	
30.50	0.499	-0.005	-0.079	
30.53	0.498	-0.009	-0.117	
30.57	0.498	-0.019	0.012	
30.60	0.496	-0.008	0.151	
30.63	0.498	-0.004	0.154	
30.67	0.496	0.002	0.133	
30.70	0.498	0.012	-0.080	
30.73	0.498	-0.003	-0.284	
30.77	0.498	-0.017	-0.205	
30.80	0.496	-0.022	0.046	
30.83	0.496	-0.010	0.217	
30.87	0.496	-0.004	0.259	
30.90	0.495	0.006	0.291	
30.93	0.496	0.022	0.151	
30.97	0.497	0.021	-0.116	
31.00	0.498	0.007	-0.192	
31.03	0.497	0.002	-0.095	
31.07	0.498	0.002	-0.019	
31.10	0.498	0.003	0.013	
31.13	0.498	0.003	0.025	
31.17	0.498	0.005	0.023	
31.20	0.498	0.005	0.012	
31.23	0.498	0.005	0.005	
31.27	0.498	0.005	0.005	
31.30	0.498	0.005	0.010	
31.33	0.499	0.006	0.017	
31.37	0.499	0.007	0.007	
31.40	0.499	0.007	-0.022	
31.43	0.499	0.005	-0.041	
31.47	0.500	0.003	-0.037	
31.50	0.499	0.003	-0.026	
31.53	0.500	0.002	-0.026	
31.57	0.500	0.001	-0.017	
31.60	0.500	0.000	0.002	
31.63	0.500	0.001	0.013	
31.67	0.500	0.003	-0.015	
31.70	0.500	0.000	-0.051	
31.73	0.500	-0.002	-0.048	
31.77	0.500	-0.004	-0.022	
31.80	0.499	-0.003	-0.006	
31.83	0.500	-0.003	-0.016	
31.87	0.499	-0.005	-0.019	
31.90	0.499	-0.005	-0.011	
31.93	0.499	-0.005	-0.004	
31.97	0.499	-0.005	-0.000	
32.00	0.499	-0.005	0.004	
32.03	0.499	-0.005	0.011	
32.07	0.498	-0.005	0.019	
32.10	0.498	-0.003	0.015	
32.13	0.498	-0.003	0.000	
32.17	0.498	-0.004	0.004	
32.20	0.498	-0.003	0.012	
32.23	0.498	-0.003	0.007	
32.27	0.498	-0.003	0.003	
32.30	0.498	-0.003	0.001	
32.33	0.497	-0.003	0.000	
32.37	0.498	-0.003	0.001	
32.40	0.497	-0.003	0.004	
32.43	0.497	-0.002	0.013	
32.47	0.497	-0.002	0.029	
32.50	0.497	-0.000	0.036	
32.53	0.497	0.001	0.033	
32.57	0.497	0.003	0.004	
32.60	0.497	0.001	-0.020	
32.63	0.497	0.000	-0.009	
32.67	0.497	0.000	0.008	
32.70	0.497	0.001	0.028	
32.73	0.497	0.002	0.034	
32.77	0.497	0.004	0.015	
32.80	0.498	0.003	0.005	
32.83	0.498	0.003	0.017	
32.87	0.498	0.005	0.023	
32.90	0.498	0.005	0.021	
32.93	0.498	0.006	0.022	
32.97	0.498	0.007	0.012	
33.00	0.499	0.007	-0.012	
33.03	0.499	0.006	-0.022	
33.07	0.499	0.005	-0.022	
33.10	0.499	0.005	-0.026	
33.13	0.499	0.003	-0.024	
33.17	0.499	0.003	-0.018	
33.20	0.500	0.002	-0.027	
33.23	0.499	0.002	-0.066	
33.27	0.500	-0.001	-0.109	
33.30	0.499	-0.006	-0.108	
33.33	0.500	-0.015	0.057	
33.37	0.498	-0.003	0.218	
33.40	0.499	0.011	0.081	
33.43	0.499	0.002	-0.065	
33.47	0.499	0.001	-0.086	
33.50	0.499	-0.004	-0.076	
33.53	0.499	-0.005	-0.034	
33.57	0.499	-0.005	-0.020	
33.60	0.499	-0.005	-0.038	
33.63	0.499	-0.007	-0.070	
33.67	0.498	-0.010	-0.078	
33.70	0.498	-0.019	0.088	
33.73	0.496	-0.005	0.250	
33.77	0.498	0.011	0.062	
33.80	0.498	0.000	-0.143	
33.83	0.498	-0.007	-0.134	
33.87	0.497	-0.015	0.059	
33.90	0.496	-0.001	0.216	
33.93	0.497	0.011	0.063	
33.97	0.497	0.002	-0.078	
34.00	0.497	-0.001	-0.061	
34.03	0.497	-0.002	-0.026	
34.07	0.497	-0.001	-0.038	
34.10	0.497	-0.003	-0.102	
34.13	0.497	-0.006	-0.182	
34.17	0.497	-0.020	-0.129	
34.20	0.495	-0.022	0.102	
34.23	0.495	-0.008	0.210	
34.27	0.495	-0.002	0.161	
34.30	0.495	0.001	0.147	
34.33	0.495	0.005	0.194	
34.37	0.495	0.014	0.233	
34.40	0.496	0.026	0.113	
34.43	0.498	0.026	-0.129	
34.47	0.498	0.011	-0.208	
34.50	0.498	0.007	-0.148	
34.53	0.498	0.004	-0.137	
34.57	0.498	0.001	-0.182	
34.60	0.499	-0.012	-0.092	
34.63	0.497	-0.014	0.210	
34.67	0.497	0.006	0.362	
34.70	0.497	0.025	0.108	
34.73	0.500	0.020	-0.315	
34.77	0.500	-0.011	-0.344	
34.80	0.498	-0.016	-0.014	
34.83	0.498	-0.004	0.139	
34.87	0.498	0.001	0.082	
34.90	0.498	0.001	-0.002	
34.93	0.498	-0.001	-0.037	
34.97	0.498	-0.002	-0.019	
35.00	0.498	-0.003	0.025	
35.03	0.498	-0.002	0.109	
35.07	0.498	0.003	0.197	
35.10	0.498	0.017	0.104	
35.13	0.499	0.016	-0.137	
35.17	0.499	0.001	-0.202	
35.20	0.499	-0.003	-0.106	
35.23	0.499	-0.004	-0.033	
35.27	0.499	-0.002	-0.052	
35.30	0.499	-0.006	-0.126	
35.33	0.498	-0.011	-0.160	
35.37	0.498	-0.024	0.001	
35.40	0.496	-0.018	0.320	
35.43	0.496	0.010	0.318	
35.47	0.498	0.014	0.013	
35.50	0.498	0.003	-0.136	
35.53	0.498	-0.001	-0.124	
35.57	0.498	-0.003	-0.136	
35.60	0.498	-0.008	-0.163	
35.63	0.498	-0.019	-0.042	
35.67	0.496	-0.016	0.201	
35.70	0.496	0.006	0.136	
35.73	0.497	-0.002	-0.058	
35.77	0.496	-0.012	0.099	
35.80	0.495	0.003	0.270	
35.83	0.496	0.019	0.120	
35.87	0.498	0.017	-0.154	
35.90	0.498	-0.006	-0.061	
35.93	0.496	0.007	0.190	
35.97	0.498	0.022	0.056	
36.00	0.498	0.012	-0.127	
36.03	0.499	0.006	-0.133	
36.07	0.498	0.002	-0.092	
36.10	0.499	0.002	-0.068	
36.13	0.499	-0.008	0.066	
36.17	0.497	0.007	0.163	
36.20	0.500	0.017	-0.074	
36.23	0.500	-0.006	-0.130	
36.27	0.498	0.002	-0.030	
36.30	0.500	0.000	-0.099	
36.33	0.498	-0.012	0.003	
36.37	0.498	-0.000	0.113	
36.40	0.499	0.001	0.100	
36.43	0.499	0.004	0.123	
36.47	0.499	0.008	0.135	
36.50	0.499	0.019	-0.020	
36.53	0.501	0.014	-0.330	
36.57	0.501	-0.015	-0.296	
36.60	0.499	-0.019	0.103	
36.63	0.499	-0.002	0.346	
36.67	0.499	0.018	0.209	
36.70	0.500	0.018	-0.118	
36.73	0.500	0.002	-0.253	
36.77	0.500	-0.005	-0.199	
36.80	0.500	-0.010	-0.133	
36.83	0.500	-0.019	0.064	
36.87	0.498	-0.005	0.225	
36.90	0.499	0.008	0.053	
36.93	0.499	-0.002	-0.127	
36.97	0.499	-0.007	-0.125	
37.00	0.499	-0.010	-0.095	
37.03	0.499	-0.019	0.060	
37.07	0.497	-0.004	0.137	
37.10	0.499	0.004	-0.087	
37.13	0.498	-0.019	-0.079	
37.17	0.496	-0.017	0.280	
37.20	0.496	0.013	0.314	
37.23	0.498	0.018	-0.008	
37.27	0.498	0.004	-0.163	
37.30	0.498	-0.000	-0.130	
37.33	0.498	-0.002	-0.124	
37.37	0.498	-0.005	-0.158	
37.40	0.498	-0.019	-0.019	
37.43	0.496	-0.015	0.322	
37.47	0.496	0.014	0.346	
37.50	0.498	0.021	0.015	
37.53	0.498	0.009	-0.183	
37.57	0.498	0.003	-0.217	
37.60	0.498	-0.004	-0.240	
37.63	0.498	-0.018	-0.127	
37.67	0.496	-0.018	0.124	
37.70	0.497	-0.004	0.215	
37.73	0.496	0.002	0.149	
37.77	0.497	0.005	0.078	
37.80	0.497	0.007	-0.004	
37.83	0.498	0.005	-0.054	
37.87	0.497	0.001	-0.018	
37.90	0.497	0.003	0.042	
37.93	0.497	0.005	0.062	
37.97	0.498	0.008	0.061	
38.00	0.498	0.008	0.098	
38.03	0.498	0.012	0.179	
38.07	0.498	0.025	0.096	
38.10	0.500	0.025	-0.158	
38.13	0.501	0.009	-0.253	
38.17	0.500	0.002	-0.168	
38.20	0.501	-0.002	-0.077	
38.23	0.500	-0.002	-0.026	
38.27	0.500	-0.001	-0.050	
38.30	0.500	-0.004	-0.098	
38.33	0.500	-0.009	-0.104	
38.37	0.500	-0.018	0.057	
38.40	0.498	-0.005	0.211	
38.43	0.500	0.008	0.066	
38.47	0.500	-0.001	-0.086	
38.50	0.499	-0.004	-0.086	
38.53	0.499	-0.007	-0.053	
38.57	0.499	-0.008	-0.014	
38.60	0.499	-0.008	0.006	
38.63	0.498	-0.007	0.021	
38.67	0.498	-0.006	0.017	
38.70	0.498	-0.005	-0.020	
38.73	0.498	-0.006	-0.080	
38.77	0.498	-0.009	-0.134	
38.80	0.498	-0.021	-0.026	
38.83	0.495	-0.018	0.221	
38.87	0.496	0.008	0.113	
38.90	0.498	-0.005	-0.133	
38.93	0.495	-0.016	-0.015	
38.97	0.495	-0.005	0.114	
39.00	0.495	-0.002	0.085	
39.03	0.495	0.000	0.040	
39.07	0.495	0.000	0.012	
39.10	0.495	0.000	0.018	
39.13	0.495	0.000	0.062	
39.17	0.495	0.003	0.146	
39.20	0.495	0.010	0.215	
39.23	0.496	0.023	0.108	
39.27	0.497	0.022	-0.146	
39.30	0.498	0.008	-0.256	
39.33	0.498	-0.000	-0.191	
39.37	0.498	-0.011	0.052	
39.40	0.496	0.005	0.249	
39.43	0.498	0.019	0.088	
39.47	0.498	0.010	-0.078	
39.50	0.499	0.007	-0.067	
39.53	0.499	0.005	-0.028	
39.57	0.499	0.006	0.002	
39.60	0.499	0.007	-0.010	
39.63	0.499	0.006	-0.054	
39.67	0.499	0.004	-0.117	
39.70	0.500	-0.001	-0.195	
39.73	0.500	-0.015	-0.122	
39.77	0.498	-0.014	0.071	
39.80	0.498	-0.004	0.121	
39.83	0.498	-0.002	0.059	
39.87	0.498	-0.002	0.015	
39.90	0.498	-0.002	0.011	
39.93	0.498	-0.001	0.033	
39.97	0.498	-0.001	0.088	
40.00	0.498	0.002	0.176	
40.03	0.498	0.017	0.097	
40.07	0.500	0.015	-0.147	
40.10	0.499	-0.000	-0.210	
40.13	0.499	-0.004	-0.118	
40.17	0.499	-0.006	-0.056	
40.20	0.499	-0.007	-0.018	
40.23	0.498	-0.007	0.007	
40.27	0.498	-0.006	0.012	
40.30	0.498	-0.006	0.002	
40.33	0.498	-0.006	0.002	
40.37	0.498	-0.005	-0.021	
40.40	0.498	-0.005	-0.103	
40.43	0.497	-0.011	-0.189	
40.47	0.497	-0.025	-0.089	
40.50	0.495	-0.023	0.167	
40.53	0.495	-0.007	0.240	
40.57	0.495	-0.000	0.130	
40.60	0.495	0.000	0.043	
40.63	0.495	-0.000	0.030	
40.67	0.495	0.003	0.023	
40.70	0.495	0.001	0.013	
40.73	0.495	0.003	0.015	
40.77	0.496	0.004	-0.011	
40.80	0.496	0.002	-0.028	
40.83	0.496	-0.001	0.028	
40.87	0.495	0.002	0.138	
40.90	0.496	0.008	0.233	
40.93	0.496	0.023	0.151	
40.97	0.498	0.025	-0.103	
41.00	0.498	0.011	-0.203	
41.03	0.498	0.005	-0.121	
41.07	0.498	0.003	-0.029	
41.10	0.498	0.005	0.019	
41.13	0.498	0.006	0.026	
41.17	0.499	0.007	0.006	
41.20	0.499	0.007	-0.054	
41.23	0.499	0.004	-0.129	
41.27	0.499	-0.001	-0.180	
41.30	0.500	-0.014	-0.047	
41.33	0.498	-0.011	0.239	
41.37	0.498	0.014	0.197	
41.40	0.500	0.015	-0.155	
41.43	0.500	-0.010	-0.160	
41.47	0.498	-0.011	0.209	
41.50	0.498	0.017	0.252	
41.53	0.500	0.019	-0.062	
41.57	0.500	0.005	-0.196	
41.60	0.500	-0.001	-0.136	
41.63	0.500	-0.003	-0.075	
41.67	0.500	-0.005	-0.044	
41.70	0.499	-0.006	-0.035	
41.73	0.499	-0.007	-0.028	
41.77	0.499	-0.008	-0.021	
41.80	0.499	-0.008	-0.045	
41.83	0.498	-0.009	-0.109	
41.87	0.498	-0.014	-0.186	
41.90	0.498	-0.027	-0.115	
41.93	0.496	-0.028	0.121	
41.97	0.495	-0.013	0.221	
42.00	0.496	-0.007	0.155	
42.03	0.495	-0.004	0.091	
42.07	0.495	-0.001	0.037	
42.10	0.495	-0.001	-0.011	
42.13	0.495	-0.004	-0.013	
42.17	0.495	-0.004	0.024	
42.20	0.495	-0.001	0.040	
42.23	0.495	-0.000	0.032	
42.27	0.495	0.001	0.028	
42.30	0.495	0.002	0.023	
42.33	0.495	0.002	0.015	
42.37	0.495	0.002	0.026	
42.40	0.495	0.005	0.012	
42.43	0.495	0.003	-0.014	
42.47	0.495	0.003	-0.008	
42.50	0.496	0.003	0.009	
42.53	0.495	0.003	0.052	
42.57	0.496	0.005	0.106	
42.60	0.496	0.010	0.135	
42.63	0.496	0.020	0.015	
42.67	0.498	0.009	-0.047	
42.70	0.496	0.010	0.053	
42.73	0.498	0.020	-0.031	
42.77	0.499	0.009	-0.114	
42.80	0.498	0.007	-0.061	
42.83	0.499	0.006	-0.040	
42.87	0.499	0.005	-0.033	
42.90	0.499	0.003	-0.020	
42.93	0.499	0.003	0.003	
42.97	0.499	0.004	0.002	
43.00	0.499	0.004	-0.022	
43.03	0.500	0.003	-0.037	
43.07	0.500	0.001	-0.026	
43.10	0.500	0.001	-0.009	
43.13	0.500	0.001	-0.016	
43.17	0.500	-0.000	-0.033	
43.20	0.500	-0.002	-0.024	
43.23	0.500	-0.002	-0.005	
43.27	0.499	-0.002	0.005	
43.30	0.500	-0.000	-0.027	
43.33	0.500	-0.004	-0.055	
43.37	0.499	-0.005	-0.049	
43.40	0.499	-0.007	-0.041	
43.43	0.499	-0.008	-0.052	
43.47	0.499	-0.009	-0.107	
43.50	0.498	-0.013	-0.183	
43.53	0.498	-0.026	-0.132	
43.57	0.496	-0.028	0.084	
43.60	0.496	-0.016	0.205	
43.63	0.495	-0.009	0.171	
43.67	0.495	-0.004	0.095	
43.70	0.495	-0.003	0.032	
43.73	0.495	-0.004	0.022	
43.77	0.495	-0.002	0.035	
43.80	0.495	-0.001	0.030	
43.83	0.495	-0.000	0.018	
43.87	0.495	0.000	0.021	
43.90	0.495	0.000	0.058	
43.93	0.495	0.003	0.111	
43.97	0.495	0.009	0.116	
44.00	0.495	0.018	-0.077	
44.03	0.497	0.003	-0.247	
44.07	0.495	-0.011	-0.070	
44.10	0.495	-0.002	0.145	
44.13	0.496	0.004	0.210	
44.17	0.496	0.011	0.264	
44.20	0.496	0.028	0.139	
44.23	0.498	0.026	-0.133	
44.27	0.498	0.011	-0.194	
44.30	0.498	0.008	-0.107	
44.33	0.499	0.006	-0.060	
44.37	0.499	0.004	-0.024	
44.40	0.499	0.005	-0.002	
44.43	0.499	0.005	-0.010	
44.47	0.499	0.005	-0.053	
44.50	0.500	0.003	-0.136	
44.53	0.499	-0.003	-0.214	
44.57	0.500	-0.018	-0.111	
44.60	0.498	-0.017	0.172	
44.63	0.498	-0.000	0.288	
44.67	0.498	0.008	0.200	
44.70	0.498	0.019	-0.057	
44.73	0.500	0.004	-0.284	
44.77	0.499	-0.014	-0.142	
44.80	0.498	-0.006	0.047	
44.83	0.499	-0.004	0.095	
44.87	0.498	-0.001	0.140	
44.90	0.498	0.004	0.190	
44.93	0.498	0.017	0.091	
44.97	0.500	0.015	-0.151	
45.00	0.500	-0.000	-0.202	
45.03	0.500	-0.004	-0.094	
45.07	0.499	-0.004	-0.016	
45.10	0.499	-0.002	-0.005	
45.13	0.499	-0.004	-0.018	
45.17	0.499	-0.005	-0.003	
45.20	0.499	-0.005	0.016	
45.23	0.499	-0.003	0.023	
45.27	0.499	-0.003	0.008	
45.30	0.498	-0.002	-0.031	
45.33	0.499	-0.003	-0.111	
45.37	0.498	-0.009	-0.167	
45.40	0.498	-0.022	0.012	
45.43	0.496	-0.016	0.370	
45.47	0.496	0.015	0.371	
45.50	0.498	0.021	0.028	
45.53	0.498	0.009	-0.142	
45.57	0.498	0.006	-0.144	
45.60	0.499	0.001	-0.140	
45.63	0.499	-0.002	-0.149	
45.67	0.499	-0.015	-0.010	
45.70	0.497	-0.003	0.126	
45.73	0.499	-0.000	0.102	
45.77	0.497	0.003	0.072	
45.80	0.499	0.006	-0.007	
45.83	0.497	0.003	-0.063	
45.87	0.500	-0.000	-0.063	
45.90	0.497	-0.010	0.151	
45.93	0.498	0.017	0.187	
45.97	0.500	0.009	0.045	
46.00	0.498	0.012	0.087	
46.03	0.500	0.022	-0.047	
46.07	0.500	0.009	-0.183	
46.10	0.500	0.005	-0.202	
46.13	0.500	-0.002	-0.251	
46.17	0.501	-0.017	-0.138	
46.20	0.499	-0.018	0.151	
46.23	0.499	-0.002	0.305	
46.27	0.499	0.007	0.301	
46.30	0.499	0.022	0.140	
46.33	0.501	0.021	-0.140	
46.37	0.501	0.006	-0.246	
46.40	0.501	0.000	-0.205	
46.43	0.501	-0.005	-0.192	
46.47	0.501	-0.017	-0.089	
46.50	0.499	-0.009	-0.020	
46.53	0.501	-0.012	-0.076	
46.57	0.499	-0.022	0.052	
46.60	0.498	-0.009	0.184	
46.63	0.499	-0.005	0.190	
46.67	0.498	0.001	0.220	
46.70	0.498	0.015	0.105	
46.73	0.500	0.013	-0.130	
46.77	0.500	-0.001	-0.185	
46.80	0.499	-0.005	-0.083	
46.83	0.499	-0.003	-0.059	
46.87	0.499	-0.006	-0.090	
46.90	0.499	-0.010	-0.093	
46.93	0.499	-0.019	0.077	
46.97	0.496	-0.005	0.249	
47.00	0.498	0.010	0.105	
47.03	0.498	0.002	-0.047	
47.07	0.498	-0.000	-0.040	
47.10	0.498	-0.000	-0.043	
47.13	0.498	-0.000	-0.100	
47.17	0.498	-0.006	-0.148	
47.20	0.498	-0.019	0.034	
47.23	0.496	-0.010	0.362	
47.27	0.497	0.019	0.317	
47.30	0.498	0.021	-0.014	
47.33	0.499	0.009	-0.138	
47.37	0.499	0.006	-0.094	
47.40	0.499	0.005	-0.079	
47.43	0.499	0.003	-0.130	
47.47	0.499	-0.002	-0.217	
47.50	0.499	-0.017	-0.134	
47.53	0.498	-0.017	0.120	
47.57	0.498	-0.002	0.198	
47.60	0.498	0.002	0.116	
47.63	0.498	0.003	0.065	
47.67	0.498	0.005	0.038	
47.70	0.498	0.006	0.023	
47.73	0.498	0.007	-0.014	
47.77	0.499	0.004	-0.033	
47.80	0.499	0.004	-0.008	
47.83	0.499	0.004	-0.003	
47.87	0.499	0.004	-0.014	
47.90	0.499	0.003	0.008	
47.93	0.499	0.002	0.093	
47.97	0.499	0.007	0.200	
48.00	0.499	0.022	0.121	
48.03	0.501	0.022	-0.144	
48.07	0.501	0.006	-0.248	
48.10	0.501	-0.000	-0.197	
48.13	0.501	-0.004	-0.187	
48.17	0.501	-0.009	-0.235	
48.20	0.501	-0.025	-0.148	
48.23	0.499	-0.026	0.099	
48.27	0.499	-0.012	0.185	
48.30	0.499	-0.009	0.147	
48.33	0.498	-0.005	0.166	
48.37	0.498	0.000	0.214	
48.40	0.498	0.015	0.109	
48.43	0.500	0.013	-0.135	
48.47	0.499	-0.001	-0.197	
48.50	0.499	-0.006	-0.093	
48.53	0.499	-0.006	0.003	
48.57	0.499	-0.003	0.024	
48.60	0.499	-0.004	0.011	
48.63	0.498	-0.003	0.013	
48.67	0.498	-0.003	0.010	
48.70	0.498	-0.002	0.016	
48.73	0.498	-0.002	0.021	
48.77	0.498	-0.000	-0.009	
48.80	0.498	-0.000	-0.090	
48.83	0.498	-0.006	-0.144	
48.87	0.498	-0.018	0.023	
48.90	0.496	-0.012	0.358	
48.93	0.496	0.019	0.350	
48.97	0.498	0.024	0.011	
49.00	0.499	0.011	-0.149	
49.03	0.499	0.007	-0.109	
49.07	0.499	0.005	-0.054	
49.10	0.499	0.005	-0.027	
49.13	0.499	0.003	-0.013	
49.17	0.499	0.003	0.005	
49.20	0.500	0.004	-0.001	
49.23	0.500	0.004	-0.047	
49.27	0.500	0.002	-0.090	
49.30	0.500	-0.002	-0.101	
49.33	0.500	-0.012	0.041	
49.37	0.498	0.001	0.177	
49.40	0.500	0.012	0.017	
49.43	0.500	-0.006	0.029	
49.47	0.499	0.008	0.168	
49.50	0.501	0.018	0.011	
49.53	0.501	0.008	-0.113	
49.57	0.501	0.004	-0.086	
49.60	0.501	0.002	-0.049	
49.63	0.501	0.002	-0.033	
49.67	0.501	0.001	-0.038	
49.70	0.501	0.000	-0.071	
49.73	0.501	-0.002	-0.151	
49.77	0.501	-0.009	-0.230	
49.80	0.501	-0.025	-0.098	
49.83	0.499	-0.023	0.236	
49.87	0.499	-0.003	0.397	
49.90	0.499	0.015	0.212	
49.93	0.500	0.015	-0.111	
49.97	0.500	-0.001	-0.211	
50.00	0.500	-0.005	-0.111	
50.03	0.500	-0.006	-0.039	
50.07	0.499	-0.006	-0.021	
50.10	0.499	-0.007	-0.020	
50.13	0.499	-0.008	-0.015	
50.17	0.499	-0.008	-0.035	
50.20	0.498	-0.009	-0.080	
50.23	0.498	-0.012	-0.118	
50.27	0.498	-0.024	0.037	
50.30	0.496	-0.017	0.362	
50.33	0.496	0.012	0.362	
50.37	0.498	0.020	0.023	
50.40	0.498	0.007	-0.148	
50.43	0.498	0.002	-0.098	
50.47	0.498	0.001	-0.023	
50.50	0.498	0.002	0.017	
50.53	0.498	0.003	0.021	
50.57	0.498	0.003	0.026	
50.60	0.498	0.005	0.023	
50.63	0.498	0.005	0.011	
50.67	0.499	0.005	0.003	
50.70	0.499	0.005	-0.003	
50.73	0.499	0.005	-0.010	
50.77	0.499	0.005	-0.019	
50.80	0.499	0.003	-0.015	
50.83	0.499	0.003	-0.000	
50.87	0.500	0.004	-0.004	
50.90	0.500	0.003	-0.011	
50.93	0.500	0.003	-0.005	
50.97	0.500	0.003	-0.006	
51.00	0.500	0.003	-0.037	
51.03	0.500	0.002	-0.118	
51.07	0.500	-0.004	-0.190	
51.10	0.500	-0.018	-0.061	
51.13	0.498	-0.015	0.221	
51.17	0.498	0.011	0.158	
51.20	0.500	0.003	-0.093	
51.23	0.499	-0.011	0.007	
51.27	0.499	0.002	0.145	
51.30	0.499	0.013	-0.043	
51.33	0.500	-0.001	-0.240	
51.37	0.499	-0.017	-0.098	
51.40	0.498	-0.009	0.119	
51.43	0.499	-0.003	0.198	
51.47	0.498	0.004	0.242	
51.50	0.498	0.019	0.108	
51.53	0.500	0.017	-0.168	
51.57	0.500	-0.000	-0.239	
51.60	0.500	-0.005	-0.123	
51.63	0.500	-0.006	-0.043	
51.67	0.499	-0.006	-0.022	
51.70	0.499	-0.007	-0.019	
51.73	0.499	-0.008	-0.006	
51.77	0.499	-0.008	0.007	
51.80	0.498	-0.007	0.021	
51.83	0.498	-0.006	0.022	
51.87	0.498	-0.005	0.012	
51.90	0.498	-0.005	0.009	
51.93	0.498	-0.005	0.017	
51.97	0.498	-0.004	0.035	
52.00	0.497	-0.003	0.052	
52.03	0.497	-0.000	0.053	
52.07	0.497	0.001	0.052	
52.10	0.497	0.004	0.034	
52.13	0.498	0.003	0.013	
52.17	0.498	0.004	0.001	
52.20	0.498	0.003	-0.002	
52.23	0.498	0.003	0.014	
52.27	0.498	0.005	0.019	
52.30	0.498	0.005	0.011	
52.33	0.498	0.005	0.004	
52.37	0.498	0.005	0.001	
52.40	0.499	0.005	-0.001	
52.43	0.499	0.005	-0.004	
52.47	0.499	0.005	-0.011	
52.50	0.499	0.005	-0.023	
52.53	0.499	0.003	-0.031	
52.57	0.499	0.003	-0.057	
52.60	0.500	0.001	-0.123	
52.63	0.499	-0.004	-0.205	
52.67	0.500	-0.018	-0.126	
52.70	0.498	-0.019	0.135	
52.73	0.498	-0.004	0.260	
52.77	0.498	0.004	0.227	
52.80	0.498	0.009	0.214	
52.83	0.498	0.021	0.101	
52.87	0.500	0.021	-0.156	
52.90	0.500	0.006	-0.288	
52.93	0.500	-0.001	-0.316	
52.97	0.500	-0.020	-0.174	
53.00	0.498	-0.020	0.182	
53.03	0.498	-0.002	0.373	
53.07	0.498	0.016	0.227	
53.10	0.500	0.018	-0.080	
53.13	0.500	0.004	-0.200	
53.17	0.500	-0.002	-0.137	
53.20	0.500	-0.005	-0.071	
53.23	0.500	-0.005	-0.032	
53.27	0.499	-0.006	-0.028	
53.30	0.499	-0.007	-0.023	
53.33	0.499	-0.008	-0.011	
53.37	0.499	-0.008	-0.000	
53.40	0.498	-0.008	0.010	
53.43	0.498	-0.007	0.020	
53.47	0.498	-0.006	0.019	
53.50	0.498	-0.006	0.012	
53.53	0.497	-0.006	0.026	
53.57	0.497	-0.004	0.030	
53.60	0.497	-0.003	-0.005	
53.63	0.497	-0.004	-0.041	
53.67	0.497	-0.005	-0.062	
53.70	0.497	-0.014	0.066	
53.73	0.495	-0.001	0.179	
53.77	0.497	0.011	-0.018	
53.80	0.497	-0.008	-0.056	
53.83	0.496	-0.007	0.230	
53.87	0.496	0.017	0.273	
53.90	0.498	0.023	0.011	
53.93	0.498	0.012	-0.126	
53.97	0.498	0.009	-0.089	
54.00	0.499	0.007	-0.053	
54.03	0.499	0.006	-0.027	
54.07	0.499	0.005	-0.012	
54.10	0.499	0.005	-0.005	
54.13	0.499	0.005	-0.006	
54.17	0.499	0.005	-0.020	
54.20	0.500	0.005	-0.063	
54.23	0.500	0.002	-0.131	
54.27	0.500	-0.003	-0.202	
54.30	0.500	-0.017	-0.133	
54.33	0.498	-0.018	0.094	
54.37	0.498	-0.006	0.210	
54.40	0.498	0.000	0.194	
54.43	0.498	0.005	0.190	
54.47	0.498	0.018	0.054	
54.50	0.500	0.009	-0.101	
54.53	0.499	0.005	-0.108	
54.57	0.500	0.008	-0.216	
54.60	0.500	-0.015	-0.160	
54.63	0.498	-0.015	0.189	
54.67	0.498	0.012	0.200	
54.70	0.500	0.005	0.031	
54.73	0.498	0.005	0.051	
54.77	0.500	0.013	-0.045	
54.80	0.500	0.002	-0.132	
54.83	0.500	-0.001	-0.087	
54.87	0.500	-0.003	-0.058	
54.90	0.500	-0.003	-0.079	
54.93	0.500	-0.006	-0.150	
54.97	0.500	-0.012	-0.231	
55.00	0.499	-0.028	-0.140	
55.03	0.497	-0.028	0.146	
55.07	0.497	-0.013	0.303	
55.10	0.497	-0.004	0.323	
55.13	0.496	0.013	0.174	
55.17	0.498	0.014	-0.153	
55.20	0.498	-0.001	-0.330	
55.23	0.498	-0.019	-0.168	
55.27	0.496	-0.020	0.183	
55.30	0.496	0.000	0.315	
55.33	0.496	0.016	0.058	
55.37	0.498	0.003	-0.155	
55.40	0.496	-0.011	0.063	
55.43	0.496	0.005	0.335	
55.47	0.496	0.025	0.247	
55.50	0.499	0.028	-0.048	
55.53	0.499	0.015	-0.177	
55.57	0.499	0.012	-0.173	
55.60	0.500	0.005	-0.200	
55.63	0.500	0.000	-0.250	
55.67	0.500	-0.016	-0.169	
55.70	0.498	-0.018	0.101	
55.73	0.498	-0.003	0.212	
55.77	0.498	0.004	0.111	
55.80	0.499	0.003	0.020	
55.83	0.498	0.001	0.031	
55.87	0.499	0.003	0.099	
55.90	0.499	0.007	0.151	
55.93	0.499	0.021	-0.001	
55.97	0.501	0.016	-0.343	
56.00	0.501	-0.015	-0.338	
56.03	0.499	-0.019	0.007	
56.07	0.499	-0.007	0.192	
56.10	0.499	-0.001	0.221	
56.13	0.499	0.006	0.216	
56.17	0.499	0.020	0.017	
56.20	0.501	0.014	-0.309	
56.23	0.500	-0.014	-0.271	
56.27	0.499	-0.016	0.081	
56.30	0.498	0.006	0.087	
56.33	0.500	-0.002	-0.120	
56.37	0.498	-0.015	-0.029	
56.40	0.498	-0.004	0.073	
56.43	0.499	-0.004	0.025	
56.47	0.498	-0.004	-0.002	
56.50	0.498	-0.005	-0.011	
56.53	0.498	-0.005	-0.006	
56.57	0.498	-0.005	0.003	
56.60	0.498	-0.006	0.041	
56.63	0.498	-0.005	0.132	
56.67	0.497	0.002	0.233	
56.70	0.497	0.018	0.127	
56.73	0.499	0.017	-0.156	
56.77	0.499	-0.000	-0.238	
56.80	0.498	-0.005	-0.150	
56.83	0.498	-0.007	-0.118	
56.87	0.498	-0.009	-0.151	
56.90	0.498	-0.022	-0.027	
56.93	0.496	-0.019	0.284	
56.97	0.496	0.002	0.431	
57.00	0.496	0.021	0.254	
57.03	0.498	0.023	-0.060	
57.07	0.498	0.009	-0.178	
57.10	0.499	0.006	-0.142	
57.13	0.499	0.003	-0.150	
57.17	0.499	-0.003	-0.155	
57.20	0.499	-0.014	0.020	
57.23	0.497	-0.009	0.355	
57.27	0.497	0.021	0.362	
57.30	0.500	0.030	-0.036	
57.33	0.500	0.013	-0.304	
57.37	0.500	0.001	-0.308	
57.40	0.500	-0.014	-0.113	
57.43	0.499	-0.011	0.181	
57.47	0.499	0.013	0.101	
57.50	0.501	0.003	-0.156	
57.53	0.499	-0.012	-0.074	
57.57	0.499	-0.004	0.069	
57.60	0.499	-0.001	0.078	
57.63	0.499	0.002	0.049	
57.67	0.499	0.002	0.013	
57.70	0.499	0.002	0.020	
57.73	0.500	0.002	0.082	
57.77	0.499	0.005	0.182	
57.80	0.499	0.020	0.115	
57.83	0.501	0.020	-0.136	
57.87	0.501	0.004	-0.225	
57.90	0.501	-0.001	-0.168	
57.93	0.501	-0.004	-0.162	
57.97	0.501	-0.009	-0.211	
58.00	0.501	-0.022	-0.149	
58.03	0.499	-0.025	0.082	
58.07	0.499	-0.012	0.194	
58.10	0.498	-0.006	0.142	
58.13	0.498	-0.002	0.059	
58.17	0.498	-0.004	0.030	
58.20	0.498	-0.003	0.074	
58.23	0.498	-0.000	0.128	
58.27	0.498	0.012	0.028	
58.30	0.500	0.001	-0.063	
58.33	0.497	-0.000	0.033	
58.37	0.499	0.010	-0.029	
58.40	0.499	-0.001	-0.120	
58.43	0.499	-0.004	-0.073	
58.47	0.499	-0.005	-0.028	
58.50	0.499	-0.004	-0.007	
58.53	0.498	-0.004	-0.025	
58.57	0.498	-0.005	-0.048	
58.60	0.498	-0.013	0.080	
58.63	0.497	-0.001	0.234	
58.67	0.498	0.013	0.110	
58.70	0.498	0.006	-0.034	
58.73	0.498	0.004	-0.027	
58.77	0.499	0.005	-0.003	
58.80	0.499	0.005	0.003	
58.83	0.499	0.006	-0.031	
58.87	0.499	0.005	-0.115	
58.90	0.499	-0.001	-0.210	
58.93	0.499	-0.015	-0.127	
58.97	0.498	-0.015	0.121	
59.00	0.498	-0.002	0.228	
59.03	0.498	0.006	0.170	
59.07	0.498	0.007	0.140	
59.10	0.498	0.012	0.181	
59.13	0.499	0.025	0.084	
59.17	0.501	0.023	-0.158	
59.20	0.501	0.007	-0.221	
59.23	0.501	0.003	-0.133	
59.27	0.501	0.000	-0.072	
59.30	0.501	0.000	-0.066	
59.33	0.501	-0.002	-0.124	
59.37	0.501	-0.007	-0.187	
59.40	0.501	-0.020	-0.091	
59.43	0.499	-0.020	0.156	
59.47	0.499	-0.005	0.261	
59.50	0.499	0.010	0.040	
59.53	0.501	-0.001	-0.203	
59.57	0.499	-0.017	-0.099	
59.60	0.499	-0.009	0.061	
59.63	0.498	-0.006	0.077	
59.67	0.498	-0.005	0.096	
59.70	0.498	-0.002	0.141	
59.73	0.498	0.003	0.201	
59.77	0.498	0.017	0.111	
59.80	0.500	0.016	-0.119	
59.83	0.499	0.003	-0.177	
59.87	0.499	0.001	-0.124	
59.90	0.499	-0.004	-0.095	
59.93	0.499	-0.005	-0.074	
59.97	0.499	-0.008	-0.089	
60.00	0.499	-0.012	-0.103	
