Vernier Format 2
1.3.txt 1/28/2019 19:48:4
Run 1
Time	Position	Velocity	Acceleration	
T	P	V	A	
s	m	m/s	m/s^2	

0.00	0.499	0.008	-0.166	
0.03	0.499	0.003	-0.193	
0.07	0.499	-0.002	-0.225	
0.10	0.499	-0.018	-0.102	
0.13	0.497	-0.017	0.233	
0.17	0.497	0.003	0.388	
0.20	0.497	0.023	0.141	
0.23	0.500	0.019	-0.280	
0.27	0.500	-0.010	-0.311	
0.30	0.498	-0.014	0.011	
0.33	0.498	-0.001	0.154	
0.37	0.498	0.003	0.099	
0.40	0.498	0.004	0.043	
0.43	0.499	0.005	0.028	
0.47	0.499	0.003	0.085	
0.50	0.499	0.008	0.196	
0.53	0.499	0.024	0.110	
0.57	0.501	0.022	-0.156	
0.60	0.501	0.005	-0.219	
0.63	0.501	0.001	-0.088	
0.67	0.501	0.002	0.004	
0.70	0.501	0.004	0.013	
0.73	0.501	0.004	-0.028	
0.77	0.501	0.003	-0.088	
0.80	0.501	-0.001	-0.164	
0.83	0.501	-0.015	-0.059	
0.87	0.500	-0.006	0.071	
0.90	0.501	-0.003	0.004	
0.93	0.500	-0.005	-0.090	
0.97	0.501	-0.011	-0.132	
1.00	0.499	-0.021	0.046	
1.03	0.499	-0.008	0.248	
1.07	0.499	0.000	0.302	
1.10	0.498	0.017	0.181	
1.13	0.500	0.018	-0.098	
1.17	0.500	0.004	-0.214	
1.20	0.500	-0.001	-0.188	
1.23	0.500	-0.006	-0.178	
1.27	0.500	-0.019	-0.009	
1.30	0.498	-0.007	0.149	
1.33	0.500	-0.001	0.077	
1.37	0.498	-0.001	-0.030	
1.40	0.500	-0.002	-0.130	
1.43	0.498	-0.017	-0.005	
1.47	0.498	-0.006	0.197	
1.50	0.498	0.002	0.220	
1.53	0.498	0.016	0.035	
1.57	0.500	0.003	-0.127	
1.60	0.498	-0.000	-0.075	
1.63	0.500	-0.001	-0.029	
1.67	0.498	-0.001	-0.013	
1.70	0.500	-0.001	-0.022	
1.73	0.498	-0.001	-0.041	
1.77	0.500	-0.003	-0.081	
1.80	0.498	-0.013	0.035	
1.83	0.498	-0.001	0.168	
1.87	0.498	0.003	0.167	
1.90	0.498	0.008	0.190	
1.93	0.498	0.022	0.063	
1.97	0.501	0.012	-0.040	
2.00	0.499	0.012	0.037	
2.03	0.501	0.021	-0.043	
2.07	0.501	0.010	-0.140	
2.10	0.501	0.006	-0.108	
2.13	0.501	0.003	-0.079	
2.17	0.502	0.002	-0.081	
2.20	0.501	-0.001	-0.109	
2.23	0.502	-0.005	-0.112	
2.27	0.501	-0.016	0.065	
2.30	0.500	-0.002	0.246	
2.33	0.501	0.014	0.076	
2.37	0.501	0.005	-0.161	
2.40	0.501	-0.004	-0.237	
2.43	0.501	-0.011	-0.261	
2.47	0.501	-0.026	-0.135	
2.50	0.499	-0.025	0.122	
2.53	0.499	-0.011	0.206	
2.57	0.499	-0.005	0.112	
2.60	0.499	-0.005	0.036	
2.63	0.498	-0.006	0.034	
2.67	0.498	-0.004	0.080	
2.70	0.498	-0.001	0.144	
2.73	0.498	0.004	0.227	
2.77	0.498	0.020	0.139	
2.80	0.500	0.020	-0.119	
2.83	0.500	0.006	-0.217	
2.87	0.500	-0.000	-0.143	
2.90	0.500	-0.002	-0.084	
2.93	0.500	-0.004	-0.067	
2.97	0.499	-0.006	-0.059	
3.00	0.500	-0.014	0.083	
3.03	0.498	-0.001	0.209	
3.07	0.500	0.011	0.061	
3.10	0.499	0.002	-0.075	
3.13	0.499	0.000	-0.068	
3.17	0.499	-0.002	-0.042	
3.20	0.499	-0.002	-0.006	
3.23	0.499	-0.002	0.017	
3.27	0.499	-0.001	0.036	
3.30	0.499	0.001	0.006	
3.33	0.499	0.001	-0.078	
3.37	0.499	-0.003	-0.164	
3.40	0.499	-0.015	-0.107	
3.43	0.498	-0.016	0.117	
3.47	0.498	-0.002	0.204	
3.50	0.498	0.003	0.146	
3.53	0.498	0.005	0.152	
3.57	0.498	0.010	0.218	
3.60	0.498	0.025	0.135	
3.63	0.500	0.025	-0.120	
3.67	0.500	0.011	-0.216	
3.70	0.501	0.005	-0.137	
3.73	0.501	0.003	-0.057	
3.77	0.501	0.003	-0.018	
3.80	0.501	0.002	-0.018	
3.83	0.501	0.002	-0.035	
3.87	0.501	0.000	-0.054	
3.90	0.501	-0.002	-0.079	
3.93	0.501	-0.004	-0.133	
3.97	0.501	-0.009	-0.203	
4.00	0.501	-0.024	-0.090	
4.03	0.499	-0.023	0.230	
4.07	0.498	-0.004	0.414	
4.10	0.499	0.017	0.245	
4.13	0.500	0.018	-0.087	
4.17	0.500	0.002	-0.202	
4.20	0.500	-0.001	-0.153	
4.23	0.500	-0.004	-0.152	
4.27	0.500	-0.009	-0.167	
4.30	0.500	-0.023	0.009	
4.33	0.498	-0.017	0.367	
4.37	0.498	-0.012	0.343	
4.40	0.500	0.019	-0.032	
4.43	0.500	0.004	-0.188	
4.47	0.500	-0.002	-0.112	
4.50	0.499	-0.002	-0.020	
4.53	0.499	-0.001	0.008	
4.57	0.499	-0.001	-0.009	
4.60	0.499	-0.002	-0.016	
4.63	0.499	-0.002	-0.006	
4.67	0.499	-0.002	0.007	
4.70	0.499	-0.002	0.021	
4.73	0.499	-0.001	0.023	
4.77	0.499	-0.000	0.015	
4.80	0.499	0.000	0.010	
4.83	0.499	0.001	-0.014	
4.87	0.499	0.001	-0.082	
4.90	0.499	-0.002	-0.186	
4.93	0.499	-0.017	-0.125	
4.97	0.497	-0.018	0.118	
5.00	0.498	-0.004	0.215	
5.03	0.498	0.002	0.181	
5.07	0.498	0.006	0.182	
5.10	0.498	0.011	0.217	
5.13	0.498	0.026	0.121	
5.17	0.500	0.025	-0.129	
5.20	0.500	0.011	-0.218	
5.23	0.500	0.005	-0.132	
5.27	0.501	0.003	-0.052	
5.30	0.501	0.003	-0.039	
5.33	0.501	0.004	-0.120	
5.37	0.501	-0.003	-0.201	
5.40	0.501	-0.018	-0.052	
5.43	0.499	-0.015	0.277	
5.47	0.499	0.012	0.290	
5.50	0.501	0.016	-0.014	
5.53	0.501	0.004	-0.158	
5.57	0.501	-0.001	-0.131	
5.60	0.501	-0.003	-0.114	
5.63	0.501	-0.007	-0.103	
5.67	0.500	-0.017	0.070	
5.70	0.499	-0.003	0.234	
5.73	0.500	0.012	0.071	
5.77	0.500	0.002	-0.115	
5.80	0.500	-0.002	-0.135	
5.83	0.500	-0.007	-0.110	
5.87	0.500	-0.015	0.064	
5.90	0.498	-0.003	0.215	
5.93	0.500	0.010	0.071	
5.97	0.500	0.002	-0.078	
6.00	0.500	-0.001	-0.072	
6.03	0.500	-0.003	-0.044	
6.07	0.499	-0.004	-0.010	
6.10	0.499	-0.003	0.003	
6.13	0.499	-0.003	-0.003	
6.17	0.499	-0.004	0.006	
6.20	0.499	-0.003	0.022	
6.23	0.499	-0.002	0.033	
6.27	0.499	-0.001	0.047	
6.30	0.499	0.002	0.024	
6.33	0.499	0.001	-0.006	
6.37	0.499	0.000	0.001	
6.40	0.499	0.001	0.017	
6.43	0.499	0.002	0.024	
6.47	0.499	0.003	0.018	
6.50	0.499	0.003	0.010	
6.53	0.499	0.004	-0.015	
6.57	0.499	0.003	-0.065	
6.60	0.500	-0.000	-0.118	
6.63	0.499	-0.004	-0.180	
6.67	0.500	-0.017	-0.092	
6.70	0.498	-0.016	0.150	
6.73	0.498	-0.002	0.249	
6.77	0.498	0.004	0.238	
6.80	0.498	0.012	0.235	
6.83	0.499	0.025	0.091	
6.87	0.501	0.022	-0.148	
6.90	0.500	0.008	-0.213	
6.93	0.501	0.003	-0.142	
6.97	0.501	0.001	-0.097	
7.00	0.501	-0.001	-0.085	
7.03	0.501	-0.004	-0.084	
7.07	0.501	-0.013	0.060	
7.10	0.499	-0.001	0.199	
7.13	0.501	0.011	0.062	
7.17	0.500	0.002	-0.060	
7.20	0.501	0.001	-0.045	
7.23	0.500	0.001	-0.055	
7.27	0.501	0.001	-0.137	
7.30	0.501	-0.007	-0.236	
7.33	0.500	-0.022	-0.137	
7.37	0.499	-0.022	0.101	
7.40	0.499	-0.009	0.174	
7.43	0.499	-0.005	0.108	
7.47	0.498	-0.003	0.053	
7.50	0.498	-0.003	0.021	
7.53	0.498	-0.003	0.039	
7.57	0.498	-0.002	0.098	
7.60	0.498	0.002	0.186	
7.63	0.498	0.016	0.126	
7.67	0.499	0.017	-0.112	
7.70	0.500	0.003	-0.205	
7.73	0.499	-0.003	-0.123	
7.77	0.499	-0.004	-0.036	
7.80	0.499	-0.003	0.003	
7.83	0.499	-0.003	0.002	
7.87	0.499	-0.004	0.012	
7.90	0.499	-0.003	0.027	
7.93	0.499	-0.001	0.022	
7.97	0.499	-0.001	0.023	
8.00	0.498	0.000	0.031	
8.03	0.499	0.001	0.020	
8.07	0.499	0.001	0.016	
8.10	0.499	0.002	0.021	
8.13	0.499	0.003	0.026	
8.17	0.499	0.003	0.040	
8.20	0.499	0.005	0.044	
8.23	0.499	0.008	0.007	
8.27	0.500	0.006	-0.029	
8.30	0.500	0.005	-0.038	
8.33	0.500	0.003	-0.041	
8.37	0.500	0.003	-0.065	
8.40	0.500	0.001	-0.133	
8.43	0.500	-0.005	-0.200	
8.47	0.500	-0.019	-0.083	
8.50	0.498	-0.018	0.227	
8.53	0.498	0.001	0.399	
8.57	0.498	0.020	0.231	
8.60	0.500	0.021	-0.086	
8.63	0.500	0.006	-0.197	
8.67	0.500	0.002	-0.126	
8.70	0.500	0.000	-0.090	
8.73	0.500	-0.002	-0.125	
8.77	0.500	-0.006	-0.202	
8.80	0.500	-0.021	-0.122	
8.83	0.498	-0.021	0.137	
8.87	0.498	-0.007	0.259	
8.90	0.498	0.001	0.217	
8.93	0.498	0.014	0.024	
8.97	0.500	0.001	-0.115	
9.00	0.498	-0.008	0.104	
9.03	0.498	0.014	0.187	
9.07	0.500	0.017	-0.046	
9.10	0.500	0.005	-0.149	
9.13	0.500	0.002	-0.120	
9.17	0.500	-0.002	-0.087	
9.20	0.500	-0.004	-0.046	
9.23	0.500	-0.005	-0.019	
9.27	0.499	-0.005	-0.005	
9.30	0.499	-0.005	0.003	
9.33	0.499	-0.005	0.011	
9.37	0.499	-0.005	0.023	
9.40	0.499	-0.003	0.026	
9.43	0.499	-0.003	0.024	
9.47	0.498	-0.002	0.031	
9.50	0.499	-0.000	0.036	
9.53	0.498	0.001	0.032	
9.57	0.499	0.002	-0.007	
9.60	0.499	0.002	-0.098	
9.63	0.499	-0.003	-0.184	
9.67	0.499	-0.017	-0.059	
9.70	0.497	-0.014	0.252	
9.73	0.497	0.005	0.396	
9.77	0.498	0.024	0.191	
9.80	0.499	0.024	-0.194	
9.83	0.500	0.004	-0.366	
9.87	0.500	-0.014	-0.139	
9.90	0.498	-0.012	0.276	
9.93	0.498	0.019	0.288	
9.97	0.500	0.023	-0.135	
10.00	0.500	0.003	-0.392	
10.03	0.500	-0.018	-0.249	
10.07	0.498	-0.043	0.083	
10.10	0.499	-0.003	0.194	
10.13	0.499	-0.000	0.111	
10.17	0.499	0.002	0.054	
10.20	0.499	0.002	0.045	
10.23	0.499	0.003	0.103	
10.27	0.499	0.008	0.152	
10.30	0.499	0.020	0.015	
10.33	0.501	0.014	-0.236	
10.37	0.501	-0.009	-0.148	
10.40	0.499	-0.000	0.073	
10.43	0.501	0.011	-0.050	
10.47	0.501	-0.010	-0.041	
10.50	0.499	-0.000	0.141	
10.53	0.501	0.012	0.030	
10.57	0.500	0.003	-0.122	
10.60	0.501	-0.001	-0.178	
10.63	0.500	-0.007	-0.244	
10.67	0.501	-0.022	-0.140	
10.70	0.498	-0.023	0.141	
10.73	0.499	-0.008	0.291	
10.77	0.498	0.000	0.301	
10.80	0.498	0.016	0.170	
10.83	0.500	0.017	-0.103	
10.87	0.500	0.003	-0.204	
10.90	0.500	-0.003	-0.123	
10.93	0.500	-0.004	-0.035	
10.97	0.499	-0.003	0.009	
11.00	0.499	-0.003	0.013	
11.03	0.499	-0.003	0.030	
11.07	0.499	0.000	0.023	
11.10	0.499	-0.001	0.009	
11.13	0.499	-0.000	0.016	
11.17	0.499	0.000	0.017	
11.20	0.499	0.001	0.023	
11.23	0.499	0.002	-0.004	
11.27	0.499	0.002	-0.074	
11.30	0.499	-0.000	-0.179	
11.33	0.500	-0.015	-0.128	
11.37	0.498	-0.017	0.119	
11.40	0.498	-0.001	0.211	
11.43	0.498	0.004	0.121	
11.47	0.498	0.006	0.019	
11.50	0.499	0.004	-0.053	
11.53	0.499	-0.000	-0.042	
11.57	0.499	0.000	0.002	
11.60	0.499	0.001	0.023	
11.63	0.499	0.001	0.067	
11.67	0.499	0.004	0.140	
11.70	0.499	0.011	0.172	
11.73	0.499	0.023	-0.003	
11.77	0.501	0.017	-0.333	
11.80	0.501	-0.011	-0.319	
11.83	0.499	-0.016	0.037	
11.87	0.499	-0.002	0.229	
11.90	0.500	0.006	0.199	
11.93	0.499	0.017	-0.024	
11.97	0.502	0.005	-0.242	
12.00	0.500	-0.013	-0.078	
12.03	0.500	-0.003	0.163	
12.07	0.500	0.005	0.212	
12.10	0.500	0.019	0.033	
12.13	0.502	0.014	-0.322	
12.17	0.502	-0.015	-0.342	
12.20	0.500	-0.021	-0.030	
12.23	0.500	-0.009	0.120	
12.27	0.500	-0.006	0.081	
12.30	0.499	-0.005	0.034	
12.33	0.499	-0.005	0.012	
12.37	0.499	-0.005	0.011	
12.40	0.499	-0.004	0.000	
12.43	0.499	-0.005	-0.010	
12.47	0.499	-0.005	-0.003	
12.50	0.498	-0.005	0.008	
12.53	0.498	-0.005	0.024	
12.57	0.498	-0.003	0.035	
12.60	0.498	-0.003	0.066	
12.63	0.498	-0.000	0.134	
12.67	0.498	0.006	0.189	
12.70	0.498	0.019	0.065	
12.73	0.500	0.016	-0.198	
12.77	0.500	-0.007	-0.164	
12.80	0.498	0.000	0.007	
12.83	0.500	0.007	-0.102	
12.87	0.500	-0.012	-0.062	
12.90	0.498	-0.010	0.266	
12.93	0.498	0.018	0.277	
12.97	0.500	0.020	-0.026	
13.00	0.500	0.008	-0.170	
13.03	0.500	0.003	-0.165	
13.07	0.500	-0.001	-0.168	
13.10	0.500	-0.006	-0.200	
13.13	0.500	-0.019	-0.113	
13.17	0.499	-0.019	0.112	
13.20	0.499	-0.006	0.191	
13.23	0.499	-0.001	0.127	
13.27	0.499	0.002	0.063	
13.30	0.499	0.002	0.020	
13.33	0.499	0.003	0.006	
13.37	0.499	0.003	0.004	
13.40	0.499	0.003	0.007	
13.43	0.499	0.003	0.010	
13.47	0.499	0.004	0.005	
13.50	0.500	0.003	0.029	
13.53	0.499	0.003	0.115	
13.57	0.500	0.010	0.194	
13.60	0.500	0.023	0.091	
13.63	0.502	0.021	-0.155	
13.67	0.501	0.006	-0.260	
13.70	0.502	-0.000	-0.245	
13.73	0.501	-0.007	-0.256	
13.77	0.502	-0.022	-0.129	
13.80	0.499	-0.022	0.141	
13.83	0.500	-0.005	0.220	
13.87	0.500	-0.002	0.168	
13.90	0.499	0.001	0.204	
13.93	0.499	0.015	0.119	
13.97	0.501	0.017	-0.164	
14.00	0.501	-0.000	-0.319	
14.03	0.501	-0.010	-0.282	
14.07	0.501	-0.025	-0.040	
14.10	0.498	-0.019	0.340	
14.13	0.498	0.011	0.345	
14.17	0.500	0.016	0.011	
14.20	0.500	0.004	-0.148	
14.23	0.500	-0.001	-0.101	
14.27	0.500	-0.002	-0.032	
14.30	0.500	-0.002	0.012	
14.33	0.500	-0.001	0.014	
14.37	0.500	-0.000	-0.022	
14.40	0.500	-0.001	-0.068	
14.43	0.500	-0.004	-0.110	
14.47	0.500	-0.014	-0.000	
14.50	0.498	-0.005	0.125	
14.53	0.500	-0.001	0.107	
14.57	0.498	0.003	0.058	
14.60	0.500	0.009	-0.134	
14.63	0.500	-0.014	-0.104	
14.67	0.498	-0.012	0.249	
14.70	0.498	0.016	0.262	
14.73	0.500	0.021	-0.119	
14.77	0.500	-0.004	-0.222	
14.80	0.498	-0.002	-0.092	
14.83	0.500	-0.005	-0.050	
14.87	0.498	-0.011	0.133	
14.90	0.499	0.004	0.267	
14.93	0.499	0.019	0.090	
14.97	0.501	0.017	-0.254	
15.00	0.501	-0.010	-0.292	
15.03	0.499	-0.014	-0.001	
15.07	0.499	-0.003	0.143	
15.10	0.499	0.001	0.109	
15.13	0.499	0.003	0.059	
15.17	0.500	0.005	0.009	
15.20	0.500	0.003	0.005	
15.23	0.500	0.003	0.077	
15.27	0.500	0.007	0.150	
15.30	0.500	0.019	0.044	
15.33	0.501	0.017	-0.219	
15.37	0.502	-0.001	-0.333	
15.40	0.501	-0.017	-0.158	
15.43	0.500	-0.009	-0.018	
15.47	0.501	-0.010	-0.075	
15.50	0.499	-0.021	0.013	
15.53	0.499	-0.011	0.134	
15.57	0.499	-0.005	0.100	
15.60	0.499	-0.003	0.042	
15.63	0.499	-0.004	0.015	
15.67	0.498	-0.004	0.026	
15.70	0.498	-0.001	0.004	
15.73	0.499	-0.004	-0.015	
15.77	0.498	-0.004	0.011	
15.80	0.498	-0.002	0.011	
15.83	0.498	-0.002	-0.004	
15.87	0.498	-0.003	-0.000	
15.90	0.498	-0.003	0.035	
15.93	0.498	-0.002	0.126	
15.97	0.498	0.004	0.231	
16.00	0.498	0.020	0.148	
16.03	0.499	0.020	-0.109	
16.07	0.500	0.006	-0.203	
16.10	0.499	0.001	-0.132	
16.13	0.500	-0.002	-0.055	
16.17	0.499	-0.002	0.002	
16.20	0.499	-0.001	0.017	
16.23	0.499	-0.000	0.011	
16.27	0.499	0.000	0.007	
16.30	0.499	0.000	0.004	
16.33	0.499	0.001	-0.014	
16.37	0.499	0.000	-0.054	
16.40	0.500	-0.002	-0.105	
16.43	0.499	-0.013	-0.014	
16.47	0.498	-0.002	0.055	
16.50	0.500	-0.002	-0.040	
16.53	0.498	-0.012	0.045	
16.57	0.498	-0.001	0.164	
16.60	0.498	0.006	0.104	
16.63	0.499	0.006	0.032	
16.67	0.499	0.007	-0.014	
16.70	0.499	0.005	-0.038	
16.73	0.499	0.003	-0.035	
16.77	0.499	0.003	-0.026	
16.80	0.499	0.002	-0.028	
16.83	0.500	0.001	-0.027	
16.87	0.499	0.000	-0.021	
16.90	0.500	-0.001	-0.017	
16.93	0.499	-0.002	0.022	
16.97	0.499	-0.001	0.104	
17.00	0.499	0.004	0.192	
17.03	0.499	0.018	0.105	
17.07	0.501	0.018	-0.174	
17.10	0.501	0.002	-0.331	
17.13	0.501	-0.009	-0.325	
17.17	0.501	-0.025	-0.155	
17.20	0.498	-0.024	0.130	
17.23	0.499	-0.009	0.241	
17.27	0.498	-0.004	0.235	
17.30	0.498	0.003	0.257	
17.33	0.498	0.018	0.143	
17.37	0.500	0.018	-0.103	
17.40	0.500	0.005	-0.195	
17.43	0.500	-0.000	-0.140	
17.47	0.500	-0.003	-0.090	
17.50	0.500	-0.003	-0.095	
17.53	0.500	-0.015	0.045	
17.57	0.498	-0.002	0.221	
17.60	0.500	0.012	0.079	
17.63	0.499	0.003	-0.067	
17.67	0.500	0.001	-0.059	
17.70	0.499	-0.001	-0.042	
17.73	0.500	-0.002	-0.015	
17.77	0.499	-0.002	0.010	
17.80	0.499	-0.001	0.018	
17.83	0.499	-0.000	0.011	
17.87	0.499	0.000	0.007	
17.90	0.499	0.000	0.003	
17.93	0.499	0.001	-0.022	
17.97	0.499	0.000	-0.092	
18.00	0.500	-0.004	-0.182	
18.03	0.499	-0.018	-0.104	
18.07	0.498	-0.017	0.139	
18.10	0.498	-0.002	0.213	
18.13	0.498	0.003	0.115	
18.17	0.498	0.004	0.045	
18.20	0.498	0.005	0.013	
18.23	0.498	0.005	-0.007	
18.27	0.499	0.004	-0.011	
18.30	0.499	0.004	-0.018	
18.33	0.499	0.003	-0.029	
18.37	0.499	0.001	-0.013	
18.40	0.499	0.002	-0.005	
18.43	0.499	0.001	-0.005	
18.47	0.499	0.002	-0.027	
18.50	0.499	-0.001	-0.040	
18.53	0.499	-0.002	-0.016	
18.57	0.499	-0.001	-0.012	
18.60	0.499	-0.002	-0.015	
18.63	0.499	-0.003	-0.005	
18.67	0.499	-0.003	0.034	
18.70	0.499	-0.002	0.120	
18.73	0.498	0.004	0.208	
18.77	0.499	0.019	0.079	
18.80	0.500	0.016	-0.242	
18.83	0.500	-0.003	-0.385	
18.87	0.500	-0.020	-0.220	
18.90	0.498	-0.021	0.060	
18.93	0.498	-0.009	0.158	
18.97	0.498	-0.006	0.106	
19.00	0.498	-0.004	0.101	
19.03	0.498	-0.001	0.142	
19.07	0.498	0.005	0.170	
19.10	0.498	0.016	0.037	
19.13	0.499	0.012	-0.201	
19.17	0.499	-0.010	-0.119	
19.20	0.497	-0.001	0.108	
19.23	0.499	0.010	0.032	
19.27	0.499	0.002	-0.073	
19.30	0.499	-0.001	-0.040	
19.33	0.499	-0.001	0.012	
19.37	0.499	0.002	0.015	
19.40	0.499	0.001	-0.011	
19.43	0.499	0.000	-0.009	
19.47	0.499	0.000	-0.001	
19.50	0.499	0.000	0.014	
19.53	0.499	0.001	0.032	
19.57	0.499	0.003	0.040	
19.60	0.499	0.004	0.023	
19.63	0.499	0.004	-0.004	
19.67	0.500	0.003	-0.015	
19.70	0.499	0.003	-0.033	
19.73	0.500	0.003	-0.088	
19.77	0.500	-0.001	-0.139	
19.80	0.500	-0.014	0.013	
19.83	0.498	-0.006	0.282	
19.87	0.499	0.019	0.188	
19.90	0.500	0.016	-0.149	
19.93	0.501	-0.007	-0.103	
19.97	0.499	0.002	0.130	
20.00	0.501	0.016	0.032	
20.03	0.501	0.005	-0.107	
20.07	0.501	0.002	-0.090	
20.10	0.501	-0.001	-0.056	
20.13	0.501	-0.002	-0.018	
20.17	0.500	-0.002	0.014	
20.20	0.501	-0.000	0.020	
20.23	0.500	0.001	-0.019	
20.27	0.501	0.001	-0.119	
20.30	0.501	-0.007	-0.195	
20.33	0.500	-0.020	-0.066	
20.37	0.499	-0.018	0.222	
20.40	0.498	0.007	0.206	
20.43	0.500	0.003	-0.030	
20.47	0.499	-0.001	-0.140	
20.50	0.500	-0.008	-0.173	
20.53	0.498	-0.019	-0.019	
20.57	0.498	-0.008	0.104	
20.60	0.498	-0.006	0.079	
20.63	0.498	-0.004	0.093	
20.67	0.498	-0.002	0.141	
20.70	0.498	0.004	0.206	
20.73	0.498	0.018	0.116	
20.77	0.500	0.017	-0.130	
20.80	0.499	0.002	-0.201	
20.83	0.499	-0.002	-0.111	
20.87	0.499	-0.003	-0.044	
20.90	0.499	-0.004	0.005	
20.93	0.499	-0.002	0.032	
20.97	0.499	-0.001	0.030	
21.00	0.499	-0.000	0.016	
21.03	0.499	0.000	0.011	
21.07	0.499	0.000	0.023	
21.10	0.499	0.001	0.046	
21.13	0.499	0.003	0.056	
21.17	0.499	0.007	-0.015	
21.20	0.499	0.004	-0.132	
21.23	0.499	-0.001	-0.226	
21.27	0.500	-0.017	-0.140	
21.30	0.498	-0.017	0.119	
21.33	0.498	-0.002	0.201	
21.37	0.498	0.001	0.140	
21.40	0.498	0.004	0.111	
21.43	0.498	0.007	0.096	
21.47	0.498	0.017	-0.067	
21.50	0.500	0.004	-0.240	
21.53	0.499	-0.011	-0.094	
21.57	0.499	-0.002	0.062	
21.60	0.499	0.000	0.048	
21.63	0.499	0.000	0.048	
21.67	0.499	0.000	0.110	
21.70	0.499	0.006	0.171	
21.73	0.499	0.020	0.006	
21.77	0.501	0.014	-0.334	
21.80	0.501	-0.015	-0.334	
21.83	0.499	-0.020	0.008	
21.87	0.499	-0.007	0.193	
21.90	0.499	0.001	0.140	
21.93	0.499	0.002	0.049	
21.97	0.499	0.001	0.044	
22.00	0.499	0.004	0.079	
22.03	0.499	0.006	0.092	
22.07	0.499	0.018	-0.103	
22.10	0.501	0.000	-0.295	
22.13	0.499	-0.017	-0.071	
22.17	0.499	-0.006	0.197	
22.20	0.499	0.003	0.261	
22.23	0.499	0.018	0.106	
22.27	0.501	0.016	-0.200	
22.30	0.501	-0.002	-0.304	
22.33	0.500	-0.017	-0.060	
22.37	0.499	-0.005	0.177	
22.40	0.500	0.009	0.032	
22.43	0.500	-0.001	-0.177	
22.47	0.500	-0.008	-0.242	
22.50	0.500	-0.023	-0.132	
22.53	0.498	-0.022	0.138	
22.57	0.498	-0.007	0.220	
22.60	0.498	-0.002	0.132	
22.63	0.498	0.000	0.069	
22.67	0.498	0.001	0.077	
22.70	0.498	0.004	0.142	
22.73	0.498	0.009	0.217	
22.77	0.498	0.023	0.138	
22.80	0.500	0.025	-0.111	
22.83	0.500	0.010	-0.215	
22.87	0.500	0.005	-0.164	
22.90	0.501	0.002	-0.154	
22.93	0.501	-0.009	-0.043	
22.97	0.499	0.001	0.011	
23.00	0.501	-0.002	-0.086	
23.03	0.499	-0.013	0.019	
23.07	0.500	-0.002	0.157	
23.10	0.499	0.002	0.182	
23.13	0.500	0.008	0.216	
23.17	0.500	0.021	0.115	
23.20	0.502	0.021	-0.111	
23.23	0.501	0.008	-0.191	
23.27	0.502	0.003	-0.127	
23.30	0.502	0.001	-0.063	
23.33	0.502	0.000	-0.020	
23.37	0.502	0.000	-0.007	
23.40	0.502	0.000	-0.009	
23.43	0.502	0.000	-0.036	
23.47	0.502	-0.002	-0.072	
23.50	0.502	-0.005	-0.087	
23.53	0.502	-0.014	0.066	
23.57	0.500	-0.001	0.206	
23.60	0.502	0.012	0.010	
23.63	0.501	0.001	-0.207	
23.67	0.502	-0.008	-0.240	
23.70	0.501	-0.023	-0.045	
23.73	0.499	-0.017	0.301	
23.77	0.499	0.011	0.263	
23.80	0.501	0.013	-0.123	
23.83	0.501	-0.004	-0.337	
23.87	0.501	-0.021	-0.223	
23.90	0.499	-0.024	0.062	
23.93	0.499	-0.010	0.171	
23.97	0.499	-0.007	0.096	
24.00	0.498	-0.006	0.055	
24.03	0.498	-0.004	0.032	
24.07	0.498	-0.003	0.012	
24.10	0.498	-0.004	0.020	
24.13	0.498	-0.002	0.043	
24.17	0.498	-0.001	0.069	
24.20	0.498	0.002	0.096	
24.23	0.498	0.005	0.106	
24.27	0.498	0.016	-0.062	
24.30	0.500	0.002	-0.235	
24.33	0.498	-0.013	-0.067	
24.37	0.498	-0.002	0.105	
24.40	0.498	0.002	0.078	
24.43	0.498	0.003	0.028	
24.47	0.498	0.003	0.001	
24.50	0.499	0.003	-0.002	
24.53	0.498	0.003	-0.000	
24.57	0.499	0.003	0.006	
24.60	0.499	0.002	0.036	
24.63	0.499	0.004	0.097	
24.67	0.499	0.007	0.159	
24.70	0.499	0.021	0.025	
24.73	0.501	0.017	-0.299	
24.77	0.501	-0.009	-0.332	
24.80	0.499	-0.017	-0.028	
24.83	0.499	-0.005	0.149	
24.87	0.499	0.000	0.114	
24.90	0.499	0.002	0.048	
24.93	0.500	0.002	0.033	
24.97	0.499	0.002	0.097	
25.00	0.500	0.006	0.202	
25.03	0.499	0.022	0.099	
25.07	0.502	0.022	-0.249	
25.10	0.501	0.000	-0.436	
25.13	0.502	-0.021	-0.237	
25.17	0.499	-0.021	0.135	
25.20	0.500	-0.004	0.300	
25.23	0.499	0.012	0.100	
25.27	0.501	0.002	-0.126	
25.30	0.499	-0.003	-0.177	
25.33	0.501	-0.010	-0.188	
25.37	0.499	-0.022	-0.022	
25.40	0.499	-0.010	0.119	
25.43	0.498	-0.007	0.087	
25.47	0.498	-0.006	0.092	
25.50	0.498	-0.004	0.150	
25.53	0.498	0.003	0.219	
25.57	0.498	0.016	0.141	
25.60	0.500	0.018	-0.089	
25.63	0.499	0.004	-0.167	
25.67	0.499	0.002	-0.108	
25.70	0.500	-0.002	-0.054	
25.73	0.499	-0.002	-0.001	
25.77	0.499	-0.001	0.014	
25.80	0.499	-0.000	0.011	
25.83	0.499	0.000	0.007	
25.87	0.499	0.000	0.003	
25.90	0.499	0.001	-0.022	
25.93	0.499	0.000	-0.094	
25.97	0.500	-0.004	-0.191	
26.00	0.499	-0.018	-0.126	
26.03	0.498	-0.018	0.102	
26.07	0.498	-0.006	0.187	
26.10	0.498	-0.001	0.126	
26.13	0.498	0.002	0.063	
26.17	0.498	0.002	0.022	
26.20	0.498	0.003	0.018	
26.23	0.498	0.003	0.053	
26.27	0.498	0.005	0.125	
26.30	0.498	0.010	0.189	
26.33	0.498	0.023	0.065	
26.37	0.500	0.022	-0.236	
26.40	0.500	0.003	-0.380	
26.43	0.501	-0.016	-0.175	
26.47	0.499	-0.015	0.197	
26.50	0.499	0.004	0.372	
26.53	0.499	0.021	0.226	
26.57	0.501	0.024	-0.075	
26.60	0.501	0.009	-0.201	
26.63	0.501	0.004	-0.131	
26.67	0.501	0.002	-0.073	
26.70	0.501	0.000	-0.043	
26.73	0.501	-0.000	-0.032	
26.77	0.501	-0.002	-0.020	
26.80	0.501	-0.002	-0.007	
26.83	0.501	-0.001	-0.025	
26.87	0.501	-0.003	-0.078	
26.90	0.501	-0.006	-0.145	
26.93	0.501	-0.011	-0.212	
26.97	0.501	-0.026	-0.124	
27.00	0.499	-0.026	0.118	
27.03	0.498	-0.011	0.199	
27.07	0.498	-0.007	0.125	
27.10	0.498	-0.005	0.090	
27.13	0.498	-0.004	0.129	
27.17	0.498	0.001	0.211	
27.20	0.498	0.016	0.142	
27.23	0.499	0.017	-0.093	
27.27	0.499	0.004	-0.176	
27.30	0.499	-0.000	-0.093	
27.33	0.499	-0.001	-0.030	
27.37	0.499	-0.001	-0.005	
27.40	0.499	-0.001	0.017	
27.43	0.499	-0.000	0.051	
27.47	0.499	0.004	0.029	
27.50	0.499	0.003	-0.022	
27.53	0.499	0.001	-0.027	
27.57	0.499	0.000	-0.012	
27.60	0.499	0.000	0.005	
27.63	0.499	0.001	0.016	
27.67	0.499	0.002	0.002	
27.70	0.500	0.002	-0.050	
27.73	0.499	-0.001	-0.114	
27.77	0.500	-0.006	-0.146	
27.80	0.499	-0.017	-0.001	
27.83	0.498	-0.012	0.277	
27.87	0.498	0.014	0.222	
27.90	0.500	0.015	-0.135	
27.93	0.500	-0.009	-0.150	
27.97	0.498	-0.010	0.203	
28.00	0.498	0.017	0.263	
28.03	0.500	0.022	-0.045	
28.07	0.500	0.008	-0.234	
28.10	0.500	0.000	-0.235	
28.13	0.500	-0.013	-0.058	
28.17	0.499	-0.010	0.260	
28.20	0.499	0.016	0.271	
28.23	0.501	0.020	-0.027	
28.27	0.501	0.008	-0.202	
28.30	0.501	0.001	-0.226	
28.33	0.501	-0.006	-0.241	
28.37	0.501	-0.018	-0.155	
28.40	0.499	-0.022	0.088	
28.43	0.499	-0.007	0.190	
28.47	0.499	-0.003	0.114	
28.50	0.499	-0.002	0.078	
28.53	0.499	-0.000	0.083	
28.57	0.499	0.009	-0.034	
28.60	0.500	-0.003	-0.113	
28.63	0.498	-0.012	0.123	
28.67	0.498	0.011	0.202	
28.70	0.500	0.014	-0.033	
28.73	0.500	0.003	-0.144	
28.77	0.500	-0.001	-0.097	
28.80	0.500	-0.003	-0.039	
28.83	0.499	-0.003	-0.008	
28.87	0.500	-0.003	0.003	
28.90	0.499	-0.002	0.011	
28.93	0.499	-0.002	0.022	
28.97	0.499	-0.001	0.022	
29.00	0.499	-0.000	0.011	
29.03	0.499	0.000	0.004	
29.07	0.499	0.000	0.002	
29.10	0.499	0.000	0.004	
29.13	0.499	0.000	0.009	
29.17	0.499	0.000	0.017	
29.20	0.499	0.002	0.009	
29.23	0.499	0.001	-0.023	
29.27	0.499	0.002	-0.104	
29.30	0.500	-0.004	-0.208	
29.33	0.500	-0.018	-0.134	
29.37	0.498	-0.019	0.117	
29.40	0.498	-0.004	0.208	
29.43	0.498	0.001	0.124	
29.47	0.498	0.003	0.058	
29.50	0.498	0.003	0.058	
29.53	0.498	0.004	0.121	
29.57	0.498	0.010	0.179	
29.60	0.498	0.024	0.026	
29.63	0.501	0.020	-0.325	
29.67	0.501	-0.010	-0.339	
29.70	0.499	-0.016	-0.002	
29.73	0.499	-0.002	0.155	
29.77	0.499	0.001	0.138	
29.80	0.499	0.004	0.149	
29.83	0.499	0.009	0.190	
29.87	0.499	0.023	0.064	
29.90	0.501	0.021	-0.258	
29.93	0.501	0.001	-0.422	
29.97	0.501	-0.019	-0.257	
30.00	0.499	-0.021	0.049	
30.03	0.500	-0.008	0.171	
30.07	0.499	-0.004	0.129	
30.10	0.499	-0.002	0.121	
30.13	0.499	0.001	0.169	
30.17	0.499	0.011	0.151	
30.20	0.500	0.019	-0.073	
30.23	0.501	0.010	-0.371	
30.27	0.501	-0.018	-0.335	
30.30	0.499	-0.023	-0.008	
30.33	0.499	-0.012	0.195	
30.37	0.499	-0.005	0.248	
30.40	0.499	0.004	0.252	
30.43	0.498	0.018	0.083	
30.47	0.501	0.016	-0.237	
30.50	0.500	-0.010	-0.250	
30.53	0.499	-0.006	-0.104	
30.57	0.500	-0.010	-0.069	
30.60	0.498	-0.018	0.152	
30.63	0.498	-0.001	0.350	
30.67	0.498	0.018	0.182	
30.70	0.500	0.019	-0.193	
30.73	0.500	-0.001	-0.401	
30.77	0.500	-0.021	-0.245	
30.80	0.498	-0.022	0.088	
30.83	0.498	-0.007	0.243	
30.87	0.498	-0.001	0.243	
30.90	0.498	0.006	0.242	
30.93	0.498	0.021	0.063	
30.97	0.500	0.017	-0.243	
31.00	0.500	-0.008	-0.217	
31.03	0.498	-0.011	0.137	
31.07	0.498	0.015	0.156	
31.10	0.500	0.015	-0.198	
31.13	0.500	-0.011	-0.223	
31.17	0.499	-0.014	0.109	
31.20	0.499	0.003	0.256	
31.23	0.499	0.018	0.010	
31.27	0.501	0.003	-0.233	
31.30	0.499	-0.013	-0.078	
31.33	0.499	-0.003	0.126	
31.37	0.499	0.003	0.156	
31.40	0.499	0.008	0.130	
31.43	0.500	0.018	-0.085	
31.47	0.501	0.003	-0.299	
31.50	0.500	-0.015	-0.152	
31.53	0.499	-0.008	0.049	
31.57	0.500	-0.005	0.069	
31.60	0.499	-0.003	0.041	
31.63	0.499	-0.003	0.016	
31.67	0.499	-0.002	0.020	
31.70	0.499	-0.002	0.050	
31.73	0.499	0.001	0.075	
31.77	0.499	0.004	0.062	
31.80	0.499	0.011	-0.090	
31.83	0.501	-0.003	-0.224	
31.87	0.499	-0.016	-0.053	
31.90	0.499	-0.004	0.088	
31.93	0.499	-0.003	0.056	
31.97	0.499	-0.002	0.030	
32.00	0.499	-0.001	0.004	
32.03	0.499	-0.003	0.025	
32.07	0.499	-0.002	0.109	
32.10	0.498	0.004	0.179	
32.13	0.498	0.018	0.022	
32.17	0.500	0.013	-0.319	
32.20	0.500	-0.016	-0.314	
32.23	0.498	-0.021	0.059	
32.27	0.498	-0.005	0.277	
32.30	0.498	0.005	0.269	
32.33	0.498	0.019	0.047	
32.37	0.500	0.014	-0.317	
32.40	0.500	-0.015	-0.330	
32.43	0.498	-0.021	0.004	
32.47	0.498	-0.008	0.183	
32.50	0.498	-0.000	0.139	
32.53	0.498	0.002	0.055	
32.57	0.498	0.001	0.021	
32.60	0.498	0.002	0.024	
32.63	0.498	0.003	0.026	
32.67	0.498	0.004	0.020	
32.70	0.499	0.005	0.009	
32.73	0.499	0.004	0.023	
32.77	0.499	0.006	0.048	
32.80	0.499	0.008	0.054	
32.83	0.499	0.009	0.071	
32.87	0.500	0.011	0.108	
32.90	0.500	0.021	0.019	
32.93	0.501	0.018	-0.200	
32.97	0.502	-0.004	-0.129	
33.00	0.500	0.004	0.093	
33.03	0.502	0.015	0.005	
33.07	0.502	0.005	-0.108	
33.10	0.502	0.002	-0.086	
33.13	0.502	0.000	-0.077	
33.17	0.502	-0.002	-0.099	
33.20	0.502	-0.005	-0.151	
33.23	0.502	-0.018	-0.062	
33.27	0.500	-0.009	0.022	
33.30	0.502	-0.009	-0.056	
33.33	0.500	-0.020	0.036	
33.37	0.500	-0.008	0.137	
33.40	0.499	-0.004	0.084	
33.43	0.499	-0.003	0.033	
33.47	0.499	-0.003	-0.002	
33.50	0.499	-0.004	0.001	
33.53	0.499	-0.003	0.010	
33.57	0.499	-0.003	0.005	
33.60	0.499	-0.003	0.003	
33.63	0.499	-0.003	0.003	
33.67	0.499	-0.003	0.018	
33.70	0.499	-0.000	0.000	
33.73	0.499	-0.002	-0.033	
33.77	0.498	-0.004	-0.026	
33.80	0.498	-0.005	-0.003	
33.83	0.498	-0.004	0.012	
33.87	0.498	-0.004	0.054	
33.90	0.498	-0.002	0.148	
33.93	0.498	0.005	0.227	
33.97	0.498	0.020	0.114	
34.00	0.500	0.019	-0.166	
34.03	0.499	0.003	-0.300	
34.07	0.500	-0.005	-0.291	
34.10	0.499	-0.020	-0.142	
34.13	0.498	-0.020	0.138	
34.17	0.498	-0.004	0.233	
34.20	0.498	0.001	0.182	
34.23	0.498	0.005	0.182	
34.27	0.498	0.011	0.214	
34.30	0.498	0.025	0.077	
34.33	0.500	0.023	-0.231	
34.37	0.500	0.005	-0.386	
34.40	0.501	-0.014	-0.235	
34.43	0.499	-0.016	0.057	
34.47	0.499	-0.002	0.155	
34.50	0.499	-0.000	0.097	
34.53	0.499	0.002	0.073	
34.57	0.499	0.005	0.053	
34.60	0.499	0.007	0.019	
34.63	0.500	0.003	0.050	
34.67	0.499	0.006	0.151	
34.70	0.500	0.019	0.100	
34.73	0.501	0.020	-0.123	
34.77	0.501	0.006	-0.212	
34.80	0.501	-0.000	-0.130	
34.83	0.501	-0.002	-0.045	
34.87	0.501	-0.002	0.005	
34.90	0.501	-0.001	0.007	
34.93	0.501	-0.001	-0.020	
34.97	0.501	-0.002	-0.063	
35.00	0.501	-0.004	-0.126	
35.03	0.501	-0.009	-0.201	
35.07	0.501	-0.023	-0.117	
35.10	0.499	-0.023	0.126	
35.13	0.499	-0.008	0.205	
35.17	0.499	-0.003	0.108	
35.20	0.499	-0.003	0.024	
35.23	0.499	-0.004	0.010	
35.27	0.498	-0.003	0.049	
35.30	0.498	-0.001	0.111	
35.33	0.498	0.003	0.183	
35.37	0.498	0.016	0.107	
35.40	0.500	0.016	-0.109	
35.43	0.500	0.003	-0.176	
35.47	0.499	-0.002	-0.082	
35.50	0.499	-0.000	-0.025	
35.53	0.500	-0.002	-0.012	
35.57	0.499	-0.002	0.010	
35.60	0.499	-0.001	0.016	
35.63	0.499	-0.000	0.011	
35.67	0.499	0.000	0.009	
35.70	0.499	0.000	0.015	
35.73	0.499	0.001	0.024	
35.77	0.499	0.003	-0.004	
35.80	0.500	0.003	-0.093	
35.83	0.500	-0.002	-0.204	
35.87	0.500	-0.017	-0.136	
35.90	0.498	-0.018	0.113	
35.93	0.498	-0.004	0.204	
35.97	0.498	0.002	0.132	
36.00	0.498	0.004	0.055	
36.03	0.498	0.004	-0.002	
36.07	0.499	0.003	-0.017	
36.10	0.499	0.003	-0.011	
36.13	0.499	0.003	-0.008	
36.17	0.499	0.002	-0.012	
36.20	0.499	0.002	-0.021	
36.23	0.499	0.001	-0.015	
36.27	0.499	0.000	0.003	
36.30	0.499	0.001	0.017	
36.33	0.499	0.003	-0.004	
36.37	0.499	0.001	-0.029	
36.40	0.499	-0.000	-0.026	
36.43	0.499	-0.001	-0.010	
36.47	0.499	-0.001	0.006	
36.50	0.499	-0.001	0.022	
36.53	0.499	-0.000	0.063	
36.57	0.499	0.002	0.114	
36.60	0.499	0.014	-0.004	
36.63	0.501	0.003	-0.164	
36.67	0.499	-0.003	-0.180	
36.70	0.501	-0.009	-0.167	
36.73	0.498	-0.019	-0.012	
36.77	0.499	-0.008	0.102	
36.80	0.498	-0.006	0.063	
36.83	0.498	-0.005	0.043	
36.87	0.498	-0.005	0.065	
36.90	0.498	-0.003	0.141	
36.93	0.498	0.004	0.201	
36.97	0.498	0.017	0.087	
37.00	0.499	0.015	-0.144	
37.03	0.499	0.001	-0.197	
37.07	0.499	-0.004	-0.100	
37.10	0.499	-0.005	-0.014	
37.13	0.499	-0.003	0.035	
37.17	0.499	-0.002	0.054	
37.20	0.498	0.001	0.060	
37.23	0.499	0.004	0.016	
37.27	0.499	0.001	-0.017	
37.30	0.499	0.001	0.002	
37.33	0.499	0.002	0.016	
37.37	0.499	0.003	0.016	
37.40	0.499	0.003	0.015	
37.43	0.499	0.004	0.004	
37.47	0.499	0.003	-0.010	
37.50	0.499	0.003	-0.034	
37.53	0.500	0.003	-0.111	
37.57	0.500	-0.002	-0.217	
37.60	0.500	-0.018	-0.149	
37.63	0.498	-0.019	0.105	
37.67	0.498	-0.004	0.197	
37.70	0.498	0.000	0.111	
37.73	0.498	0.001	0.048	
37.77	0.498	0.002	0.020	
37.80	0.498	0.002	0.005	
37.83	0.498	0.002	-0.006	
37.87	0.499	0.002	-0.010	
37.90	0.498	0.001	0.024	
37.93	0.499	0.002	0.077	
37.97	0.498	0.007	0.090	
38.00	0.499	0.016	-0.088	
38.03	0.500	0.001	-0.246	
38.07	0.499	-0.014	-0.065	
38.10	0.499	-0.003	0.114	
38.13	0.499	0.003	0.069	
38.17	0.499	0.002	-0.019	
38.20	0.499	-0.001	-0.047	
38.23	0.499	-0.002	-0.028	
38.27	0.499	-0.003	-0.014	
38.30	0.499	-0.003	-0.012	
38.33	0.499	-0.003	-0.018	
38.37	0.499	-0.004	-0.010	
38.40	0.498	-0.004	0.019	
38.43	0.498	-0.003	0.058	
38.47	0.498	-0.001	0.112	
38.50	0.498	0.003	0.176	
38.53	0.498	0.016	0.094	
38.57	0.500	0.014	-0.119	
38.60	0.499	0.002	-0.187	
38.63	0.499	-0.003	-0.108	
38.67	0.499	-0.004	-0.025	
38.70	0.499	-0.003	0.015	
38.73	0.499	-0.003	0.021	
38.77	0.499	-0.002	0.027	
38.80	0.499	-0.001	0.026	
38.83	0.499	0.000	0.019	
38.87	0.499	0.000	0.016	
38.90	0.499	0.001	0.007	
38.93	0.499	0.001	0.011	
38.97	0.499	0.001	0.037	
39.00	0.499	0.003	0.052	
39.03	0.499	0.007	0.015	
39.07	0.499	0.004	-0.018	
39.10	0.499	0.004	-0.003	
39.13	0.500	0.004	0.001	
39.17	0.500	0.004	-0.013	
39.20	0.500	0.003	-0.019	
39.23	0.500	0.003	-0.018	
39.27	0.500	0.003	-0.042	
39.30	0.500	0.001	-0.104	
39.33	0.500	-0.003	-0.187	
39.37	0.500	-0.015	-0.144	
39.40	0.499	-0.018	0.060	
39.43	0.498	-0.008	0.186	
39.47	0.499	-0.002	0.195	
39.50	0.498	0.004	0.199	
39.53	0.499	0.011	0.186	
39.57	0.499	0.023	-0.009	
39.60	0.501	0.017	-0.344	
39.63	0.501	-0.013	-0.299	
39.67	0.499	-0.017	0.111	
39.70	0.499	0.001	0.338	
39.73	0.499	0.019	0.194	
39.77	0.501	0.019	-0.124	
39.80	0.501	0.004	-0.286	
39.83	0.501	-0.005	-0.271	
39.87	0.501	-0.018	-0.116	
39.90	0.499	-0.017	0.149	
39.93	0.499	0.005	0.078	
39.97	0.501	-0.006	-0.152	
40.00	0.499	-0.019	-0.044	
40.03	0.499	-0.010	0.094	
40.07	0.498	-0.006	0.080	
40.10	0.498	-0.004	0.032	
40.13	0.498	-0.005	-0.002	
40.17	0.498	-0.006	0.022	
40.20	0.498	-0.004	0.068	
40.23	0.498	-0.002	0.126	
40.27	0.497	0.002	0.217	
40.30	0.497	0.018	0.154	
40.33	0.499	0.020	-0.090	
40.37	0.499	0.006	-0.183	
40.40	0.499	0.002	-0.110	
40.43	0.499	0.000	-0.041	
40.47	0.499	0.000	-0.008	
40.50	0.499	0.001	-0.028	
40.53	0.499	0.000	-0.102	
40.57	0.499	-0.004	-0.195	
40.60	0.499	-0.020	-0.082	
40.63	0.498	-0.018	0.238	
40.67	0.497	0.002	0.375	
40.70	0.498	0.020	0.141	
40.73	0.499	0.017	-0.254	
40.77	0.500	-0.009	-0.319	
40.80	0.498	-0.017	-0.020	
40.83	0.498	-0.004	0.143	
40.87	0.498	0.000	0.096	
40.90	0.498	0.001	0.046	
40.93	0.498	0.002	0.024	
40.97	0.498	0.003	0.016	
41.00	0.498	0.003	0.014	
41.03	0.498	0.004	0.001	
41.07	0.499	0.003	-0.011	
41.10	0.499	0.003	-0.007	
41.13	0.499	0.003	-0.003	
41.17	0.499	0.003	0.003	
41.20	0.499	0.003	0.008	
41.23	0.499	0.003	0.019	
41.27	0.499	0.004	0.040	
41.30	0.499	0.004	0.090	
41.33	0.499	0.008	0.159	
41.37	0.499	0.021	0.069	
41.40	0.501	0.019	-0.191	
41.43	0.501	0.004	-0.340	
41.47	0.501	-0.007	-0.351	
41.50	0.501	-0.025	-0.194	
41.53	0.499	-0.025	0.097	
41.57	0.499	-0.011	0.198	
41.60	0.499	-0.006	0.129	
41.63	0.498	-0.004	0.072	
41.67	0.498	-0.002	0.030	
41.70	0.498	-0.004	0.046	
41.73	0.498	-0.001	0.122	
41.77	0.498	0.004	0.199	
41.80	0.498	0.018	0.116	
41.83	0.500	0.017	-0.125	
41.87	0.500	0.002	-0.187	
41.90	0.500	-0.001	-0.084	
41.93	0.499	-0.001	-0.028	
41.97	0.500	-0.000	-0.048	
42.00	0.499	-0.002	-0.120	
42.03	0.500	-0.008	-0.160	
42.07	0.499	-0.021	0.008	
42.10	0.498	-0.014	0.308	
42.13	0.497	0.014	0.223	
42.17	0.500	0.014	-0.208	
42.20	0.499	-0.014	-0.289	
42.23	0.498	-0.019	0.007	
42.27	0.498	-0.006	0.161	
42.30	0.498	-0.001	0.124	
42.33	0.498	0.002	0.058	
42.37	0.498	0.002	0.011	
42.40	0.498	0.001	0.013	
42.43	0.498	0.002	0.030	
42.47	0.498	0.003	0.040	
42.50	0.498	0.006	0.022	
42.53	0.498	0.005	-0.006	
42.57	0.498	0.005	-0.014	
42.60	0.499	0.004	-0.006	
42.63	0.499	0.005	0.003	
42.67	0.499	0.005	-0.005	
42.70	0.499	0.004	-0.001	
42.73	0.499	0.005	0.001	
42.77	0.499	0.004	-0.011	
42.80	0.500	0.003	-0.007	
42.83	0.499	0.003	0.014	
42.87	0.500	0.004	0.038	
42.90	0.500	0.006	0.047	
42.93	0.500	0.007	0.037	
42.97	0.500	0.015	-0.127	
43.00	0.502	-0.001	-0.287	
43.03	0.500	-0.017	-0.127	
43.07	0.500	-0.009	0.051	
43.10	0.500	-0.006	0.062	
43.13	0.500	-0.005	0.038	
43.17	0.499	-0.004	0.001	
43.20	0.499	-0.005	-0.016	
43.23	0.499	-0.006	0.004	
43.27	0.499	-0.005	0.027	
43.30	0.499	-0.003	0.025	
43.33	0.499	-0.003	0.011	
43.37	0.498	-0.004	0.016	
43.40	0.498	-0.002	0.012	
43.43	0.498	-0.002	-0.003	
43.47	0.498	-0.002	-0.002	
43.50	0.498	-0.003	0.009	
43.53	0.498	-0.002	0.045	
43.57	0.498	-0.000	0.090	
43.60	0.498	0.004	0.098	
43.63	0.498	0.014	-0.075	
43.67	0.500	-0.001	-0.228	
43.70	0.498	-0.014	-0.060	
43.73	0.498	-0.004	0.080	
43.77	0.498	-0.002	0.049	
43.80	0.498	-0.002	0.029	
43.83	0.498	-0.001	0.037	
43.87	0.498	0.001	0.039	
43.90	0.498	0.002	0.014	
43.93	0.498	0.002	-0.013	
43.97	0.498	0.001	-0.034	
44.00	0.498	-0.001	-0.021	
44.03	0.498	-0.001	0.022	
44.07	0.498	0.001	0.036	
44.10	0.498	0.002	0.023	
44.13	0.498	0.003	0.019	
44.17	0.498	0.003	0.028	
44.20	0.498	0.004	0.047	
44.23	0.499	0.008	0.030	
44.27	0.499	0.006	0.006	
44.30	0.499	0.007	0.026	
44.33	0.499	0.007	0.082	
44.37	0.499	0.010	0.167	
44.40	0.500	0.024	0.064	
44.43	0.501	0.022	-0.215	
44.47	0.502	0.003	-0.296	
44.50	0.501	-0.010	-0.066	
44.53	0.500	0.000	0.145	
44.57	0.501	0.012	0.049	
44.60	0.502	0.004	-0.084	
44.63	0.501	0.001	-0.091	
44.67	0.502	-0.003	-0.069	
44.70	0.501	-0.004	-0.031	
44.73	0.501	-0.004	-0.008	
44.77	0.501	-0.003	-0.039	
44.80	0.501	-0.005	-0.126	
44.83	0.501	-0.011	-0.212	
44.87	0.501	-0.025	-0.119	
44.90	0.499	-0.025	0.134	
44.93	0.499	-0.010	0.212	
44.97	0.498	-0.005	0.116	
45.00	0.498	-0.004	0.051	
45.03	0.498	-0.003	0.031	
45.07	0.498	-0.002	0.030	
45.10	0.498	-0.001	0.036	
45.13	0.498	0.002	0.002	
45.17	0.498	-0.001	-0.027	
45.20	0.498	-0.002	-0.002	
45.23	0.498	-0.002	0.053	
45.27	0.498	0.001	0.124	
45.30	0.498	0.006	0.187	
45.33	0.498	0.018	0.105	
45.37	0.500	0.018	-0.119	
45.40	0.499	0.004	-0.183	
45.43	0.500	0.001	-0.100	
45.47	0.499	-0.001	-0.042	
45.50	0.500	-0.001	-0.007	
45.53	0.499	0.000	-0.023	
45.57	0.500	-0.000	-0.104	
45.60	0.499	-0.006	-0.194	
45.63	0.500	-0.020	-0.103	
45.67	0.498	-0.018	0.142	
45.70	0.498	-0.004	0.220	
45.73	0.498	0.002	0.141	
45.77	0.498	0.005	0.067	
45.80	0.498	0.005	0.017	
45.83	0.498	0.005	-0.005	
45.87	0.498	0.005	-0.018	
45.90	0.499	0.003	-0.013	
45.93	0.499	0.003	0.006	
45.97	0.499	0.004	0.009	
46.00	0.499	0.004	0.007	
46.03	0.499	0.005	-0.015	
46.07	0.499	0.003	-0.038	
46.10	0.499	0.001	-0.027	
46.13	0.499	0.002	-0.029	
46.17	0.499	0.001	-0.057	
46.20	0.500	-0.003	-0.052	
46.23	0.499	-0.004	-0.011	
46.27	0.499	-0.003	0.010	
46.30	0.499	-0.003	0.008	
46.33	0.499	-0.003	-0.000	
46.37	0.499	-0.003	-0.010	
46.40	0.499	-0.003	-0.018	
46.43	0.499	-0.004	-0.011	
46.47	0.499	-0.004	0.011	
46.50	0.498	-0.003	0.018	
46.53	0.498	-0.003	0.010	
46.57	0.498	-0.003	0.003	
46.60	0.498	-0.003	-0.002	
46.63	0.498	-0.003	-0.006	
46.67	0.498	-0.003	-0.008	
46.70	0.498	-0.004	0.007	
46.73	0.498	-0.003	0.021	
46.77	0.498	-0.001	0.017	
46.80	0.498	-0.002	0.045	
46.83	0.497	-0.001	0.141	
46.87	0.497	0.007	0.223	
46.90	0.498	0.020	0.115	
46.93	0.499	0.020	-0.140	
46.97	0.499	0.004	-0.217	
47.00	0.499	-0.001	-0.112	
47.03	0.499	-0.002	-0.019	
47.07	0.499	-0.000	0.023	
47.10	0.499	0.001	0.006	
47.13	0.499	0.001	-0.037	
47.17	0.499	-0.001	-0.092	
47.20	0.499	-0.004	-0.168	
47.23	0.499	-0.017	-0.108	
47.27	0.498	-0.017	0.113	
47.30	0.498	-0.004	0.195	
47.33	0.498	0.001	0.120	
47.37	0.498	0.003	0.059	
47.40	0.498	0.004	0.020	
47.43	0.498	0.004	0.009	
47.47	0.498	0.005	0.008	
47.50	0.499	0.005	-0.002	
47.53	0.498	0.004	0.007	
47.57	0.499	0.005	0.037	
47.60	0.499	0.006	0.064	
47.63	0.499	0.008	0.105	
47.67	0.499	0.018	0.021	
47.70	0.501	0.009	-0.058	
47.73	0.499	0.008	0.020	
47.77	0.501	0.018	-0.111	
47.80	0.501	0.002	-0.281	
47.83	0.501	-0.006	-0.290	
47.87	0.501	-0.021	-0.167	
47.90	0.499	-0.022	0.080	
47.93	0.499	-0.010	0.167	
47.97	0.499	-0.006	0.116	
48.00	0.499	-0.003	0.062	
48.03	0.499	-0.003	0.025	
48.07	0.499	-0.002	0.013	
48.10	0.498	-0.001	-0.006	
48.13	0.499	-0.003	-0.022	
48.17	0.498	-0.004	-0.008	
48.20	0.498	-0.003	0.003	
48.23	0.498	-0.003	-0.004	
48.27	0.498	-0.003	-0.015	
48.30	0.498	-0.004	-0.009	
48.33	0.498	-0.004	0.019	
48.37	0.498	-0.003	0.053	
48.40	0.498	-0.001	0.082	
48.43	0.497	0.002	0.089	
48.47	0.498	0.012	-0.073	
48.50	0.499	-0.002	-0.231	
48.53	0.497	-0.016	-0.081	
48.57	0.497	-0.008	0.088	
48.60	0.497	-0.003	0.095	
48.63	0.497	-0.002	0.096	
48.67	0.497	0.001	0.145	
48.70	0.497	0.006	0.219	
48.73	0.497	0.021	0.144	
48.77	0.499	0.022	-0.105	
48.80	0.499	0.009	-0.230	
48.83	0.499	0.003	-0.222	
48.87	0.499	-0.004	-0.231	
48.90	0.499	-0.017	-0.109	
48.93	0.497	-0.016	0.133	
48.97	0.498	-0.002	0.197	
49.00	0.498	0.002	0.115	
49.03	0.498	0.005	0.045	
49.07	0.498	0.004	-0.006	
49.10	0.498	0.003	-0.018	
49.13	0.498	0.003	-0.011	
49.17	0.499	0.003	-0.008	
49.20	0.498	0.002	-0.010	
49.23	0.499	0.002	-0.010	
49.27	0.499	0.001	0.024	
49.30	0.499	0.002	0.081	
49.33	0.499	0.007	0.095	
49.37	0.499	0.016	-0.085	
49.40	0.501	0.002	-0.267	
49.43	0.499	-0.014	-0.115	
49.47	0.499	-0.007	0.081	
49.50	0.499	-0.001	0.084	
49.53	0.499	0.000	0.027	
49.57	0.499	-0.000	-0.015	
49.60	0.499	-0.002	-0.023	
49.63	0.499	-0.002	-0.012	
49.67	0.499	-0.003	-0.004	
49.70	0.498	-0.003	-0.001	
49.73	0.499	-0.003	-0.000	
49.77	0.498	-0.003	-0.001	
49.80	0.498	-0.003	-0.003	
49.83	0.498	-0.003	-0.001	
49.87	0.498	-0.003	0.027	
49.90	0.498	-0.003	0.104	
49.93	0.498	0.002	0.209	
49.97	0.498	0.017	0.136	
50.00	0.500	0.018	-0.113	
50.03	0.499	0.004	-0.204	
50.07	0.499	-0.002	-0.132	
50.10	0.499	-0.004	-0.052	
50.13	0.499	-0.004	0.009	
50.17	0.499	-0.003	0.029	
50.20	0.499	-0.001	0.017	
50.23	0.499	-0.002	0.015	
50.27	0.499	-0.001	0.040	
50.30	0.499	0.001	0.056	
50.33	0.499	0.005	0.001	
50.37	0.499	0.002	-0.070	
50.40	0.499	-0.001	-0.079	
50.43	0.499	-0.010	0.080	
50.47	0.497	0.003	0.240	
50.50	0.499	0.018	0.075	
50.53	0.499	0.010	-0.133	
50.57	0.500	0.004	-0.199	
50.60	0.500	-0.010	-0.090	
50.63	0.498	-0.001	0.013	
50.67	0.500	-0.002	-0.063	
50.70	0.499	-0.012	0.030	
50.73	0.499	-0.002	0.171	
50.77	0.499	0.004	0.188	
50.80	0.499	0.010	0.191	
50.83	0.499	0.022	0.020	
50.87	0.501	0.019	-0.328	
50.90	0.501	-0.012	-0.329	
50.93	0.499	-0.018	0.074	
50.97	0.499	-0.000	0.305	
51.00	0.499	0.017	0.150	
51.03	0.501	0.015	-0.164	
51.07	0.501	-0.009	-0.103	
51.10	0.499	0.002	0.139	
51.13	0.501	0.015	0.003	
51.17	0.501	0.004	-0.200	
51.20	0.501	-0.004	-0.255	
51.23	0.501	-0.018	-0.161	
51.27	0.500	-0.020	0.088	
51.30	0.499	-0.007	0.208	
51.33	0.500	-0.002	0.207	
51.37	0.499	0.004	0.227	
51.40	0.499	0.019	0.068	
51.43	0.501	0.016	-0.267	
51.47	0.501	-0.004	-0.426	
51.50	0.501	-0.024	-0.252	
51.53	0.499	-0.026	0.063	
51.57	0.499	-0.012	0.180	
51.60	0.499	-0.008	0.121	
51.63	0.498	-0.005	0.066	
51.67	0.498	-0.004	0.017	
51.70	0.498	-0.005	-0.001	
51.73	0.498	-0.005	0.015	
51.77	0.498	-0.005	0.067	
51.80	0.498	-0.001	0.142	
51.83	0.497	0.004	0.192	
51.87	0.497	0.019	0.041	
51.90	0.499	0.015	-0.288	
51.93	0.499	-0.014	-0.237	
51.97	0.497	-0.015	0.186	
52.00	0.498	0.006	0.403	
52.03	0.498	0.025	0.252	
52.07	0.500	0.029	-0.091	
52.10	0.500	0.012	-0.268	
52.13	0.500	0.005	-0.262	
52.17	0.501	-0.003	-0.261	
52.20	0.500	-0.017	-0.124	
52.23	0.499	-0.016	0.121	
52.27	0.499	-0.002	0.180	
52.30	0.499	0.001	0.090	
52.33	0.499	0.001	0.040	
52.37	0.499	0.003	0.024	
52.40	0.499	0.004	0.005	
52.43	0.500	0.002	0.010	
52.47	0.499	0.002	0.053	
52.50	0.500	0.005	0.091	
52.53	0.499	0.025	-0.052	
52.57	0.502	0.002	-0.184	
52.60	0.500	-0.010	0.037	
52.63	0.500	0.004	0.271	
52.67	0.500	0.021	0.171	
52.70	0.502	0.021	-0.100	
52.73	0.502	0.007	-0.196	
52.77	0.502	0.003	-0.139	
52.80	0.502	-0.000	-0.123	
52.83	0.502	-0.003	-0.156	
52.87	0.502	-0.009	-0.214	
52.90	0.502	-0.023	-0.119	
52.93	0.500	-0.024	0.147	
52.97	0.500	-0.006	0.241	
53.00	0.500	-0.002	0.168	
53.03	0.499	0.002	0.129	
53.07	0.500	0.011	-0.026	
53.10	0.501	-0.000	-0.165	
53.13	0.499	-0.005	-0.156	
53.17	0.501	-0.010	-0.143	
53.20	0.499	-0.020	0.029	
53.23	0.499	-0.009	0.230	
53.27	0.498	-0.000	0.292	
53.30	0.498	0.017	0.165	
53.33	0.500	0.016	-0.104	
53.37	0.500	0.002	-0.170	
53.40	0.500	-0.001	-0.076	
53.43	0.500	-0.001	-0.021	
53.47	0.500	-0.000	-0.038	
53.50	0.500	-0.002	-0.111	
53.53	0.500	-0.006	-0.193	
53.57	0.500	-0.020	-0.108	
53.60	0.498	-0.020	0.143	
53.63	0.498	-0.004	0.229	
53.67	0.498	0.001	0.173	
53.70	0.498	0.004	0.171	
53.73	0.498	0.009	0.222	
53.77	0.498	0.024	0.142	
53.80	0.500	0.026	-0.120	
53.83	0.500	0.010	-0.228	
53.87	0.500	0.004	-0.170	
53.90	0.501	0.001	-0.158	
53.93	0.501	-0.003	-0.199	
53.97	0.501	-0.016	-0.129	
54.00	0.499	-0.017	0.082	
54.03	0.499	-0.007	0.206	
54.07	0.499	-0.001	0.248	
54.10	0.499	0.008	0.276	
54.13	0.499	0.024	0.105	
54.17	0.501	0.022	-0.228	
54.20	0.501	0.003	-0.366	
54.23	0.501	-0.015	-0.168	
54.27	0.499	-0.013	0.152	
54.30	0.500	0.010	0.095	
54.33	0.501	0.000	-0.154	
54.37	0.500	-0.014	-0.068	
54.40	0.500	-0.006	0.076	
54.43	0.500	-0.002	0.068	
54.47	0.500	-0.001	0.021	
54.50	0.500	-0.002	-0.013	
54.53	0.499	-0.002	-0.023	
54.57	0.500	-0.002	-0.050	
54.60	0.499	-0.006	-0.049	
54.63	0.499	-0.008	0.007	
54.67	0.499	-0.005	0.044	
54.70	0.499	-0.003	0.025	
54.73	0.499	-0.004	0.030	
54.77	0.498	-0.003	0.103	
54.80	0.498	0.001	0.196	
54.83	0.498	0.015	0.129	
54.87	0.500	0.016	-0.097	
54.90	0.500	0.003	-0.176	
54.93	0.500	-0.001	-0.103	
54.97	0.499	-0.003	-0.036	
55.00	0.500	-0.002	0.003	
55.03	0.499	-0.002	0.021	
55.07	0.499	-0.001	0.022	
55.10	0.499	-0.000	0.012	
55.13	0.499	0.000	0.008	
55.17	0.499	0.000	0.011	
55.20	0.499	0.001	0.019	
55.23	0.499	0.002	0.014	
55.27	0.500	0.002	-0.010	
55.30	0.499	0.001	-0.044	
55.33	0.500	0.000	-0.114	
55.37	0.500	-0.004	-0.208	
55.40	0.500	-0.020	-0.125	
55.43	0.498	-0.020	0.137	
55.47	0.498	-0.004	0.230	
55.50	0.498	0.002	0.144	
55.53	0.498	0.005	0.042	
55.57	0.498	0.003	-0.019	
55.60	0.498	0.002	-0.006	
55.63	0.498	0.003	0.016	
55.67	0.498	0.004	0.010	
55.70	0.499	0.003	0.004	
55.73	0.499	0.003	0.019	
55.77	0.499	0.004	0.043	
55.80	0.499	0.006	0.058	
55.83	0.499	0.008	0.060	
55.87	0.499	0.017	-0.100	
55.90	0.501	0.002	-0.261	
55.93	0.499	-0.013	-0.095	
55.97	0.499	-0.004	0.078	
56.00	0.499	-0.000	0.054	
56.03	0.500	-0.000	-0.001	
56.07	0.499	-0.002	-0.023	
56.10	0.499	-0.003	0.012	
56.13	0.499	-0.003	0.089	
56.17	0.499	0.002	0.158	
56.20	0.499	0.016	0.007	
56.23	0.501	0.011	-0.336	
56.27	0.500	-0.019	-0.333	
56.30	0.499	-0.025	0.052	
56.33	0.498	-0.010	0.315	
56.37	0.498	0.004	0.333	
56.40	0.498	0.018	0.144	
56.43	0.500	0.016	-0.127	
56.47	0.500	0.002	-0.190	
56.50	0.499	-0.002	-0.094	
56.53	0.500	-0.003	-0.024	
56.57	0.499	-0.002	0.012	
56.60	0.499	-0.001	0.002	
56.63	0.499	-0.001	-0.049	
56.67	0.499	-0.003	-0.110	
56.70	0.499	-0.008	-0.135	
56.73	0.499	-0.019	0.022	
56.77	0.497	-0.013	0.320	
56.80	0.498	0.014	0.300	
56.83	0.499	0.018	-0.009	
56.87	0.499	0.006	-0.142	
56.90	0.499	0.002	-0.089	
56.93	0.499	0.001	-0.022	
56.97	0.499	0.002	0.003	
57.00	0.499	0.002	-0.008	
57.03	0.499	0.001	-0.007	
57.07	0.499	0.001	0.010	
57.10	0.499	0.002	0.010	
57.13	0.500	0.002	-0.028	
57.17	0.499	0.001	-0.092	
57.20	0.500	-0.003	-0.157	
57.23	0.500	-0.015	-0.066	
57.27	0.498	-0.012	0.141	
57.30	0.498	0.001	0.173	
57.33	0.499	0.005	0.063	
57.37	0.499	0.002	0.013	
57.40	0.499	0.003	0.048	
57.43	0.499	0.005	0.104	
57.47	0.499	0.009	0.167	
57.50	0.499	0.021	0.090	
57.53	0.501	0.021	-0.134	
57.57	0.501	0.006	-0.204	
57.60	0.501	0.002	-0.120	
57.63	0.501	-0.000	-0.057	
57.67	0.501	-0.001	-0.041	
57.70	0.501	-0.002	-0.073	
57.73	0.501	-0.004	-0.141	
57.77	0.501	-0.010	-0.231	
57.80	0.501	-0.025	-0.150	
57.83	0.499	-0.027	0.115	
57.87	0.498	-0.011	0.217	
57.90	0.498	-0.005	0.132	
57.93	0.498	-0.005	0.086	
57.97	0.498	-0.003	0.131	
58.00	0.498	0.002	0.226	
58.03	0.498	0.018	0.159	
58.07	0.499	0.019	-0.076	
58.10	0.499	0.007	-0.176	
58.13	0.500	0.002	-0.125	
58.17	0.499	-0.000	-0.069	
58.20	0.500	-0.002	-0.033	
58.23	0.499	-0.002	-0.009	
58.27	0.499	-0.002	0.007	
58.30	0.499	-0.002	0.021	
58.33	0.499	-0.001	0.021	
58.37	0.499	-0.000	0.007	
58.40	0.499	-0.000	-0.006	
58.43	0.499	-0.001	-0.016	
58.47	0.499	-0.002	-0.007	
58.50	0.499	-0.002	0.021	
58.53	0.499	0.000	0.036	
58.57	0.499	0.002	0.021	
58.60	0.499	0.002	-0.011	
58.63	0.499	0.001	-0.047	
58.67	0.499	-0.001	-0.096	
58.70	0.499	-0.004	-0.168	
58.73	0.499	-0.017	-0.105	
58.77	0.498	-0.017	0.120	
58.80	0.498	-0.003	0.203	
58.83	0.498	0.002	0.117	
58.87	0.498	0.003	0.046	
58.90	0.498	0.003	0.034	
58.93	0.498	0.005	0.041	
58.97	0.498	0.006	0.039	
59.00	0.499	0.009	-0.006	
59.03	0.499	0.006	-0.045	
59.07	0.499	0.004	0.000	
59.10	0.499	0.004	0.089	
59.13	0.499	0.009	0.176	
59.17	0.499	0.022	0.085	
59.20	0.501	0.020	-0.165	
59.23	0.501	0.004	-0.241	
59.27	0.501	-0.001	-0.176	
59.30	0.501	-0.004	-0.169	
59.33	0.501	-0.009	-0.219	
59.37	0.501	-0.024	-0.143	
59.40	0.499	-0.025	0.099	
59.43	0.499	-0.011	0.198	
59.47	0.498	-0.007	0.157	
59.50	0.498	-0.003	0.134	
59.53	0.498	0.001	0.113	
59.57	0.498	0.011	-0.039	
59.60	0.500	-0.003	-0.126	
59.63	0.498	-0.012	0.138	
59.67	0.498	0.013	0.232	
59.70	0.500	0.018	-0.033	
59.73	0.499	0.004	-0.155	
59.77	0.499	-0.000	-0.089	
59.80	0.499	-0.000	-0.025	
59.83	0.499	0.001	-0.020	
59.87	0.499	-0.002	-0.025	
59.90	0.499	-0.002	-0.002	
59.93	0.499	-0.002	0.027	
59.97	0.499	-0.000	0.054	
60.00	0.499	0.003	0.072	
