Vernier Format 2
1.4.txt 1/28/2019 19:49:34
Run 1
Time	Position	Velocity	Acceleration	
T	P	V	A	
s	m	m/s	m/s^2	

0.00	0.499	0.052	-0.636	
0.03	0.502	0.030	-0.548	
0.07	0.502	0.010	-0.380	
0.10	0.502	0.003	-0.180	
0.13	0.502	0.001	-0.057	
0.17	0.502	0.002	-0.038	
0.20	0.502	-0.001	-0.052	
0.23	0.502	-0.002	-0.047	
0.27	0.502	-0.003	-0.080	
0.30	0.501	-0.006	-0.142	
0.33	0.501	-0.012	-0.193	
0.37	0.501	-0.026	-0.067	
0.40	0.499	-0.023	0.202	
0.43	0.499	0.002	0.122	
0.47	0.501	-0.009	-0.116	
0.50	0.498	-0.021	-0.002	
0.53	0.498	-0.009	0.152	
0.57	0.498	-0.005	0.187	
0.60	0.498	0.000	0.248	
0.63	0.498	0.017	0.147	
0.67	0.500	0.017	-0.118	
0.70	0.499	0.002	-0.202	
0.73	0.499	-0.003	-0.107	
0.77	0.499	-0.003	-0.037	
0.80	0.499	-0.003	-0.016	
0.83	0.499	-0.004	-0.004	
0.87	0.499	-0.004	0.022	
0.90	0.498	-0.003	0.037	
0.93	0.499	-0.001	0.028	
0.97	0.498	-0.001	0.015	
1.00	0.499	-0.001	0.027	
1.03	0.498	0.001	0.048	
1.07	0.499	0.004	0.019	
1.10	0.499	0.002	-0.006	
1.13	0.499	0.002	0.004	
1.17	0.499	0.003	0.004	
1.20	0.499	0.003	-0.020	
1.23	0.499	0.003	-0.089	
1.27	0.499	-0.001	-0.176	
1.30	0.499	-0.015	-0.096	
1.33	0.498	-0.013	0.136	
1.37	0.498	0.001	0.201	
1.40	0.498	0.005	0.124	
1.43	0.498	0.008	0.068	
1.47	0.499	0.009	0.044	
1.50	0.499	0.008	0.090	
1.53	0.499	0.009	0.161	
1.57	0.500	0.025	0.067	
1.60	0.501	0.022	-0.155	
1.63	0.501	0.008	-0.217	
1.67	0.501	0.003	-0.143	
1.70	0.502	0.000	-0.080	
1.73	0.501	-0.001	-0.036	
1.77	0.501	-0.001	-0.033	
1.80	0.501	-0.003	-0.071	
1.83	0.501	-0.005	-0.119	
1.87	0.501	-0.009	-0.162	
1.90	0.501	-0.022	-0.051	
1.93	0.499	-0.020	0.216	
1.97	0.499	0.005	0.172	
2.00	0.501	-0.002	-0.038	
2.03	0.499	-0.011	0.046	
2.07	0.499	0.007	0.012	
2.10	0.500	-0.005	-0.128	
2.13	0.498	-0.015	0.042	
2.17	0.498	0.005	0.059	
2.20	0.500	-0.005	-0.057	
2.23	0.498	-0.014	0.165	
2.27	0.498	0.012	0.222	
2.30	0.499	0.015	-0.059	
2.33	0.499	0.000	-0.170	
2.37	0.499	-0.003	-0.095	
2.40	0.499	-0.004	-0.036	
2.43	0.499	-0.005	-0.005	
2.47	0.499	-0.004	0.018	
2.50	0.498	-0.003	0.030	
2.53	0.499	-0.002	0.034	
2.57	0.498	-0.001	0.029	
2.60	0.499	0.000	0.016	
2.63	0.498	0.001	-0.008	
2.67	0.499	0.000	-0.044	
2.70	0.498	-0.002	-0.066	
2.73	0.499	-0.011	0.070	
2.77	0.497	-0.043	0.168	
2.80	0.499	0.014	-0.065	
2.83	0.499	-0.008	-0.123	
2.87	0.498	-0.007	0.133	
2.90	0.498	0.014	0.084	
2.93	0.500	0.005	-0.131	
2.97	0.498	-0.008	-0.032	
3.00	0.498	0.002	0.124	
3.03	0.499	0.005	0.169	
3.07	0.499	0.011	0.233	
3.10	0.499	0.026	0.126	
3.13	0.501	0.025	-0.141	
3.17	0.501	0.010	-0.223	
3.20	0.501	0.005	-0.143	
3.23	0.501	0.001	-0.061	
3.27	0.501	0.001	0.010	
3.30	0.501	0.004	0.016	
3.33	0.501	0.004	-0.037	
3.37	0.502	0.002	-0.089	
3.40	0.502	-0.002	-0.104	
3.43	0.502	-0.012	0.052	
3.47	0.500	0.001	0.210	
3.50	0.502	0.014	0.045	
3.53	0.502	0.004	-0.160	
3.57	0.502	-0.002	-0.221	
3.60	0.502	-0.010	-0.239	
3.63	0.502	-0.025	-0.054	
3.67	0.499	-0.021	0.275	
3.70	0.499	0.008	0.225	
3.73	0.501	0.007	-0.157	
3.77	0.501	-0.018	-0.185	
3.80	0.498	-0.012	-0.011	
3.83	0.500	-0.012	0.044	
3.87	0.498	-0.017	0.263	
3.90	0.498	0.013	0.254	
3.93	0.500	0.013	-0.065	
3.97	0.499	-0.001	-0.145	
4.00	0.499	-0.003	-0.069	
4.03	0.499	-0.003	-0.021	
4.07	0.499	-0.003	-0.009	
4.10	0.499	-0.002	-0.041	
4.13	0.499	-0.004	-0.114	
4.17	0.499	-0.017	-0.023	
4.20	0.497	-0.006	0.100	
4.23	0.499	-0.003	0.056	
4.27	0.497	-0.009	0.151	
4.30	0.497	0.013	0.075	
4.33	0.499	0.003	-0.161	
4.37	0.497	-0.011	-0.054	
4.40	0.498	-0.002	0.093	
4.43	0.498	0.001	0.120	
4.47	0.498	0.005	0.147	
4.50	0.498	0.010	0.174	
4.53	0.498	0.023	0.057	
4.57	0.500	0.013	-0.054	
4.60	0.499	0.012	0.013	
4.63	0.500	0.020	-0.047	
4.67	0.501	0.009	-0.119	
4.70	0.501	0.007	-0.068	
4.73	0.501	0.005	-0.029	
4.77	0.501	0.006	-0.032	
4.80	0.501	0.006	-0.114	
4.83	0.502	-0.001	-0.183	
4.87	0.502	-0.015	-0.015	
4.90	0.500	-0.009	0.321	
4.93	0.500	0.020	0.300	
4.97	0.502	0.022	-0.038	
5.00	0.502	0.009	-0.183	
5.03	0.503	0.004	-0.137	
5.07	0.502	0.001	-0.075	
5.10	0.503	-0.000	-0.042	
5.13	0.502	-0.001	-0.043	
5.17	0.503	-0.004	-0.031	
5.20	0.502	-0.004	-0.004	
5.23	0.502	-0.002	-0.012	
5.27	0.502	-0.005	-0.029	
5.30	0.502	-0.006	-0.011	
5.33	0.502	-0.004	-0.016	
5.37	0.502	-0.006	-0.048	
5.40	0.501	-0.008	-0.073	
5.43	0.501	-0.010	-0.121	
5.47	0.501	-0.014	-0.196	
5.50	0.501	-0.029	-0.097	
5.53	0.498	-0.027	0.150	
5.57	0.498	-0.012	0.218	
5.60	0.498	-0.008	0.148	
5.63	0.498	-0.003	0.088	
5.67	0.498	-0.002	0.052	
5.70	0.498	-0.001	0.065	
5.73	0.498	0.000	0.127	
5.77	0.498	0.006	0.209	
5.80	0.498	0.020	0.117	
5.83	0.499	0.020	-0.134	
5.87	0.500	0.004	-0.212	
5.90	0.499	-0.000	-0.132	
5.93	0.499	-0.002	-0.087	
5.97	0.499	-0.003	-0.085	
6.00	0.500	-0.014	0.046	
6.03	0.497	-0.001	0.179	
6.07	0.500	0.012	-0.016	
6.10	0.499	-0.008	-0.083	
6.13	0.498	0.000	0.002	
6.17	0.500	-0.001	-0.048	
6.20	0.498	-0.011	0.092	
6.23	0.498	0.003	0.278	
6.27	0.498	0.020	0.156	
6.30	0.500	0.014	-0.014	
6.33	0.499	0.012	-0.018	
6.37	0.501	0.018	-0.127	
6.40	0.501	-0.003	-0.053	
6.43	0.499	0.009	0.154	
6.47	0.502	0.021	0.017	
6.50	0.502	0.010	-0.125	
6.53	0.502	0.005	-0.094	
6.57	0.502	0.003	-0.037	
6.60	0.502	0.005	-0.029	
6.63	0.502	0.002	-0.040	
6.67	0.502	0.002	-0.038	
6.70	0.503	-0.000	-0.048	
6.73	0.502	-0.002	-0.042	
6.77	0.502	-0.003	-0.034	
6.80	0.502	-0.004	-0.021	
6.83	0.502	-0.005	-0.006	
6.87	0.502	-0.004	-0.021	
6.90	0.502	-0.005	-0.066	
6.93	0.501	-0.008	-0.118	
6.97	0.501	-0.012	-0.162	
7.00	0.501	-0.025	-0.052	
7.03	0.499	-0.022	0.210	
7.07	0.499	0.002	0.162	
7.10	0.501	-0.006	-0.049	
7.13	0.498	-0.016	0.064	
7.17	0.498	0.005	0.046	
7.20	0.500	-0.006	-0.116	
7.23	0.498	-0.017	0.053	
7.27	0.498	0.004	0.090	
7.30	0.500	-0.004	-0.027	
7.33	0.497	-0.012	0.169	
7.37	0.497	0.013	0.221	
7.40	0.499	0.016	-0.040	
7.43	0.499	0.003	-0.137	
7.47	0.499	-0.000	-0.058	
7.50	0.499	0.002	-0.021	
7.53	0.499	-0.001	-0.008	
7.57	0.499	0.000	0.017	
7.60	0.499	0.001	0.020	
7.63	0.499	0.001	0.032	
7.67	0.499	0.003	0.048	
7.70	0.499	0.006	0.026	
7.73	0.500	0.006	-0.023	
7.77	0.499	0.004	-0.059	
7.80	0.500	0.002	-0.082	
7.83	0.500	-0.008	0.051	
7.87	0.498	0.006	0.174	
7.90	0.500	0.017	-0.016	
7.93	0.501	-0.003	-0.044	
7.97	0.499	0.007	0.085	
8.00	0.501	0.016	-0.081	
8.03	0.501	-0.006	-0.081	
8.07	0.500	0.003	0.084	
8.10	0.501	0.013	-0.048	
8.13	0.502	-0.006	-0.028	
8.17	0.500	0.004	0.148	
8.20	0.502	0.016	0.021	
8.23	0.502	0.005	-0.107	
8.27	0.502	0.002	-0.076	
8.30	0.502	0.001	-0.049	
8.33	0.502	0.000	-0.056	
8.37	0.502	-0.002	-0.070	
8.40	0.502	-0.003	-0.107	
8.43	0.502	-0.015	-0.006	
8.47	0.500	-0.004	0.098	
8.50	0.502	0.005	-0.114	
8.53	0.502	-0.019	-0.151	
8.57	0.500	-0.019	0.125	
8.60	0.499	0.003	0.092	
8.63	0.501	-0.007	-0.090	
8.67	0.499	-0.017	0.056	
8.70	0.499	0.004	0.048	
8.73	0.501	-0.007	-0.114	
8.77	0.498	-0.018	0.050	
8.80	0.498	0.003	0.069	
8.83	0.500	-0.007	-0.038	
8.87	0.498	-0.014	0.181	
8.90	0.498	0.011	0.225	
8.93	0.499	0.014	-0.051	
8.97	0.499	0.000	-0.153	
9.00	0.499	-0.003	-0.091	
9.03	0.499	-0.005	-0.025	
9.07	0.498	-0.004	0.032	
9.10	0.499	-0.001	0.047	
9.13	0.498	-0.000	0.043	
9.17	0.499	0.001	0.053	
9.20	0.498	0.003	0.059	
9.23	0.499	0.007	0.012	
9.27	0.499	0.004	-0.057	
9.30	0.499	0.003	-0.128	
9.33	0.499	-0.002	-0.219	
9.37	0.499	-0.018	-0.120	
9.40	0.498	-0.016	0.139	
9.43	0.498	-0.002	0.216	
9.47	0.498	0.003	0.156	
9.50	0.498	0.007	0.119	
9.53	0.498	0.010	0.109	
9.57	0.499	0.012	0.134	
9.60	0.499	0.023	0.039	
9.63	0.501	0.022	-0.205	
9.67	0.501	-0.003	-0.136	
9.70	0.499	0.005	0.114	
9.73	0.501	0.019	0.023	
9.77	0.501	0.009	-0.143	
9.80	0.502	0.003	-0.163	
9.83	0.501	-0.002	-0.137	
9.87	0.502	-0.012	0.027	
9.90	0.500	0.001	0.154	
9.93	0.502	0.011	-0.027	
9.97	0.502	-0.009	-0.031	
10.00	0.500	0.002	0.143	
10.03	0.502	0.013	0.015	
10.07	0.502	0.003	-0.115	
10.10	0.502	-0.002	-0.077	
10.13	0.502	-0.001	-0.060	
10.17	0.502	-0.004	-0.070	
10.20	0.501	-0.006	-0.078	
10.23	0.501	-0.008	-0.114	
10.27	0.501	-0.013	-0.156	
10.30	0.501	-0.026	0.001	
10.33	0.498	-0.013	0.181	
10.37	0.500	-0.008	0.185	
10.40	0.498	-0.002	0.186	
10.43	0.500	0.011	0.015	
10.47	0.499	-0.002	-0.129	
10.50	0.499	-0.005	-0.094	
10.53	0.499	-0.006	-0.084	
10.57	0.499	-0.009	-0.069	
10.60	0.499	-0.018	0.116	
10.63	0.497	-0.001	0.277	
10.67	0.499	0.014	0.100	
10.70	0.499	0.004	-0.059	
10.73	0.498	0.003	0.006	
10.77	0.499	0.001	-0.036	
10.80	0.499	-0.000	0.004	
10.83	0.499	0.002	0.025	
10.87	0.499	0.003	-0.001	
10.90	0.499	0.002	-0.033	
10.93	0.499	0.001	-0.053	
10.97	0.499	-0.001	-0.073	
11.00	0.499	-0.011	0.072	
11.03	0.497	0.005	0.179	
11.07	0.500	0.014	-0.037	
11.10	0.500	-0.007	-0.042	
11.13	0.498	0.005	0.120	
11.17	0.500	0.015	-0.032	
11.20	0.500	-0.005	-0.030	
11.23	0.498	0.007	0.115	
11.27	0.501	0.017	-0.058	
11.30	0.501	-0.004	-0.059	
11.33	0.499	0.006	0.112	
11.37	0.501	0.017	-0.037	
11.40	0.502	-0.003	-0.029	
11.43	0.500	0.007	0.151	
11.47	0.502	0.020	0.005	
11.50	0.502	0.008	-0.168	
11.53	0.502	0.003	-0.184	
11.57	0.502	-0.003	-0.167	
11.60	0.502	-0.015	0.027	
11.63	0.500	-0.002	0.210	
11.67	0.502	0.012	0.035	
11.70	0.502	0.000	-0.165	
11.73	0.502	-0.006	-0.191	
11.77	0.501	-0.011	-0.199	
11.80	0.502	-0.024	-0.062	
11.83	0.499	-0.022	0.231	
11.87	0.499	0.006	0.163	
11.90	0.501	-0.005	-0.085	
11.93	0.499	-0.017	0.051	
11.97	0.499	0.005	0.068	
12.00	0.500	-0.005	-0.050	
12.03	0.498	-0.014	0.171	
12.07	0.498	0.012	0.224	
12.10	0.500	0.016	-0.087	
12.13	0.500	0.001	-0.272	
12.17	0.500	-0.008	-0.269	
12.20	0.500	-0.023	-0.079	
12.23	0.498	-0.019	0.239	
12.27	0.497	0.008	0.187	
12.30	0.500	-0.002	-0.012	
12.33	0.497	-0.009	0.141	
12.37	0.498	0.014	0.141	
12.40	0.499	0.013	-0.141	
12.43	0.499	-0.009	-0.105	
12.47	0.497	0.001	0.044	
12.50	0.499	0.009	-0.131	
12.53	0.499	-0.015	-0.133	
12.57	0.497	-0.013	0.181	
12.60	0.497	0.011	0.176	
12.63	0.500	0.004	0.031	
12.67	0.498	-0.001	0.210	
12.70	0.498	0.023	0.245	
12.73	0.500	0.027	-0.020	
12.77	0.500	0.018	-0.199	
12.80	0.501	0.008	-0.204	
12.83	0.501	-0.003	0.020	
12.87	0.500	0.010	0.211	
12.90	0.502	0.024	0.025	
12.93	0.502	0.013	-0.216	
12.97	0.502	0.005	-0.305	
13.00	0.503	-0.013	-0.183	
13.03	0.501	-0.015	0.133	
13.07	0.501	0.002	0.263	
13.10	0.501	0.016	0.045	
13.13	0.504	0.004	-0.165	
13.17	0.501	-0.010	0.009	
13.20	0.502	0.010	0.059	
13.23	0.503	0.001	-0.061	
13.27	0.501	-0.001	-0.017	
13.30	0.503	-0.001	0.038	
13.33	0.501	0.002	0.073	
13.37	0.503	0.011	-0.081	
13.40	0.503	-0.003	-0.213	
13.43	0.503	-0.017	0.002	
13.47	0.501	-0.004	0.227	
13.50	0.502	0.014	0.070	
13.53	0.503	0.002	-0.155	
13.57	0.502	-0.005	-0.192	
13.60	0.502	-0.008	-0.230	
13.63	0.502	-0.025	-0.114	
13.67	0.500	-0.024	0.180	
13.70	0.500	0.001	0.124	
13.73	0.501	-0.009	-0.088	
13.77	0.499	-0.021	0.063	
13.80	0.499	-0.005	0.219	
13.83	0.499	0.008	0.044	
13.87	0.500	-0.004	-0.102	
13.90	0.498	-0.006	-0.056	
13.93	0.500	-0.007	-0.005	
13.97	0.498	-0.013	0.191	
14.00	0.498	0.013	0.186	
14.03	0.500	0.013	-0.158	
14.07	0.500	-0.012	-0.164	
14.10	0.498	-0.004	0.018	
14.13	0.500	-0.003	0.061	
14.17	0.498	-0.008	0.284	
14.20	0.498	0.022	0.312	
14.23	0.500	0.027	-0.029	
14.27	0.500	0.013	-0.207	
14.30	0.501	0.006	-0.181	
14.33	0.501	0.002	-0.127	
14.37	0.501	-0.008	0.050	
14.40	0.499	0.005	0.203	
14.43	0.502	0.020	-0.005	
14.47	0.502	-0.002	-0.045	
14.50	0.500	0.008	0.137	
14.53	0.502	0.020	-0.001	
14.57	0.502	0.008	-0.165	
14.60	0.503	0.003	-0.169	
14.63	0.503	-0.003	-0.141	
14.67	0.503	-0.013	0.040	
14.70	0.501	0.001	0.184	
14.73	0.503	0.013	-0.009	
14.77	0.503	-0.007	-0.038	
14.80	0.501	0.002	0.129	
14.83	0.503	0.014	0.010	
14.87	0.503	0.003	-0.111	
14.90	0.503	-0.000	-0.077	
14.93	0.503	-0.001	-0.048	
14.97	0.503	-0.003	-0.035	
15.00	0.503	-0.004	-0.023	
15.03	0.502	-0.004	-0.023	
15.07	0.503	-0.005	-0.031	
15.10	0.502	-0.007	-0.020	
15.13	0.502	-0.006	-0.021	
15.17	0.502	-0.007	-0.052	
15.20	0.502	-0.009	-0.106	
15.23	0.501	-0.013	-0.162	
15.27	0.501	-0.026	-0.045	
15.30	0.499	-0.023	0.243	
15.33	0.499	0.004	0.177	
15.37	0.501	-0.005	-0.066	
15.40	0.498	-0.016	0.051	
15.43	0.498	0.004	0.062	
15.47	0.500	-0.005	-0.066	
15.50	0.498	-0.013	0.093	
15.53	0.498	0.008	0.097	
15.57	0.500	-0.001	-0.036	
15.60	0.498	-0.009	0.147	
15.63	0.498	0.016	0.169	
15.67	0.500	0.016	-0.120	
15.70	0.500	-0.006	-0.096	
15.73	0.498	0.004	0.079	
15.77	0.500	0.013	-0.059	
15.80	0.500	-0.007	-0.049	
15.83	0.498	0.004	0.096	
15.87	0.500	0.013	-0.087	
15.90	0.501	-0.009	-0.108	
15.93	0.499	-0.000	0.035	
15.97	0.501	0.001	0.027	
16.00	0.499	-0.006	0.174	
16.03	0.499	0.017	0.177	
16.07	0.501	0.018	-0.106	
16.10	0.501	-0.003	-0.073	
16.13	0.499	0.008	0.108	
16.17	0.502	0.020	-0.068	
16.20	0.502	-0.004	-0.072	
16.23	0.500	0.005	0.142	
16.27	0.502	0.019	0.036	
16.30	0.502	0.009	-0.106	
16.33	0.503	0.005	-0.095	
16.37	0.503	0.003	-0.057	
16.40	0.503	0.002	-0.035	
16.43	0.503	0.001	-0.029	
16.47	0.503	0.000	-0.024	
16.50	0.503	-0.001	-0.030	
16.53	0.503	-0.002	-0.034	
16.57	0.503	-0.003	-0.031	
16.60	0.503	-0.004	-0.024	
16.63	0.502	-0.005	-0.017	
16.67	0.502	-0.004	-0.040	
16.70	0.502	-0.007	-0.081	
16.73	0.502	-0.010	-0.118	
16.77	0.501	-0.013	-0.163	
16.80	0.502	-0.027	-0.056	
16.83	0.499	-0.024	0.218	
16.87	0.499	0.001	0.172	
16.90	0.501	-0.007	-0.031	
16.93	0.499	-0.016	0.098	
16.97	0.498	0.006	0.090	
17.00	0.500	-0.002	-0.087	
17.03	0.498	-0.014	0.055	
17.07	0.498	0.007	0.073	
17.10	0.500	-0.003	-0.044	
17.13	0.498	-0.011	0.183	
17.17	0.498	0.016	0.232	
17.20	0.500	0.019	-0.059	
17.23	0.500	0.005	-0.197	
17.27	0.500	-0.000	-0.168	
17.30	0.500	-0.005	-0.116	
17.33	0.500	-0.014	0.079	
17.37	0.498	0.000	0.240	
17.40	0.500	0.016	0.040	
17.43	0.500	0.004	-0.189	
17.47	0.500	-0.004	-0.214	
17.50	0.500	-0.017	-0.053	
17.53	0.498	-0.013	0.233	
17.57	0.498	0.012	0.186	
17.60	0.500	0.005	0.007	
17.63	0.499	-0.003	0.193	
17.67	0.498	0.023	0.245	
17.70	0.501	0.027	-0.045	
17.73	0.501	0.013	-0.171	
17.77	0.501	0.008	-0.092	
17.80	0.501	0.008	-0.019	
17.83	0.502	0.010	-0.026	
17.87	0.502	0.006	-0.053	
17.90	0.502	0.005	-0.049	
17.93	0.502	0.003	-0.041	
17.97	0.502	0.002	-0.035	
18.00	0.503	0.001	-0.046	
18.03	0.502	-0.001	-0.039	
18.07	0.502	-0.002	-0.016	
18.10	0.502	-0.001	-0.020	
18.13	0.502	-0.003	-0.035	
18.17	0.502	-0.004	-0.030	
18.20	0.502	-0.005	-0.021	
18.23	0.502	-0.005	-0.042	
18.27	0.502	-0.006	-0.101	
18.30	0.501	-0.010	-0.171	
18.33	0.502	-0.024	-0.073	
18.37	0.499	-0.022	0.193	
18.40	0.499	0.002	0.147	
18.43	0.501	-0.007	-0.049	
18.47	0.499	-0.016	0.079	
18.50	0.498	0.005	0.064	
18.53	0.500	-0.005	-0.093	
18.57	0.498	-0.015	0.070	
18.60	0.498	0.006	0.085	
18.63	0.500	-0.002	-0.066	
18.67	0.498	-0.011	0.051	
18.70	0.498	0.007	0.033	
18.73	0.500	-0.003	-0.101	
18.77	0.498	-0.013	0.088	
18.80	0.497	0.008	0.148	
18.83	0.499	0.003	0.036	
18.87	0.497	0.004	0.048	
18.90	0.499	0.012	-0.073	
18.93	0.499	0.000	-0.171	
18.97	0.499	-0.011	0.021	
19.00	0.497	0.002	0.199	
19.03	0.499	0.015	0.061	
19.07	0.499	0.006	-0.101	
19.10	0.499	0.002	-0.117	
19.13	0.499	-0.001	-0.136	
19.17	0.500	-0.012	-0.013	
19.20	0.498	-0.001	0.110	
19.23	0.500	0.002	0.078	
19.27	0.498	-0.004	0.199	
19.30	0.499	0.020	0.178	
19.33	0.500	0.021	-0.134	
19.37	0.501	-0.002	-0.135	
19.40	0.499	0.005	0.045	
19.43	0.501	0.014	-0.060	
19.47	0.501	-0.006	-0.000	
19.50	0.499	0.008	0.165	
19.53	0.502	0.019	-0.009	
19.57	0.502	0.006	-0.146	
19.60	0.502	0.002	-0.107	
19.63	0.502	-0.000	-0.057	
19.67	0.502	-0.001	-0.014	
19.70	0.501	-0.001	-0.003	
19.73	0.502	-0.001	-0.022	
19.77	0.501	-0.002	-0.051	
19.80	0.502	-0.004	-0.076	
19.83	0.501	-0.007	-0.089	
19.87	0.501	-0.015	0.023	
19.90	0.499	-0.004	0.099	
19.93	0.501	0.003	-0.110	
19.97	0.501	-0.019	-0.138	
20.00	0.499	-0.019	0.141	
20.03	0.499	0.004	0.110	
20.07	0.501	-0.005	-0.085	
20.10	0.498	-0.016	0.039	
20.13	0.498	0.003	0.050	
20.17	0.500	-0.007	-0.049	
20.20	0.498	-0.014	0.178	
20.23	0.498	0.011	0.232	
20.27	0.500	0.014	-0.033	
20.30	0.499	0.001	-0.125	
20.33	0.499	0.001	-0.083	
20.37	0.499	-0.002	-0.054	
20.40	0.499	-0.004	-0.008	
20.43	0.499	-0.003	0.020	
20.47	0.499	-0.001	0.022	
20.50	0.499	-0.001	0.026	
20.53	0.499	0.000	0.041	
20.57	0.499	0.002	0.038	
20.60	0.499	0.003	0.025	
20.63	0.499	0.004	-0.001	
20.67	0.499	0.003	-0.047	
20.70	0.499	0.002	-0.111	
20.73	0.499	-0.002	-0.197	
20.77	0.500	-0.017	-0.120	
20.80	0.498	-0.017	0.131	
20.83	0.498	-0.002	0.209	
20.87	0.498	0.003	0.114	
20.90	0.498	0.004	0.047	
20.93	0.498	0.005	0.023	
20.97	0.499	0.005	0.041	
21.00	0.498	0.005	0.115	
21.03	0.499	0.011	0.200	
21.07	0.499	0.025	0.114	
21.10	0.501	0.024	-0.117	
21.13	0.501	0.010	-0.176	
21.17	0.501	0.008	-0.120	
21.20	0.501	0.004	-0.082	
21.23	0.501	0.003	-0.043	
21.27	0.502	0.002	-0.037	
21.30	0.501	0.001	-0.050	
21.33	0.502	-0.001	-0.070	
21.37	0.501	-0.003	-0.095	
21.40	0.502	-0.013	0.009	
21.43	0.500	-0.003	0.123	
21.47	0.502	0.007	-0.043	
21.50	0.501	-0.012	-0.070	
21.53	0.500	-0.004	0.050	
21.57	0.501	0.004	-0.126	
21.60	0.501	-0.018	-0.153	
21.63	0.499	-0.018	0.101	
21.67	0.499	0.002	0.058	
21.70	0.500	-0.010	-0.089	
21.73	0.498	-0.019	0.081	
21.77	0.498	0.003	0.085	
21.80	0.500	-0.006	-0.073	
21.83	0.498	-0.016	0.095	
21.87	0.498	0.005	0.148	
21.90	0.499	-0.000	0.059	
21.93	0.497	0.003	0.096	
21.97	0.499	0.014	-0.046	
22.00	0.499	0.002	-0.204	
22.03	0.499	-0.014	-0.007	
22.07	0.497	-0.000	0.227	
22.10	0.499	0.015	0.093	
22.13	0.499	0.006	-0.061	
22.17	0.499	0.004	-0.053	
22.20	0.499	0.004	-0.072	
22.23	0.499	0.001	-0.130	
22.27	0.499	-0.004	-0.202	
22.30	0.500	-0.018	-0.114	
22.33	0.498	-0.017	0.139	
22.37	0.498	-0.002	0.246	
22.40	0.498	0.003	0.227	
22.43	0.498	0.009	0.246	
22.47	0.498	0.024	0.124	
22.50	0.500	0.024	-0.150	
22.53	0.500	0.009	-0.266	
22.57	0.500	0.002	-0.224	
22.60	0.501	-0.011	-0.020	
22.63	0.499	-0.006	0.323	
22.67	0.499	0.023	0.292	
22.70	0.502	0.026	-0.072	
22.73	0.502	0.011	-0.263	
22.77	0.502	-0.004	-0.131	
22.80	0.500	0.004	0.021	
22.83	0.503	0.006	-0.023	
22.87	0.501	-0.005	0.096	
22.90	0.501	0.017	0.076	
22.93	0.504	0.006	-0.116	
22.97	0.501	0.002	-0.137	
23.00	0.504	-0.001	-0.184	
23.03	0.502	-0.016	-0.053	
23.07	0.502	-0.008	0.147	
23.10	0.501	-0.000	0.185	
23.13	0.502	0.012	0.017	
23.17	0.503	-0.000	-0.137	
23.20	0.501	-0.004	-0.077	
23.23	0.503	-0.007	0.030	
23.27	0.501	-0.002	0.131	
23.30	0.502	0.011	-0.004	
23.33	0.502	-0.002	-0.171	
23.37	0.502	-0.007	-0.180	
23.40	0.502	-0.012	-0.187	
23.43	0.501	-0.024	-0.045	
23.47	0.500	-0.022	0.232	
23.50	0.499	0.004	0.184	
23.53	0.501	-0.003	-0.040	
23.57	0.499	-0.013	0.063	
23.60	0.499	0.008	0.022	
23.63	0.501	-0.005	-0.158	
23.67	0.499	-0.016	-0.032	
23.70	0.499	-0.007	0.095	
23.73	0.499	-0.003	0.088	
23.77	0.499	-0.001	0.056	
23.80	0.499	-0.001	0.046	
23.83	0.499	0.000	0.083	
23.87	0.498	0.005	0.106	
23.90	0.499	0.015	-0.066	
23.93	0.500	0.001	-0.228	
23.97	0.499	-0.013	-0.036	
24.00	0.499	-0.002	0.181	
24.03	0.499	0.005	0.234	
24.07	0.499	0.014	0.234	
24.10	0.500	0.026	0.083	
24.13	0.501	0.023	-0.165	
24.17	0.501	0.010	-0.274	
24.20	0.501	0.002	-0.251	
24.23	0.502	-0.012	-0.060	
24.27	0.500	-0.010	0.299	
24.30	0.500	0.019	0.326	
24.33	0.502	0.025	-0.008	
24.37	0.503	0.012	-0.201	
24.40	0.503	0.005	-0.198	
24.43	0.503	0.000	-0.171	
24.47	0.503	-0.013	0.035	
24.50	0.501	0.002	0.229	
24.53	0.503	0.017	0.044	
24.57	0.503	0.004	-0.129	
24.60	0.503	-0.000	-0.098	
24.63	0.503	-0.002	-0.062	
24.67	0.503	-0.004	-0.025	
24.70	0.503	-0.004	0.009	
24.73	0.503	-0.002	0.007	
24.77	0.503	-0.003	-0.016	
24.80	0.503	-0.004	-0.015	
24.83	0.502	-0.004	-0.018	
24.87	0.502	-0.005	-0.045	
24.90	0.502	-0.006	-0.073	
24.93	0.502	-0.009	-0.102	
24.97	0.502	-0.019	0.012	
25.00	0.500	-0.008	0.121	
25.03	0.501	0.002	-0.080	
25.07	0.501	-0.020	-0.128	
25.10	0.499	-0.020	0.151	
25.13	0.499	0.004	0.128	
25.17	0.501	-0.005	-0.060	
25.20	0.499	-0.015	0.076	
25.23	0.498	0.006	0.089	
25.27	0.500	-0.002	-0.044	
25.30	0.498	-0.012	0.170	
25.33	0.498	0.014	0.239	
25.37	0.500	0.018	-0.043	
25.40	0.500	0.005	-0.188	
25.43	0.500	-0.000	-0.170	
25.47	0.500	-0.005	-0.150	
25.50	0.500	-0.015	-0.010	
25.53	0.498	-0.004	0.114	
25.57	0.500	-0.002	0.099	
25.60	0.498	-0.006	0.240	
25.63	0.499	0.020	0.203	
25.67	0.501	0.021	-0.129	
25.70	0.501	-0.003	-0.088	
25.73	0.499	0.007	0.147	
25.77	0.501	0.021	0.048	
25.80	0.501	0.011	-0.086	
25.83	0.502	0.009	-0.079	
25.87	0.502	0.006	-0.072	
25.90	0.502	0.004	-0.052	
25.93	0.502	0.003	-0.030	
25.97	0.502	0.002	-0.018	
26.00	0.502	0.001	0.001	
26.03	0.502	0.002	0.014	
26.07	0.502	0.003	0.010	
26.10	0.502	0.004	-0.012	
26.13	0.503	0.001	-0.026	
26.17	0.502	0.002	-0.034	
26.20	0.503	0.000	-0.069	
26.23	0.502	-0.003	-0.090	
26.27	0.503	-0.006	-0.095	
26.30	0.502	-0.016	0.066	
26.33	0.501	-0.002	0.229	
26.37	0.502	0.012	0.048	
26.40	0.502	0.001	-0.148	
26.43	0.502	-0.005	-0.160	
26.47	0.502	-0.009	-0.148	
26.50	0.502	-0.021	0.019	
26.53	0.500	-0.008	0.176	
26.57	0.501	0.005	-0.006	
26.60	0.501	-0.015	-0.063	
26.63	0.499	-0.007	0.047	
26.67	0.501	0.002	-0.126	
26.70	0.501	-0.021	-0.135	
26.73	0.499	-0.021	0.161	
26.77	0.498	0.003	0.144	
26.80	0.500	-0.005	-0.014	
26.83	0.498	-0.014	0.189	
26.87	0.498	0.012	0.259	
26.90	0.500	0.017	-0.004	
26.93	0.500	0.007	-0.169	
26.97	0.500	0.000	-0.182	
27.00	0.500	-0.004	-0.166	
27.03	0.500	-0.015	-0.035	
27.07	0.498	-0.005	0.049	
27.10	0.500	-0.005	-0.026	
27.13	0.498	-0.014	0.077	
27.17	0.498	-0.000	0.179	
27.20	0.498	0.003	0.165	
27.23	0.498	0.007	0.208	
27.27	0.498	0.022	0.086	
27.30	0.500	0.020	-0.196	
27.33	0.500	-0.004	-0.147	
27.37	0.499	0.005	0.057	
27.40	0.501	0.014	-0.061	
27.43	0.501	-0.006	-0.053	
27.47	0.499	0.004	0.089	
27.50	0.501	0.013	-0.062	
27.53	0.501	-0.008	-0.022	
27.57	0.499	0.004	0.184	
27.60	0.501	0.018	0.067	
27.63	0.502	0.009	-0.059	
27.67	0.501	0.007	-0.037	
27.70	0.502	0.009	-0.059	
27.73	0.502	0.004	-0.102	
27.77	0.502	0.001	-0.122	
27.80	0.502	-0.003	-0.127	
27.83	0.502	-0.015	0.056	
27.87	0.500	0.000	0.236	
27.90	0.502	0.015	0.051	
27.93	0.502	0.003	-0.153	
27.97	0.502	-0.002	-0.175	
28.00	0.502	-0.008	-0.163	
28.03	0.502	-0.019	0.000	
28.07	0.500	-0.008	0.150	
28.10	0.501	0.004	-0.013	
28.13	0.502	-0.015	-0.048	
28.17	0.499	-0.007	0.088	
28.20	0.501	0.003	-0.056	
28.23	0.501	-0.017	-0.062	
28.27	0.499	-0.007	0.067	
28.30	0.500	0.002	-0.107	
28.33	0.500	-0.021	-0.112	
28.37	0.498	-0.019	0.202	
28.40	0.498	0.006	0.217	
28.43	0.500	0.000	0.088	
28.47	0.498	0.003	0.133	
28.50	0.499	0.015	0.031	
28.53	0.500	0.007	-0.108	
28.57	0.500	0.001	-0.085	
28.60	0.499	0.001	-0.043	
28.63	0.500	0.000	-0.026	
28.67	0.499	-0.001	-0.024	
28.70	0.500	-0.000	-0.057	
28.73	0.500	-0.003	-0.119	
28.77	0.500	-0.015	-0.023	
28.80	0.498	-0.004	0.093	
28.83	0.500	-0.003	0.073	
28.87	0.498	-0.008	0.218	
28.90	0.498	0.018	0.193	
28.93	0.500	0.018	-0.134	
28.97	0.500	-0.006	-0.117	
29.00	0.498	0.004	0.069	
29.03	0.501	0.013	-0.056	
29.07	0.500	-0.007	-0.027	
29.10	0.499	0.005	0.141	
29.13	0.501	0.017	-0.022	
29.17	0.501	-0.003	-0.022	
29.20	0.499	0.007	0.164	
29.23	0.502	0.021	0.039	
29.27	0.502	0.010	-0.088	
29.30	0.502	0.009	-0.087	
29.33	0.502	0.005	-0.088	
29.37	0.502	0.002	-0.049	
29.40	0.502	0.002	-0.027	
29.43	0.502	0.001	-0.034	
29.47	0.502	-0.001	-0.031	
29.50	0.502	-0.001	-0.029	
29.53	0.502	-0.002	-0.049	
29.57	0.502	-0.005	-0.038	
29.60	0.502	-0.005	-0.008	
29.63	0.502	-0.004	-0.017	
29.67	0.502	-0.006	-0.041	
29.70	0.501	-0.007	-0.067	
29.73	0.501	-0.009	-0.102	
29.77	0.501	-0.021	0.024	
29.80	0.499	-0.008	0.147	
29.83	0.501	0.004	-0.066	
29.87	0.501	-0.019	-0.127	
29.90	0.498	-0.019	0.141	
29.93	0.499	0.004	0.113	
29.97	0.500	-0.006	-0.056	
30.00	0.498	-0.014	0.084	
30.03	0.498	0.007	0.070	
30.07	0.500	-0.004	-0.074	
30.10	0.498	-0.012	0.096	
30.13	0.498	0.012	0.061	
30.17	0.500	-0.001	-0.120	
30.20	0.498	-0.012	0.078	
30.23	0.498	0.010	0.139	
30.27	0.499	0.004	0.029	
30.30	0.498	0.005	0.052	
30.33	0.499	0.014	-0.075	
30.37	0.500	0.001	-0.183	
30.40	0.499	-0.010	-0.010	
30.43	0.498	0.002	0.129	
30.47	0.500	0.011	-0.023	
30.50	0.500	-0.008	-0.009	
30.53	0.498	0.004	0.140	
30.57	0.500	0.015	-0.027	
30.60	0.500	-0.005	-0.034	
30.63	0.498	0.007	0.109	
30.67	0.501	0.016	-0.047	
30.70	0.501	-0.005	-0.012	
30.73	0.499	0.008	0.171	
30.77	0.501	0.021	0.021	
30.80	0.501	0.009	-0.132	
30.83	0.501	0.005	-0.131	
30.87	0.502	0.002	-0.123	
30.90	0.502	-0.008	0.025	
30.93	0.500	0.002	0.186	
30.97	0.502	0.016	0.044	
31.00	0.502	0.005	-0.113	
31.03	0.502	0.001	-0.100	
31.07	0.502	-0.001	-0.077	
31.10	0.502	-0.003	-0.062	
31.13	0.502	-0.004	-0.068	
31.17	0.502	-0.006	-0.088	
31.20	0.502	-0.018	0.074	
31.23	0.500	-0.003	0.246	
31.27	0.502	0.012	0.066	
31.30	0.501	0.001	-0.126	
31.33	0.501	-0.003	-0.145	
31.37	0.501	-0.007	-0.149	
31.40	0.501	-0.019	0.016	
31.43	0.499	-0.006	0.173	
31.47	0.501	0.007	-0.022	
31.50	0.501	-0.015	-0.064	
31.53	0.499	-0.005	0.060	
31.57	0.500	0.003	-0.125	
31.60	0.500	-0.020	-0.128	
31.63	0.498	-0.020	0.212	
31.67	0.498	0.008	0.221	
31.70	0.500	0.001	0.062	
31.73	0.498	0.003	0.097	
31.77	0.500	0.014	-0.018	
31.80	0.500	0.002	-0.127	
31.83	0.500	-0.002	-0.064	
31.87	0.499	-0.001	-0.011	
31.90	0.500	-0.001	0.002	
31.93	0.499	-0.001	-0.010	
31.97	0.499	-0.000	-0.041	
32.00	0.499	-0.003	-0.072	
32.03	0.500	-0.012	0.069	
32.07	0.498	0.002	0.189	
32.10	0.500	0.014	-0.033	
32.13	0.500	-0.007	-0.098	
32.17	0.498	0.001	0.015	
32.20	0.500	-0.000	0.015	
32.23	0.499	-0.006	0.200	
32.27	0.498	0.020	0.192	
32.30	0.501	0.020	-0.140	
32.33	0.501	-0.004	-0.122	
32.37	0.499	0.006	0.060	
32.40	0.501	0.015	-0.086	
32.43	0.501	-0.008	-0.054	
32.47	0.499	0.004	0.139	
32.50	0.502	0.017	-0.042	
32.53	0.502	-0.005	-0.093	
32.57	0.500	0.003	0.051	
32.60	0.502	0.011	-0.079	
32.63	0.502	-0.010	-0.022	
32.67	0.500	0.002	0.192	
32.70	0.502	0.017	0.060	
32.73	0.502	0.006	-0.084	
32.77	0.502	0.004	-0.064	
32.80	0.502	0.003	-0.054	
32.83	0.502	0.001	-0.042	
32.87	0.502	0.000	-0.030	
32.90	0.502	-0.001	-0.026	
32.93	0.502	-0.002	-0.017	
32.97	0.502	-0.002	-0.006	
33.00	0.502	-0.001	-0.025	
33.03	0.502	-0.003	-0.076	
33.07	0.502	-0.006	-0.119	
33.10	0.502	-0.011	-0.132	
33.13	0.502	-0.022	0.024	
33.17	0.499	-0.009	0.160	
33.20	0.501	0.003	-0.058	
33.23	0.501	-0.020	-0.105	
33.27	0.499	-0.018	0.167	
33.30	0.499	0.005	0.131	
33.33	0.501	-0.003	-0.055	
33.37	0.499	-0.013	0.070	
33.40	0.498	0.008	0.070	
33.43	0.501	-0.002	-0.073	
33.47	0.498	-0.010	0.085	
33.50	0.499	0.012	0.067	
33.53	0.500	0.001	-0.099	
33.57	0.499	-0.010	0.064	
33.60	0.498	0.012	0.064	
33.63	0.501	0.002	-0.100	
33.67	0.499	-0.009	0.064	
33.70	0.499	0.013	0.083	
33.73	0.501	0.004	-0.057	
33.77	0.499	-0.006	0.123	
33.80	0.499	0.018	0.148	
33.83	0.501	0.018	-0.143	
33.87	0.501	-0.005	-0.112	
33.90	0.499	0.004	0.083	
33.93	0.501	0.015	-0.042	
33.97	0.502	-0.006	0.008	
34.00	0.500	0.008	0.217	
34.03	0.502	0.024	0.034	
34.07	0.502	0.010	-0.171	
34.10	0.502	0.005	-0.177	
34.13	0.503	-0.001	-0.154	
34.17	0.503	-0.012	0.052	
34.20	0.501	0.003	0.236	
34.23	0.503	0.017	0.058	
34.27	0.503	0.006	-0.138	
34.30	0.503	0.001	-0.150	
34.33	0.503	-0.002	-0.154	
34.37	0.503	-0.015	-0.010	
34.40	0.501	-0.004	0.134	
34.43	0.503	0.007	-0.042	
34.47	0.503	-0.015	-0.030	
34.50	0.501	-0.003	0.167	
34.53	0.503	0.011	0.012	
34.57	0.502	-0.002	-0.165	
34.60	0.502	-0.008	-0.149	
34.63	0.502	-0.010	-0.120	
34.67	0.502	-0.021	0.057	
34.70	0.499	-0.008	0.260	
34.73	0.501	0.008	0.135	
34.77	0.501	0.001	-0.014	
34.80	0.501	0.002	-0.030	
34.83	0.501	-0.000	-0.042	
34.87	0.501	-0.002	-0.030	
34.90	0.501	-0.002	-0.043	
34.93	0.501	-0.003	-0.092	
34.97	0.501	-0.007	-0.148	
35.00	0.501	-0.020	-0.035	
35.03	0.499	-0.009	0.090	
35.07	0.500	-0.007	0.053	
35.10	0.499	-0.013	0.154	
35.13	0.498	0.010	0.095	
35.17	0.501	-0.001	-0.083	
35.20	0.498	-0.010	0.076	
35.23	0.499	0.012	0.060	
35.27	0.500	0.000	-0.106	
35.30	0.499	-0.010	0.057	
35.33	0.498	0.011	0.072	
35.37	0.501	0.002	-0.074	
35.40	0.499	-0.008	0.081	
35.43	0.499	0.014	0.087	
35.47	0.501	0.006	-0.080	
35.50	0.499	-0.005	0.058	
35.53	0.499	0.015	0.083	
35.57	0.501	0.008	-0.041	
35.60	0.500	-0.002	0.162	
35.63	0.500	0.024	0.214	
35.67	0.502	0.026	-0.073	
35.70	0.502	0.011	-0.182	
35.73	0.502	0.008	-0.130	
35.77	0.503	0.004	-0.093	
35.80	0.503	0.002	-0.076	
35.83	0.503	0.001	-0.088	
35.87	0.503	-0.003	-0.112	
35.90	0.503	-0.014	0.016	
35.93	0.501	-0.002	0.138	
35.97	0.503	0.008	-0.046	
36.00	0.503	-0.013	-0.059	
36.03	0.501	-0.003	0.095	
36.07	0.503	0.008	-0.065	
36.10	0.502	-0.013	-0.082	
36.13	0.501	-0.005	0.043	
36.17	0.502	0.004	-0.137	
36.20	0.502	-0.020	-0.138	
36.23	0.500	-0.020	0.200	
36.27	0.500	0.007	0.214	
36.30	0.502	0.001	0.041	
36.33	0.500	0.001	0.038	
36.37	0.501	0.010	-0.101	
36.40	0.501	-0.011	-0.109	
36.43	0.499	-0.004	0.019	
36.47	0.501	0.004	-0.149	
36.50	0.501	-0.020	-0.148	
36.53	0.499	-0.019	0.155	
36.57	0.499	0.004	0.136	
36.60	0.500	-0.004	-0.043	
36.63	0.499	-0.012	0.068	
36.67	0.498	0.007	0.031	
36.70	0.500	-0.004	-0.123	
36.73	0.498	-0.015	0.054	
36.77	0.498	0.006	0.084	
36.80	0.500	-0.002	-0.048	
36.83	0.498	-0.010	0.107	
36.87	0.498	0.012	0.089	
36.90	0.500	0.002	-0.086	
36.93	0.498	-0.008	0.061	
36.97	0.498	0.013	0.064	
37.00	0.500	0.003	-0.080	
37.03	0.498	-0.006	0.075	
37.07	0.498	0.015	0.069	
37.10	0.501	0.005	-0.085	
37.13	0.499	-0.004	0.075	
37.17	0.499	0.018	0.056	
37.20	0.501	0.006	-0.097	
37.23	0.499	-0.004	0.097	
37.27	0.500	0.019	0.129	
37.30	0.502	0.019	-0.147	
37.33	0.502	-0.005	-0.106	
37.37	0.500	0.004	0.113	
37.40	0.502	0.016	0.020	
37.43	0.502	0.006	-0.097	
37.47	0.502	0.004	-0.073	
37.50	0.502	0.002	-0.050	
37.53	0.502	0.001	-0.027	
37.57	0.502	0.000	-0.014	
37.60	0.502	0.000	-0.016	
37.63	0.502	-0.000	-0.048	
37.67	0.502	-0.002	-0.093	
37.70	0.502	-0.007	-0.105	
37.73	0.502	-0.017	0.067	
37.77	0.500	-0.003	0.230	
37.80	0.502	0.011	0.064	
37.83	0.502	0.002	-0.123	
37.87	0.502	-0.004	-0.133	
37.90	0.501	-0.007	-0.105	
37.93	0.502	-0.015	0.016	
37.97	0.500	-0.005	0.114	
38.00	0.501	0.004	-0.057	
38.03	0.501	-0.016	-0.072	
38.07	0.499	-0.007	0.062	
38.10	0.501	0.002	-0.110	
38.13	0.500	-0.021	-0.123	
38.17	0.498	-0.019	0.158	
38.20	0.498	0.004	0.124	
38.23	0.500	-0.006	-0.048	
38.27	0.498	-0.014	0.094	
38.30	0.498	0.008	0.082	
38.33	0.500	-0.002	-0.073	
38.37	0.498	-0.011	0.075	
38.40	0.498	0.010	0.064	
38.43	0.500	0.000	-0.096	
38.47	0.498	-0.010	0.056	
38.50	0.498	0.011	0.039	
38.53	0.500	0.000	-0.147	
38.57	0.498	-0.012	-0.009	
38.60	0.498	-0.001	0.153	
38.63	0.498	0.004	0.153	
38.67	0.498	0.008	0.140	
38.70	0.498	0.019	-0.010	
38.73	0.500	0.007	-0.140	
38.77	0.499	-0.002	0.006	
38.80	0.499	0.015	0.009	
38.83	0.501	0.004	-0.081	
38.87	0.499	-0.005	0.148	
38.90	0.499	0.020	0.207	
38.93	0.501	0.022	-0.052	
38.97	0.501	0.009	-0.158	
39.00	0.502	0.006	-0.108	
39.03	0.502	0.003	-0.048	
39.07	0.502	0.003	-0.009	
39.10	0.502	0.004	-0.012	
39.13	0.502	0.003	-0.023	
39.17	0.502	0.001	-0.012	
39.20	0.502	0.002	-0.005	
39.23	0.502	0.002	-0.020	
39.27	0.502	0.000	-0.030	
39.30	0.502	-0.000	-0.033	
39.33	0.502	-0.002	-0.027	
39.37	0.502	-0.002	-0.017	
39.40	0.502	-0.003	-0.018	
39.43	0.502	-0.003	-0.029	
39.47	0.502	-0.005	-0.052	
39.50	0.501	-0.007	-0.065	
39.53	0.501	-0.007	-0.111	
39.57	0.502	-0.020	-0.016	
39.60	0.499	-0.010	0.114	
39.63	0.501	0.001	-0.079	
39.67	0.501	-0.021	-0.118	
39.70	0.499	-0.021	0.165	
39.73	0.498	0.003	0.137	
39.77	0.500	-0.005	-0.055	
39.80	0.498	-0.015	0.084	
39.83	0.498	0.006	0.096	
39.87	0.500	-0.001	-0.069	
39.90	0.498	-0.010	0.038	
39.93	0.498	0.007	0.027	
39.97	0.500	-0.004	-0.086	
40.00	0.497	-0.011	0.088	
40.03	0.498	0.010	0.079	
40.07	0.499	0.000	-0.083	
40.10	0.498	-0.009	0.057	
40.13	0.498	0.011	0.049	
40.17	0.500	0.001	-0.094	
40.20	0.498	-0.009	0.066	
40.23	0.498	0.012	0.074	
40.27	0.500	0.003	-0.069	
40.30	0.498	-0.005	0.059	
40.33	0.498	0.013	0.052	
40.37	0.500	0.004	-0.091	
40.40	0.498	-0.006	0.053	
40.43	0.498	0.014	0.063	
40.47	0.501	0.005	-0.054	
40.50	0.499	-0.004	0.159	
40.53	0.499	0.020	0.224	
40.57	0.501	0.024	-0.033	
40.60	0.501	0.012	-0.152	
40.63	0.501	0.008	-0.115	
40.67	0.502	0.005	-0.070	
40.70	0.501	0.004	-0.031	
40.73	0.502	0.004	-0.024	
40.77	0.502	0.003	-0.032	
40.80	0.502	0.001	-0.024	
40.83	0.502	0.001	-0.027	
40.87	0.502	-0.000	-0.046	
40.90	0.502	-0.002	-0.066	
40.93	0.502	-0.004	-0.088	
40.97	0.502	-0.007	-0.089	
41.00	0.502	-0.017	0.076	
41.03	0.500	-0.003	0.244	
41.07	0.501	0.013	0.051	
41.10	0.502	0.000	-0.174	
41.13	0.501	-0.006	-0.208	
41.17	0.501	-0.012	-0.229	
41.20	0.501	-0.026	-0.115	
41.23	0.499	-0.025	0.130	
41.27	0.499	-0.010	0.199	
41.30	0.499	-0.006	0.111	
41.33	0.498	-0.005	0.064	
41.37	0.498	-0.002	0.025	
41.40	0.498	-0.003	-0.011	
41.43	0.498	-0.005	0.012	
41.47	0.498	-0.003	0.065	
41.50	0.498	-0.001	0.100	
41.53	0.498	0.004	0.100	
41.57	0.498	0.013	-0.057	
41.60	0.499	-0.002	-0.137	
41.63	0.498	-0.011	0.150	
41.67	0.497	0.015	0.252	
41.70	0.499	0.020	-0.025	
41.73	0.499	0.007	-0.184	
41.77	0.499	0.002	-0.199	
41.80	0.499	-0.003	-0.220	
41.83	0.500	-0.016	-0.115	
41.87	0.498	-0.017	0.151	
41.90	0.498	-0.002	0.285	
41.93	0.498	0.007	0.243	
41.97	0.498	0.021	0.038	
42.00	0.500	0.009	-0.146	
42.03	0.499	-0.003	0.020	
42.07	0.499	0.017	0.056	
42.10	0.501	0.007	-0.059	
42.13	0.499	-0.001	0.122	
42.17	0.499	0.022	0.121	
42.20	0.502	0.021	-0.185	
42.23	0.502	-0.005	-0.125	
42.27	0.500	0.004	0.126	
42.30	0.502	0.018	0.029	
42.33	0.502	0.008	-0.116	
42.37	0.502	0.004	-0.108	
42.40	0.502	0.000	-0.072	
42.43	0.502	-0.001	-0.024	
42.47	0.502	-0.001	-0.004	
42.50	0.502	-0.001	-0.006	
42.53	0.502	-0.002	0.003	
42.57	0.502	-0.001	0.020	
42.60	0.502	0.002	-0.015	
42.63	0.502	-0.001	-0.084	
42.67	0.502	-0.004	-0.145	
42.70	0.502	-0.010	-0.189	
42.73	0.502	-0.025	-0.010	
42.77	0.500	-0.019	0.346	
42.80	0.500	0.012	0.334	
42.83	0.502	0.016	-0.017	
42.87	0.501	0.002	-0.172	
42.90	0.501	-0.002	-0.137	
42.93	0.501	-0.005	-0.116	
42.97	0.501	-0.008	-0.131	
43.00	0.501	-0.012	-0.165	
43.03	0.501	-0.025	-0.039	
43.07	0.498	-0.021	0.216	
43.10	0.498	0.003	0.111	
43.13	0.500	-0.008	-0.130	
43.17	0.498	-0.021	0.024	
43.20	0.498	-0.009	0.246	
43.23	0.498	0.001	0.321	
43.27	0.497	0.020	0.174	
43.30	0.499	0.020	-0.167	
43.33	0.499	0.001	-0.298	
43.37	0.499	-0.013	-0.090	
43.40	0.498	-0.003	0.107	
43.43	0.499	0.001	0.117	
43.47	0.498	0.005	0.082	
43.50	0.499	0.015	-0.151	
43.53	0.500	-0.011	-0.217	
43.57	0.498	-0.014	0.105	
43.60	0.498	0.002	0.298	
43.63	0.498	0.012	0.298	
43.67	0.499	0.027	0.108	
43.70	0.501	0.025	-0.244	
43.73	0.501	0.005	-0.394	
43.77	0.501	-0.015	-0.142	
43.80	0.499	-0.011	0.279	
43.83	0.499	0.018	0.309	
43.87	0.501	0.022	-0.018	
43.90	0.501	0.009	-0.170	
43.93	0.502	0.004	-0.127	
43.97	0.501	0.001	-0.055	
44.00	0.502	0.001	-0.003	
44.03	0.501	0.002	0.004	
44.07	0.502	0.002	-0.033	
44.10	0.502	-0.000	-0.067	
44.13	0.502	-0.002	-0.093	
44.17	0.502	-0.013	0.053	
44.20	0.500	0.000	0.223	
44.23	0.502	0.014	0.070	
44.27	0.502	0.005	-0.092	
44.30	0.502	0.001	-0.093	
44.33	0.502	-0.001	-0.076	
44.37	0.502	-0.004	-0.045	
44.40	0.501	-0.004	-0.015	
44.43	0.502	-0.004	-0.019	
44.47	0.501	-0.005	-0.063	
44.50	0.501	-0.007	-0.132	
44.53	0.501	-0.012	-0.191	
44.57	0.501	-0.027	-0.051	
44.60	0.498	-0.023	0.247	
44.63	0.499	0.004	0.197	
44.67	0.500	-0.004	0.002	
44.70	0.498	-0.011	0.130	
44.73	0.498	0.010	0.115	
44.77	0.500	0.008	-0.171	
44.80	0.499	-0.014	-0.148	
44.83	0.498	-0.006	0.026	
44.87	0.499	-0.006	0.082	
44.90	0.498	-0.008	0.274	
44.93	0.498	0.018	0.276	
44.97	0.500	0.023	-0.032	
45.00	0.500	0.009	-0.172	
45.03	0.500	0.004	-0.124	
45.07	0.500	0.003	-0.093	
45.10	0.500	0.001	-0.123	
45.13	0.500	-0.004	-0.168	
45.17	0.500	-0.017	-0.033	
45.20	0.498	-0.013	0.244	
45.23	0.498	0.013	0.168	
45.27	0.501	0.004	-0.057	
45.30	0.499	-0.006	0.054	
45.33	0.499	0.015	0.004	
45.37	0.501	0.002	-0.184	
45.40	0.499	-0.012	-0.019	
45.43	0.499	-0.000	0.170	
45.47	0.500	0.006	0.192	
45.50	0.500	0.012	0.184	
45.53	0.500	0.024	0.034	
45.57	0.502	0.019	-0.209	
45.60	0.502	-0.004	-0.099	
45.63	0.500	0.007	0.151	
45.67	0.502	0.021	0.021	
45.70	0.503	0.009	-0.136	
45.73	0.502	0.004	-0.114	
45.77	0.503	0.002	-0.088	
45.80	0.503	0.000	-0.095	
45.83	0.503	-0.004	-0.126	
45.87	0.502	-0.008	-0.161	
45.90	0.503	-0.020	-0.051	
45.93	0.500	-0.011	0.076	
45.97	0.502	-0.009	0.053	
46.00	0.500	-0.015	0.183	
46.03	0.500	0.009	0.143	
46.07	0.502	0.008	-0.216	
46.10	0.502	-0.019	-0.229	
46.13	0.499	-0.021	0.099	
46.17	0.499	0.002	0.094	
46.20	0.501	-0.007	-0.114	
46.23	0.499	-0.019	-0.011	
46.27	0.499	-0.008	0.136	
46.30	0.499	-0.004	0.154	
46.33	0.498	0.001	0.160	
46.37	0.498	0.013	0.005	
46.40	0.500	0.000	-0.126	
46.43	0.498	-0.008	0.038	
46.47	0.498	0.011	0.029	
46.50	0.500	0.000	-0.125	
46.53	0.498	-0.011	0.028	
46.57	0.498	0.008	0.040	
46.60	0.500	-0.002	-0.088	
46.63	0.498	-0.011	0.080	
46.67	0.498	0.011	0.081	
46.70	0.500	0.002	-0.084	
46.73	0.498	-0.008	0.053	
46.77	0.498	0.011	0.057	
46.80	0.500	0.002	-0.087	
46.83	0.498	-0.008	0.070	
46.87	0.499	0.013	0.079	
46.90	0.501	0.005	-0.068	
46.93	0.499	-0.005	0.109	
46.97	0.499	0.018	0.150	
47.00	0.501	0.012	0.028	
47.03	0.499	0.012	0.062	
47.07	0.502	0.021	-0.034	
47.10	0.502	0.010	-0.117	
47.13	0.502	0.007	-0.063	
47.17	0.502	0.007	-0.034	
47.20	0.502	0.007	-0.053	
47.23	0.503	0.003	-0.056	
47.27	0.502	0.002	-0.030	
47.30	0.503	0.002	-0.028	
47.33	0.503	0.001	-0.029	
47.37	0.503	-0.000	-0.033	
47.40	0.503	-0.001	-0.045	
47.43	0.503	-0.004	-0.037	
47.47	0.502	-0.004	-0.008	
47.50	0.502	-0.004	0.001	
47.53	0.502	-0.004	0.002	
47.57	0.502	-0.003	-0.003	
47.60	0.502	-0.004	-0.022	
47.63	0.502	-0.006	-0.011	
47.67	0.501	-0.005	0.010	
47.70	0.502	-0.004	-0.001	
47.73	0.501	-0.005	-0.036	
47.77	0.501	-0.006	-0.067	
47.80	0.501	-0.008	-0.092	
47.83	0.501	-0.019	0.029	
47.87	0.499	-0.006	0.136	
47.90	0.501	0.004	-0.077	
47.93	0.500	-0.019	-0.105	
47.97	0.498	-0.016	0.166	
48.00	0.499	0.006	0.109	
48.03	0.500	-0.004	-0.069	
48.07	0.498	-0.013	0.098	
48.10	0.498	0.009	0.135	
48.13	0.500	0.001	0.038	
48.17	0.498	0.004	0.098	
48.20	0.500	0.015	-0.019	
48.23	0.500	0.003	-0.148	
48.27	0.500	0.000	-0.159	
48.30	0.500	-0.005	-0.184	
48.33	0.500	-0.018	-0.044	
48.37	0.498	-0.015	0.236	
48.40	0.498	0.011	0.181	
48.43	0.500	0.003	-0.033	
48.47	0.498	-0.006	0.088	
48.50	0.498	0.015	0.081	
48.53	0.501	0.006	-0.045	
48.57	0.499	-0.002	0.159	
48.60	0.499	0.022	0.201	
48.63	0.501	0.024	-0.063	
48.67	0.501	0.010	-0.159	
48.70	0.501	0.007	-0.086	
48.73	0.502	0.007	-0.053	
48.77	0.502	0.004	-0.042	
48.80	0.502	0.004	-0.034	
48.83	0.502	0.003	-0.037	
48.87	0.502	0.001	-0.023	
48.90	0.502	0.001	-0.019	
48.93	0.502	0.000	-0.020	
48.97	0.502	-0.001	-0.001	
49.00	0.502	0.001	-0.001	
49.03	0.502	-0.000	-0.020	
49.07	0.502	-0.001	-0.018	
49.10	0.502	-0.001	-0.017	
49.13	0.502	-0.002	-0.017	
49.17	0.502	-0.003	0.007	
49.20	0.502	-0.001	0.010	
49.23	0.502	-0.001	-0.024	
49.27	0.502	-0.003	-0.054	
49.30	0.502	-0.005	-0.082	
49.33	0.501	-0.008	-0.110	
49.37	0.501	-0.019	0.022	
49.40	0.499	-0.007	0.156	
49.43	0.501	0.004	-0.010	
49.47	0.501	-0.015	-0.015	
49.50	0.499	-0.002	0.107	
49.53	0.501	0.006	-0.076	
49.57	0.500	-0.016	-0.072	
49.60	0.498	-0.006	0.104	
49.63	0.500	0.005	-0.026	
49.67	0.500	-0.014	-0.030	
49.70	0.498	-0.004	0.126	
49.73	0.500	0.008	-0.020	
49.77	0.500	-0.011	-0.029	
49.80	0.498	-0.001	0.125	
49.83	0.499	0.010	-0.025	
49.87	0.500	-0.009	-0.047	
49.90	0.498	0.001	0.072	
49.93	0.500	0.009	-0.104	
49.97	0.500	-0.013	-0.113	
50.00	0.498	-0.011	0.172	
50.03	0.498	0.013	0.127	
50.07	0.500	0.003	-0.074	
50.10	0.498	-0.007	0.062	
50.13	0.498	0.014	0.054	
50.17	0.500	0.003	-0.097	
50.20	0.499	-0.007	0.078	
50.23	0.499	0.016	0.089	
50.27	0.501	0.007	-0.076	
50.30	0.499	-0.005	0.090	
50.33	0.499	0.018	0.127	
50.37	0.501	0.018	-0.152	
50.40	0.501	-0.006	-0.094	
50.43	0.500	0.004	0.142	
50.47	0.501	0.018	0.038	
50.50	0.502	0.008	-0.103	
50.53	0.502	0.004	-0.086	
50.57	0.502	0.002	-0.051	
50.60	0.502	0.001	-0.016	
50.63	0.502	0.002	-0.011	
50.67	0.502	0.001	-0.035	
50.70	0.502	-0.001	-0.062	
50.73	0.502	-0.002	-0.091	
50.77	0.502	-0.006	-0.122	
50.80	0.502	-0.018	0.016	
50.83	0.500	-0.005	0.148	
50.87	0.502	0.006	-0.042	
50.90	0.502	-0.015	-0.061	
50.93	0.499	-0.006	0.095	
50.97	0.501	0.004	-0.043	
51.00	0.501	-0.015	-0.034	
51.03	0.499	-0.003	0.064	
51.07	0.501	0.003	-0.140	
51.10	0.500	-0.020	-0.136	
51.13	0.498	-0.019	0.186	
51.17	0.498	0.005	0.200	
51.20	0.500	-0.001	0.050	
51.23	0.498	0.002	0.043	
51.27	0.500	0.009	-0.110	
51.30	0.500	-0.013	-0.078	
51.33	0.498	-0.002	0.107	
51.37	0.499	0.008	-0.030	
51.40	0.500	-0.011	-0.026	
51.43	0.497	0.000	0.121	
51.47	0.500	0.011	-0.037	
51.50	0.499	-0.009	-0.055	
51.53	0.498	0.001	0.065	
51.57	0.499	0.009	-0.116	
51.60	0.500	-0.013	-0.134	
51.63	0.498	-0.013	0.155	
51.67	0.498	0.011	0.129	
51.70	0.500	0.001	-0.045	
51.73	0.498	-0.007	0.107	
51.77	0.498	0.016	0.104	
51.80	0.500	0.008	-0.088	
51.83	0.499	-0.004	0.035	
51.87	0.499	0.016	0.043	
51.90	0.501	0.005	-0.081	
51.93	0.499	-0.004	0.111	
51.97	0.499	0.019	0.140	
52.00	0.501	0.019	-0.135	
52.03	0.501	-0.004	-0.084	
52.07	0.499	0.006	0.134	
52.10	0.502	0.019	0.026	
52.13	0.502	0.008	-0.107	
52.17	0.502	0.005	-0.101	
52.20	0.502	0.002	-0.081	
52.23	0.502	-0.001	-0.035	
52.27	0.502	0.000	-0.006	
52.30	0.502	0.001	-0.021	
52.33	0.502	-0.002	-0.038	
52.37	0.502	-0.003	-0.033	
52.40	0.502	-0.004	-0.027	
52.43	0.502	-0.005	0.005	
52.47	0.501	-0.004	0.042	
52.50	0.501	0.000	-0.002	
52.53	0.502	-0.003	-0.072	
52.57	0.501	-0.006	-0.095	
52.60	0.501	-0.009	-0.108	
52.63	0.501	-0.020	0.045	
52.67	0.499	-0.006	0.198	
52.70	0.501	0.007	0.018	
52.73	0.501	-0.013	0.013	
52.77	0.498	-0.000	0.195	
52.80	0.501	0.014	0.045	
52.83	0.500	0.003	-0.110	
52.87	0.500	-0.002	-0.068	
52.90	0.500	-0.001	-0.026	
52.93	0.500	-0.001	-0.051	
52.97	0.500	-0.003	-0.123	
53.00	0.500	-0.007	-0.209	
53.03	0.500	-0.023	-0.124	
53.07	0.498	-0.024	0.179	
53.10	0.498	-0.006	0.346	
53.13	0.498	0.005	0.340	
53.17	0.498	0.021	0.194	
53.20	0.500	0.022	-0.080	
53.23	0.500	0.008	-0.156	
53.27	0.500	0.007	-0.089	
53.30	0.500	0.005	-0.055	
53.33	0.500	0.003	-0.023	
53.37	0.501	0.003	0.002	
53.40	0.501	0.004	0.014	
53.43	0.501	0.004	0.028	
53.47	0.501	0.006	0.044	
53.50	0.501	0.008	0.021	
53.53	0.501	0.008	-0.020	
53.57	0.502	0.006	-0.056	
53.60	0.502	0.005	-0.098	
53.63	0.502	-0.000	-0.117	
53.67	0.502	-0.012	0.073	
53.70	0.500	0.005	0.252	
53.73	0.502	0.020	0.060	
53.77	0.503	0.008	-0.127	
53.80	0.503	0.003	-0.100	
53.83	0.503	0.001	-0.041	
53.87	0.503	0.002	-0.018	
53.90	0.503	0.001	-0.044	
53.93	0.503	-0.002	-0.052	
53.97	0.503	-0.004	-0.018	
54.00	0.502	-0.004	0.024	
54.03	0.502	-0.000	0.016	
54.07	0.503	-0.002	-0.015	
54.10	0.502	-0.002	-0.019	
54.13	0.502	-0.003	-0.026	
54.17	0.502	-0.004	-0.044	
54.20	0.502	-0.005	-0.079	
54.23	0.502	-0.008	-0.113	
54.27	0.502	-0.020	0.032	
54.30	0.500	-0.007	0.181	
54.33	0.502	0.006	-0.000	
54.37	0.501	-0.014	-0.041	
54.40	0.499	-0.003	0.058	
54.43	0.501	0.004	-0.142	
54.47	0.501	-0.020	-0.153	
54.50	0.499	-0.019	0.139	
54.53	0.499	0.003	0.110	
54.57	0.500	-0.006	-0.059	
54.60	0.498	-0.016	0.118	
54.63	0.498	0.007	0.164	
54.67	0.500	0.002	0.029	
54.70	0.498	0.003	0.014	
54.73	0.500	0.010	-0.155	
54.77	0.500	-0.013	-0.147	
54.80	0.498	-0.012	0.157	
54.83	0.498	0.011	0.141	
54.87	0.500	0.004	-0.048	
54.90	0.499	-0.006	0.059	
54.93	0.498	0.014	0.058	
54.97	0.501	0.003	-0.047	
55.00	0.499	-0.004	0.180	
55.03	0.499	0.022	0.227	
55.07	0.501	0.024	-0.051	
55.10	0.501	0.011	-0.176	
55.13	0.501	0.006	-0.129	
55.17	0.502	0.003	-0.059	
55.20	0.501	0.003	-0.012	
55.23	0.502	0.004	-0.009	
55.27	0.502	0.003	-0.016	
55.30	0.502	0.002	0.000	
55.33	0.502	0.003	-0.000	
55.37	0.502	0.002	-0.018	
55.40	0.502	0.001	-0.008	
55.43	0.502	0.002	0.004	
55.47	0.502	0.001	0.017	
55.50	0.502	0.004	0.011	
55.53	0.502	0.003	-0.011	
55.57	0.502	0.002	-0.020	
55.60	0.503	0.001	-0.021	
55.63	0.502	0.001	-0.030	
55.67	0.503	-0.001	-0.046	
55.70	0.502	-0.003	-0.027	
55.73	0.502	-0.003	-0.004	
55.77	0.502	-0.002	-0.017	
55.80	0.502	-0.004	-0.023	
55.83	0.502	-0.004	-0.009	
55.87	0.502	-0.004	-0.017	
55.90	0.502	-0.005	-0.055	
55.93	0.502	-0.007	-0.096	
55.97	0.501	-0.011	-0.121	
56.00	0.501	-0.022	0.028	
56.03	0.499	-0.009	0.157	
56.07	0.501	0.003	-0.067	
56.10	0.501	-0.020	-0.122	
56.13	0.499	-0.019	0.158	
56.17	0.498	0.004	0.138	
56.20	0.500	-0.005	-0.017	
56.23	0.498	-0.011	0.119	
56.27	0.498	0.012	0.036	
56.30	0.500	-0.002	-0.183	
56.33	0.498	-0.015	-0.028	
56.37	0.498	-0.004	0.141	
56.40	0.498	0.001	0.156	
56.43	0.498	0.006	0.146	
56.47	0.498	0.017	-0.030	
56.50	0.500	0.003	-0.168	
56.53	0.498	-0.008	0.034	
56.57	0.499	0.013	0.066	
56.60	0.500	0.003	-0.075	
56.63	0.499	-0.005	0.080	
56.67	0.499	0.015	0.087	
56.70	0.501	0.006	-0.038	
56.73	0.499	0.006	-0.023	
56.77	0.501	0.012	-0.159	
56.80	0.501	-0.010	-0.127	
56.83	0.499	-0.010	0.199	
56.87	0.499	0.015	0.214	
56.90	0.501	0.017	-0.078	
56.93	0.501	-0.003	-0.059	
56.97	0.500	0.006	0.136	
57.00	0.502	0.018	0.042	
57.03	0.502	0.010	-0.096	
57.07	0.502	0.005	-0.091	
57.10	0.502	0.004	-0.062	
57.13	0.502	0.002	-0.048	
57.17	0.502	0.001	-0.036	
57.20	0.502	0.000	-0.026	
57.23	0.502	-0.001	-0.028	
57.27	0.502	-0.002	-0.029	
57.30	0.502	-0.003	-0.031	
57.33	0.502	-0.003	-0.065	
57.37	0.502	-0.006	-0.102	
57.40	0.502	-0.010	-0.110	
57.43	0.502	-0.021	0.043	
57.47	0.500	-0.007	0.180	
57.50	0.501	0.005	-0.016	
57.53	0.501	-0.016	-0.049	
57.57	0.499	-0.006	0.097	
57.60	0.501	0.004	-0.045	
57.63	0.500	-0.015	-0.036	
57.67	0.499	-0.004	0.081	
57.70	0.500	0.004	-0.110	
57.73	0.500	-0.019	-0.104	
57.77	0.498	-0.016	0.202	
57.80	0.498	0.010	0.136	
57.83	0.500	-0.002	-0.074	
57.87	0.498	-0.010	0.054	
57.90	0.498	0.010	0.024	
57.93	0.500	-0.003	-0.115	
57.97	0.498	-0.012	0.056	
58.00	0.498	0.008	0.061	
58.03	0.500	-0.001	-0.078	
58.07	0.498	-0.010	0.065	
58.10	0.498	0.010	0.045	
58.13	0.500	-0.001	-0.095	
58.17	0.498	-0.010	0.082	
58.20	0.498	0.012	0.080	
58.23	0.500	0.002	-0.088	
58.27	0.498	-0.008	0.061	
58.30	0.498	0.013	0.064	
58.33	0.500	0.003	-0.080	
58.37	0.498	-0.006	0.075	
58.40	0.498	0.015	0.071	
58.43	0.501	0.005	-0.077	
58.47	0.499	-0.004	0.110	
58.50	0.499	0.020	0.128	
58.53	0.501	0.011	-0.006	
58.57	0.499	0.010	0.054	
58.60	0.502	0.020	-0.039	
58.63	0.502	0.009	-0.144	
58.67	0.502	0.005	-0.103	
58.70	0.502	0.003	-0.060	
58.73	0.502	0.002	-0.039	
58.77	0.502	0.000	-0.039	
58.80	0.502	-0.001	-0.041	
58.83	0.502	-0.002	-0.038	
58.87	0.502	-0.004	-0.015	
58.90	0.502	-0.003	-0.001	
58.93	0.502	-0.003	-0.005	
58.97	0.501	-0.004	-0.000	
59.00	0.501	-0.003	0.002	
59.03	0.501	-0.003	-0.015	
59.07	0.501	-0.004	-0.043	
59.10	0.501	-0.005	-0.078	
59.13	0.501	-0.009	-0.093	
59.17	0.501	-0.019	0.060	
59.20	0.499	-0.005	0.189	
59.23	0.500	0.007	0.005	
59.27	0.501	-0.011	-0.043	
59.30	0.499	-0.003	0.086	
59.33	0.500	0.007	-0.062	
59.37	0.500	-0.014	-0.068	
59.40	0.498	-0.004	0.094	
59.43	0.500	0.006	-0.040	
59.47	0.500	-0.013	-0.034	
59.50	0.498	-0.003	0.112	
59.53	0.500	0.008	-0.045	
59.57	0.500	-0.013	-0.019	
59.60	0.497	-0.002	0.192	
59.63	0.499	0.013	0.072	
59.67	0.499	0.004	-0.104	
59.70	0.499	0.000	-0.132	
59.73	0.499	-0.005	-0.115	
59.77	0.499	-0.014	0.048	
59.80	0.497	0.000	0.150	
59.83	0.500	0.010	-0.068	
59.87	0.499	-0.012	-0.096	
59.90	0.498	-0.009	0.168	
59.93	0.498	0.014	0.051	
59.97	0.500	0.005	-0.326	
60.00	0.498	-0.022	-0.605	
