Vernier Format 2
1.5.txt 1/28/2019 19:50:49
Run 1
Time	Position	Velocity	Acceleration	
T	P	V	A	
s	m	m/s	m/s^2	

0.00	0.499	0.022	0.038	
0.03	0.499	0.026	-0.071	
0.07	0.501	0.021	-0.194	
0.10	0.501	0.009	-0.217	
0.13	0.501	0.003	-0.132	
0.17	0.501	0.002	-0.070	
0.20	0.501	-0.000	-0.058	
0.23	0.501	-0.002	-0.077	
0.27	0.501	-0.004	-0.135	
0.30	0.501	-0.009	-0.217	
0.33	0.501	-0.024	-0.149	
0.37	0.499	-0.025	0.086	
0.40	0.499	-0.013	0.187	
0.43	0.498	-0.007	0.123	
0.47	0.499	-0.005	0.061	
0.50	0.498	-0.005	0.060	
0.53	0.498	-0.003	0.125	
0.57	0.498	0.002	0.210	
0.60	0.498	0.017	0.124	
0.63	0.499	0.016	-0.115	
0.67	0.499	0.002	-0.172	
0.70	0.499	-0.001	-0.078	
0.73	0.499	-0.001	-0.019	
0.77	0.499	-0.001	-0.004	
0.80	0.499	-0.001	0.005	
0.83	0.499	-0.000	0.014	
0.87	0.499	0.000	-0.006	
0.90	0.499	-0.000	-0.032	
0.93	0.499	-0.000	-0.080	
0.97	0.499	-0.012	0.024	
1.00	0.497	0.001	0.124	
1.03	0.500	0.010	-0.117	
1.07	0.499	-0.013	-0.196	
1.10	0.498	-0.016	0.060	
1.13	0.498	-0.003	0.184	
1.17	0.498	0.003	0.125	
1.20	0.498	0.005	0.041	
1.23	0.498	0.004	-0.006	
1.27	0.498	0.003	0.016	
1.30	0.499	0.003	0.105	
1.33	0.498	0.009	0.178	
1.37	0.499	0.023	0.023	
1.40	0.501	0.019	-0.311	
1.43	0.501	-0.011	-0.277	
1.47	0.499	-0.014	0.127	
1.50	0.499	0.005	0.327	
1.53	0.499	0.023	0.098	
1.57	0.502	0.019	-0.323	
1.60	0.501	-0.013	-0.349	
1.63	0.500	-0.018	-0.001	
1.67	0.500	-0.005	0.168	
1.70	0.500	0.002	0.080	
1.73	0.500	0.000	-0.031	
1.77	0.500	-0.004	-0.020	
1.80	0.500	-0.005	0.091	
1.83	0.499	0.001	0.209	
1.87	0.499	0.017	0.123	
1.90	0.501	0.016	-0.136	
1.93	0.501	0.001	-0.249	
1.97	0.501	-0.005	-0.233	
2.00	0.501	-0.011	-0.239	
2.03	0.500	-0.025	-0.117	
2.07	0.498	-0.025	0.140	
2.10	0.498	-0.009	0.220	
2.13	0.498	-0.004	0.127	
2.17	0.498	-0.003	0.053	
2.20	0.498	-0.002	0.021	
2.23	0.498	-0.002	0.025	
2.27	0.498	-0.001	0.045	
2.30	0.498	0.000	0.087	
2.33	0.498	0.002	0.170	
2.37	0.497	0.016	0.126	
2.40	0.499	0.018	-0.090	
2.43	0.499	0.004	-0.162	
2.47	0.499	0.002	-0.100	
2.50	0.499	-0.001	-0.042	
2.53	0.499	-0.000	0.002	
2.57	0.499	0.000	0.009	
2.60	0.499	0.001	-0.011	
2.63	0.499	0.001	-0.072	
2.67	0.499	-0.002	-0.137	
2.70	0.500	-0.016	0.003	
2.73	0.498	-0.011	0.334	
2.77	0.498	0.019	0.310	
2.80	0.500	0.024	-0.092	
2.83	0.500	0.007	-0.320	
2.87	0.500	-0.012	-0.135	
2.90	0.499	-0.010	0.270	
2.93	0.499	0.019	0.321	
2.97	0.501	0.025	-0.010	
3.00	0.501	0.011	-0.184	
3.03	0.501	0.005	-0.139	
3.07	0.501	0.003	-0.069	
3.10	0.501	0.002	-0.035	
3.13	0.501	0.001	-0.018	
3.17	0.501	0.000	0.003	
3.20	0.501	0.001	0.017	
3.23	0.501	0.003	-0.006	
3.27	0.502	0.001	-0.030	
3.30	0.501	-0.000	-0.034	
3.33	0.502	-0.001	-0.047	
3.37	0.501	-0.002	-0.076	
3.40	0.502	-0.005	-0.121	
3.43	0.501	-0.017	0.004	
3.47	0.500	-0.005	0.118	
3.50	0.501	-0.001	0.018	
3.53	0.500	-0.004	-0.080	
3.57	0.501	-0.009	-0.094	
3.60	0.499	-0.018	0.114	
3.63	0.499	-0.001	0.291	
3.67	0.499	0.015	0.086	
3.70	0.501	0.010	-0.258	
3.73	0.501	-0.016	-0.232	
3.77	0.499	-0.016	0.087	
3.80	0.499	0.004	0.078	
3.83	0.500	-0.007	-0.031	
3.87	0.498	-0.013	0.194	
3.90	0.498	0.012	0.249	
3.93	0.500	0.016	-0.021	
3.97	0.500	0.005	-0.169	
4.00	0.500	0.001	-0.199	
4.03	0.500	-0.006	-0.240	
4.07	0.500	-0.020	-0.131	
4.10	0.498	-0.020	0.117	
4.13	0.498	-0.006	0.204	
4.17	0.498	-0.001	0.132	
4.20	0.498	0.001	0.071	
4.23	0.498	0.003	0.017	
4.27	0.498	0.002	-0.020	
4.30	0.498	-0.000	-0.001	
4.33	0.498	0.002	0.032	
4.37	0.498	0.002	0.065	
4.40	0.498	0.005	0.129	
4.43	0.499	0.010	0.192	
4.47	0.499	0.023	0.099	
4.50	0.501	0.022	-0.122	
4.53	0.500	0.009	-0.180	
4.57	0.501	0.005	-0.091	
4.60	0.501	0.004	-0.030	
4.63	0.501	0.004	-0.015	
4.67	0.501	0.003	-0.008	
4.70	0.501	0.003	0.010	
4.73	0.501	0.004	0.016	
4.77	0.502	0.005	0.006	
4.80	0.501	0.004	0.003	
4.83	0.502	0.006	-0.033	
4.87	0.502	0.002	-0.059	
4.90	0.502	0.001	-0.036	
4.93	0.502	0.000	-0.026	
4.97	0.502	-0.000	-0.046	
5.00	0.502	-0.002	-0.087	
5.03	0.502	-0.006	-0.098	
5.07	0.502	-0.015	0.056	
5.10	0.500	-0.003	0.200	
5.13	0.502	0.010	0.041	
5.17	0.501	-0.000	-0.133	
5.20	0.501	-0.005	-0.152	
5.23	0.501	-0.010	-0.157	
5.27	0.501	-0.020	-0.036	
5.30	0.499	-0.010	0.036	
5.33	0.501	-0.011	-0.052	
5.37	0.499	-0.022	0.048	
5.40	0.499	-0.008	0.150	
5.43	0.498	-0.005	0.087	
5.47	0.498	-0.004	0.046	
5.50	0.498	-0.003	0.030	
5.53	0.498	-0.002	0.030	
5.57	0.498	-0.001	0.036	
5.60	0.498	0.002	0.001	
5.63	0.498	-0.001	-0.030	
5.67	0.498	-0.002	-0.008	
5.70	0.498	-0.002	0.046	
5.73	0.498	-0.000	0.135	
5.77	0.498	0.006	0.218	
5.80	0.498	0.020	0.122	
5.83	0.500	0.020	-0.156	
5.87	0.500	0.005	-0.306	
5.90	0.500	-0.004	-0.303	
5.93	0.500	-0.019	-0.157	
5.97	0.498	-0.020	0.148	
6.00	0.498	-0.005	0.338	
6.03	0.498	0.007	0.365	
6.07	0.498	0.025	0.204	
6.10	0.500	0.025	-0.092	
6.13	0.500	0.011	-0.195	
6.17	0.500	0.007	-0.126	
6.20	0.500	0.005	-0.066	
6.23	0.501	0.003	-0.029	
6.27	0.501	0.003	-0.003	
6.30	0.501	0.003	0.016	
6.33	0.501	0.004	0.028	
6.37	0.501	0.007	-0.011	
6.40	0.501	0.003	-0.055	
6.43	0.501	0.001	-0.044	
6.47	0.501	0.000	-0.021	
6.50	0.501	0.000	-0.008	
6.53	0.501	0.000	-0.012	
6.57	0.501	-0.000	-0.043	
6.60	0.501	-0.002	-0.084	
6.63	0.501	-0.006	-0.098	
6.67	0.501	-0.015	0.035	
6.70	0.499	-0.003	0.136	
6.73	0.501	0.006	-0.059	
6.77	0.501	-0.013	-0.104	
6.80	0.499	-0.006	-0.018	
6.83	0.501	-0.008	-0.075	
6.87	0.499	-0.017	0.011	
6.90	0.499	-0.007	0.072	
6.93	0.499	-0.007	0.028	
6.97	0.499	-0.007	0.028	
7.00	0.499	-0.006	0.032	
7.03	0.498	-0.005	0.072	
7.07	0.498	-0.003	0.152	
7.10	0.498	0.004	0.235	
7.13	0.498	0.020	0.120	
7.17	0.500	0.017	-0.136	
7.20	0.500	0.004	-0.200	
7.23	0.500	-0.001	-0.114	
7.27	0.499	-0.003	-0.038	
7.30	0.500	-0.002	0.003	
7.33	0.499	-0.002	0.021	
7.37	0.499	-0.001	0.022	
7.40	0.499	-0.000	0.012	
7.43	0.499	0.000	0.008	
7.47	0.499	0.000	0.011	
7.50	0.499	0.001	0.013	
7.53	0.499	0.002	-0.023	
7.57	0.500	0.001	-0.107	
7.60	0.499	-0.004	-0.201	
7.63	0.500	-0.018	-0.130	
7.67	0.498	-0.019	0.116	
7.70	0.498	-0.004	0.204	
7.73	0.498	0.000	0.122	
7.77	0.498	0.002	0.071	
7.80	0.498	0.003	0.066	
7.83	0.498	0.007	0.060	
7.87	0.499	0.006	0.094	
7.90	0.498	0.011	0.170	
7.93	0.499	0.023	0.088	
7.97	0.500	0.022	-0.129	
8.00	0.501	0.008	-0.191	
8.03	0.501	0.004	-0.109	
8.07	0.501	0.003	-0.041	
8.10	0.501	0.003	-0.009	
8.13	0.501	0.003	-0.006	
8.17	0.501	0.002	-0.015	
8.20	0.501	0.002	-0.033	
8.23	0.501	0.000	-0.041	
8.27	0.501	-0.002	-0.027	
8.30	0.501	-0.002	-0.008	
8.33	0.501	-0.001	-0.012	
8.37	0.501	-0.003	-0.023	
8.40	0.501	-0.004	-0.013	
8.43	0.501	-0.003	-0.011	
8.47	0.501	-0.003	-0.050	
8.50	0.500	-0.006	-0.083	
8.53	0.500	-0.009	-0.078	
8.57	0.500	-0.018	0.100	
8.60	0.498	-0.002	0.249	
8.63	0.500	0.010	0.079	
8.67	0.500	0.002	-0.075	
8.70	0.500	-0.001	-0.066	
8.73	0.500	-0.003	-0.033	
8.77	0.500	-0.003	-0.006	
8.80	0.499	-0.003	0.003	
8.83	0.500	-0.002	0.010	
8.87	0.499	-0.002	0.018	
8.90	0.499	-0.001	0.012	
8.93	0.499	-0.001	-0.007	
8.97	0.499	-0.002	-0.007	
9.00	0.499	-0.002	0.012	
9.03	0.499	-0.001	0.018	
9.07	0.499	-0.000	0.010	
9.10	0.499	0.000	0.004	
9.13	0.499	0.000	0.002	
9.17	0.499	0.000	0.004	
9.20	0.499	0.000	0.012	
9.23	0.499	0.001	0.024	
9.27	0.499	0.002	0.031	
9.30	0.499	0.003	0.024	
9.33	0.499	0.004	-0.004	
9.37	0.500	0.005	-0.103	
9.40	0.500	-0.002	-0.207	
9.43	0.500	-0.015	-0.110	
9.47	0.498	-0.015	0.161	
9.50	0.498	0.000	0.304	
9.53	0.499	0.009	0.291	
9.57	0.499	0.024	0.142	
9.60	0.501	0.023	-0.121	
9.63	0.501	0.009	-0.202	
9.67	0.501	0.004	-0.121	
9.70	0.501	0.002	-0.060	
9.73	0.501	0.002	-0.042	
9.77	0.501	0.000	-0.042	
9.80	0.501	-0.002	-0.028	
9.83	0.501	-0.002	-0.014	
9.87	0.501	-0.001	-0.048	
9.90	0.501	-0.004	-0.117	
9.93	0.501	-0.009	-0.159	
9.97	0.501	-0.021	-0.009	
10.00	0.499	-0.016	0.284	
10.03	0.499	0.011	0.208	
10.07	0.501	0.011	-0.202	
10.10	0.500	-0.016	-0.265	
10.13	0.499	-0.019	0.001	
10.17	0.499	-0.009	0.135	
10.20	0.498	-0.004	0.104	
10.23	0.498	-0.002	0.034	
10.27	0.498	-0.004	0.031	
10.30	0.498	-0.003	0.114	
10.33	0.498	0.003	0.201	
10.37	0.498	0.016	0.125	
10.40	0.499	0.017	-0.115	
10.43	0.500	0.003	-0.208	
10.47	0.499	-0.003	-0.123	
10.50	0.499	-0.004	-0.033	
10.53	0.499	-0.003	0.009	
10.57	0.499	-0.003	0.010	
10.60	0.499	-0.003	0.009	
10.63	0.499	-0.002	0.017	
10.67	0.499	-0.002	0.036	
10.70	0.499	0.000	0.046	
10.73	0.499	0.002	0.009	
10.77	0.499	0.003	-0.077	
10.80	0.499	-0.002	-0.146	
10.83	0.499	-0.015	0.001	
10.87	0.497	-0.010	0.311	
10.90	0.498	0.021	0.215	
10.93	0.500	0.018	-0.202	
10.97	0.500	-0.010	-0.179	
11.00	0.498	-0.008	0.208	
11.03	0.498	0.019	0.236	
11.07	0.500	0.021	-0.088	
11.10	0.500	0.006	-0.243	
11.13	0.501	-0.009	-0.031	
11.17	0.499	0.003	0.209	
11.20	0.501	0.019	0.087	
11.23	0.501	0.010	-0.078	
11.27	0.501	0.007	-0.082	
11.30	0.501	0.004	-0.068	
11.33	0.501	0.003	-0.051	
11.37	0.501	0.001	-0.031	
11.40	0.501	0.000	-0.005	
11.43	0.501	0.001	0.013	
11.47	0.501	0.002	0.012	
11.50	0.501	0.002	-0.001	
11.53	0.502	0.001	0.003	
11.57	0.501	0.001	0.017	
11.60	0.502	0.004	-0.022	
11.63	0.502	0.001	-0.097	
11.67	0.502	-0.003	-0.158	
11.70	0.502	-0.008	-0.234	
11.73	0.502	-0.024	-0.139	
11.77	0.500	-0.025	0.156	
11.80	0.499	-0.008	0.292	
11.83	0.500	-0.001	0.290	
11.87	0.499	0.014	0.182	
11.90	0.501	0.017	-0.080	
11.93	0.501	0.003	-0.184	
11.97	0.501	-0.001	-0.124	
12.00	0.500	-0.004	-0.081	
12.03	0.500	-0.004	-0.106	
12.07	0.500	-0.008	-0.197	
12.10	0.500	-0.023	-0.125	
12.13	0.498	-0.024	0.163	
12.17	0.498	-0.007	0.308	
12.20	0.498	0.003	0.241	
12.23	0.498	0.016	-0.015	
12.27	0.500	0.001	-0.240	
12.30	0.498	-0.015	-0.083	
12.33	0.498	-0.004	0.102	
12.37	0.498	0.001	0.073	
12.40	0.498	0.000	0.036	
12.43	0.498	0.002	0.026	
12.47	0.499	0.002	0.041	
12.50	0.498	0.002	0.115	
12.53	0.499	0.007	0.219	
12.57	0.498	0.023	0.145	
12.60	0.501	0.025	-0.146	
12.63	0.501	0.009	-0.330	
12.67	0.501	-0.002	-0.346	
12.70	0.501	-0.020	-0.172	
12.73	0.499	-0.020	0.173	
12.77	0.499	-0.002	0.350	
12.80	0.499	0.009	0.341	
12.83	0.499	0.025	0.166	
12.87	0.501	0.025	-0.137	
12.90	0.501	0.009	-0.265	
12.93	0.502	0.003	-0.245	
12.97	0.502	-0.004	-0.228	
13.00	0.502	-0.018	-0.045	
13.03	0.500	-0.015	0.292	
13.07	0.500	0.013	0.311	
13.10	0.501	0.018	0.012	
13.13	0.502	0.008	-0.168	
13.17	0.502	-0.000	-0.157	
13.20	0.501	-0.004	-0.076	
13.23	0.501	-0.004	-0.008	
13.27	0.501	-0.003	0.013	
13.30	0.501	-0.003	0.001	
13.33	0.501	-0.003	-0.041	
13.37	0.501	-0.004	-0.119	
13.40	0.501	-0.009	-0.208	
13.43	0.501	-0.024	-0.137	
13.47	0.499	-0.025	0.108	
13.50	0.499	-0.011	0.209	
13.53	0.498	-0.005	0.135	
13.57	0.499	-0.003	0.064	
13.60	0.498	-0.003	0.057	
13.63	0.498	-0.001	0.113	
13.67	0.498	0.004	0.188	
13.70	0.498	0.017	0.103	
13.73	0.500	0.016	-0.120	
13.77	0.500	0.002	-0.165	
13.80	0.499	-0.000	-0.064	
13.83	0.500	0.002	-0.030	
13.87	0.500	-0.001	-0.026	
13.90	0.499	-0.002	0.000	
13.93	0.500	-0.001	0.012	
13.97	0.499	-0.000	0.009	
14.00	0.500	0.000	-0.000	
14.03	0.499	0.000	-0.028	
14.07	0.500	-0.001	-0.077	
14.10	0.499	-0.004	-0.120	
14.13	0.500	-0.015	0.010	
14.17	0.498	-0.011	0.309	
14.20	0.498	0.017	0.281	
14.23	0.500	0.021	-0.113	
14.27	0.500	0.004	-0.347	
14.30	0.500	-0.014	-0.220	
14.33	0.499	-0.016	0.091	
14.37	0.499	-0.003	0.256	
14.40	0.499	0.006	0.249	
14.43	0.499	0.019	0.077	
14.47	0.501	0.009	-0.049	
14.50	0.499	0.008	0.042	
14.53	0.501	0.018	-0.016	
14.57	0.501	0.008	-0.103	
14.60	0.501	0.007	-0.088	
14.63	0.501	0.003	-0.079	
14.67	0.501	0.001	-0.040	
14.70	0.501	0.000	-0.009	
14.73	0.501	0.001	0.012	
14.77	0.501	0.002	0.010	
14.80	0.501	0.002	-0.011	
14.83	0.502	0.001	-0.019	
14.87	0.501	0.000	-0.015	
14.90	0.502	-0.000	-0.019	
14.93	0.501	-0.001	-0.033	
14.97	0.502	-0.003	-0.040	
15.00	0.501	-0.004	-0.024	
15.03	0.501	-0.004	-0.007	
15.07	0.501	-0.003	-0.041	
15.10	0.501	-0.005	-0.124	
15.13	0.501	-0.011	-0.179	
15.17	0.501	-0.025	-0.006	
15.20	0.498	-0.019	0.339	
15.23	0.499	0.010	0.336	
15.27	0.500	0.015	0.017	
15.30	0.500	0.004	-0.122	
15.33	0.500	-0.000	-0.072	
15.37	0.500	0.000	-0.028	
15.40	0.500	-0.001	-0.008	
15.43	0.500	-0.000	0.006	
15.47	0.500	-0.000	0.000	
15.50	0.500	-0.000	-0.011	
15.53	0.500	-0.000	-0.042	
15.57	0.500	-0.003	-0.060	
15.60	0.500	-0.005	-0.055	
15.63	0.500	-0.012	0.088	
15.67	0.498	0.002	0.191	
15.70	0.500	0.013	-0.041	
15.73	0.500	-0.001	-0.260	
15.77	0.500	-0.017	-0.128	
15.80	0.498	-0.016	0.206	
15.83	0.498	0.002	0.385	
15.87	0.499	0.021	0.227	
15.90	0.500	0.022	-0.067	
15.93	0.500	0.009	-0.165	
15.97	0.500	0.005	-0.096	
16.00	0.501	0.003	-0.027	
16.03	0.501	0.004	0.027	
16.07	0.501	0.007	0.013	
16.10	0.501	0.006	-0.022	
16.13	0.501	0.005	-0.032	
16.17	0.502	0.003	-0.028	
16.20	0.501	0.003	-0.014	
16.23	0.502	0.003	-0.009	
16.27	0.502	0.002	-0.016	
16.30	0.502	0.002	-0.033	
16.33	0.502	0.000	-0.041	
16.37	0.502	-0.002	-0.027	
16.40	0.502	-0.002	-0.008	
16.43	0.502	-0.001	-0.012	
16.47	0.502	-0.003	-0.023	
16.50	0.502	-0.004	-0.011	
16.53	0.501	-0.003	-0.003	
16.57	0.501	-0.003	-0.012	
16.60	0.501	-0.004	-0.010	
16.63	0.501	-0.004	-0.001	
16.67	0.501	-0.003	-0.033	
16.70	0.501	-0.005	-0.115	
16.73	0.501	-0.010	-0.191	
16.77	0.501	-0.023	-0.104	
16.80	0.499	-0.023	0.130	
16.83	0.499	-0.008	0.190	
16.87	0.499	-0.005	0.105	
16.90	0.498	-0.003	0.048	
16.93	0.498	-0.003	0.013	
16.97	0.498	-0.003	0.004	
17.00	0.498	-0.003	0.003	
17.03	0.498	-0.003	0.013	
17.07	0.498	-0.002	0.051	
17.10	0.498	-0.001	0.119	
17.13	0.498	0.005	0.161	
17.17	0.498	0.017	0.011	
17.20	0.500	0.013	-0.294	
17.23	0.499	-0.013	-0.305	
17.27	0.498	-0.019	-0.003	
17.30	0.498	-0.007	0.162	
17.33	0.498	-0.001	0.141	
17.37	0.498	0.002	0.083	
17.40	0.498	0.003	0.044	
17.43	0.498	0.004	0.027	
17.47	0.498	0.005	0.015	
17.50	0.498	0.004	0.034	
17.53	0.498	0.007	0.057	
17.57	0.499	0.007	0.112	
17.60	0.499	0.014	0.172	
17.63	0.499	0.025	0.055	
17.67	0.501	0.021	-0.154	
17.70	0.501	0.008	-0.198	
17.73	0.501	0.004	-0.118	
17.77	0.501	0.002	-0.061	
17.80	0.501	0.001	-0.030	
17.83	0.501	0.000	-0.012	
17.87	0.501	0.000	-0.004	
17.90	0.501	0.000	-0.002	
17.93	0.501	0.000	-0.003	
17.97	0.501	-0.000	-0.007	
18.00	0.501	-0.000	-0.012	
18.03	0.501	-0.001	-0.003	
18.07	0.501	-0.001	0.003	
18.10	0.501	-0.001	-0.008	
18.13	0.501	-0.002	-0.008	
18.17	0.501	-0.001	-0.009	
18.20	0.501	-0.002	-0.008	
18.23	0.501	-0.002	0.004	
18.27	0.501	-0.002	0.005	
18.30	0.501	0.000	-0.057	
18.33	0.501	-0.004	-0.159	
18.37	0.501	-0.011	-0.234	
18.40	0.501	-0.025	-0.136	
18.43	0.498	-0.026	0.124	
18.47	0.498	-0.011	0.245	
18.50	0.498	-0.005	0.242	
18.53	0.498	0.002	0.265	
18.57	0.498	0.017	0.151	
18.60	0.500	0.018	-0.106	
18.63	0.499	0.004	-0.189	
18.67	0.500	-0.001	-0.103	
18.70	0.499	-0.002	-0.022	
18.73	0.499	-0.001	0.012	
18.77	0.499	-0.000	0.001	
18.80	0.499	0.000	-0.038	
18.83	0.499	-0.002	-0.101	
18.87	0.499	-0.006	-0.143	
18.90	0.499	-0.018	0.014	
18.93	0.498	-0.012	0.326	
18.97	0.498	0.016	0.291	
19.00	0.500	0.019	-0.053	
19.03	0.499	0.005	-0.202	
19.07	0.500	-0.006	-0.038	
19.10	0.498	0.002	0.155	
19.13	0.500	0.015	0.060	
19.17	0.500	0.007	-0.076	
19.20	0.500	0.004	-0.062	
19.23	0.500	0.003	-0.031	
19.27	0.500	0.003	-0.003	
19.30	0.500	0.003	0.009	
19.33	0.500	0.003	0.018	
19.37	0.501	0.004	0.011	
19.40	0.501	0.004	-0.013	
19.43	0.501	0.003	-0.029	
19.47	0.501	0.003	-0.053	
19.50	0.501	0.001	-0.086	
19.53	0.501	-0.004	-0.088	
19.57	0.501	-0.012	0.077	
19.60	0.499	0.002	0.220	
19.63	0.501	0.015	0.050	
19.67	0.501	0.004	-0.109	
19.70	0.501	-0.000	-0.087	
19.73	0.501	-0.002	-0.037	
19.77	0.501	-0.000	-0.035	
19.80	0.501	-0.004	-0.052	
19.83	0.501	-0.005	-0.063	
19.87	0.501	-0.006	-0.114	
19.90	0.500	-0.010	-0.196	
19.93	0.501	-0.025	-0.119	
19.97	0.498	-0.025	0.134	
20.00	0.498	-0.009	0.213	
20.03	0.498	-0.004	0.120	
20.07	0.498	-0.003	0.043	
20.10	0.498	-0.004	0.030	
20.13	0.498	-0.002	0.075	
20.17	0.498	0.001	0.133	
20.20	0.498	0.006	0.190	
20.23	0.498	0.018	0.103	
20.27	0.500	0.018	-0.128	
20.30	0.499	0.004	-0.204	
20.33	0.499	-0.001	-0.148	
20.37	0.499	-0.003	-0.149	
20.40	0.499	-0.008	-0.186	
20.43	0.499	-0.022	-0.046	
20.47	0.497	-0.017	0.247	
20.50	0.498	-0.001	0.395	
20.53	0.497	0.019	0.248	
20.57	0.499	0.022	-0.096	
20.60	0.499	0.007	-0.290	
20.63	0.500	-0.002	-0.303	
20.67	0.499	-0.018	-0.151	
20.70	0.498	-0.017	0.133	
20.73	0.498	-0.002	0.222	
20.77	0.498	0.004	0.135	
20.80	0.498	0.006	0.069	
20.83	0.499	0.007	0.054	
20.87	0.499	0.007	0.105	
20.90	0.499	0.012	0.185	
20.93	0.499	0.025	0.096	
20.97	0.501	0.025	-0.169	
21.00	0.501	0.008	-0.289	
21.03	0.501	-0.001	-0.222	
21.07	0.501	-0.005	-0.134	
21.10	0.501	-0.015	0.076	
21.13	0.499	-0.001	0.270	
21.17	0.501	0.017	0.103	
21.20	0.501	0.008	-0.139	
21.23	0.501	0.003	-0.255	
21.27	0.502	-0.015	-0.155	
21.30	0.500	-0.016	0.179	
21.33	0.500	0.001	0.371	
21.37	0.500	0.021	0.224	
21.40	0.502	0.022	-0.102	
21.43	0.502	0.006	-0.231	
21.47	0.502	-0.000	-0.151	
21.50	0.502	-0.003	-0.070	
21.53	0.502	-0.003	-0.032	
21.57	0.502	-0.004	-0.013	
21.60	0.502	-0.004	0.011	
21.63	0.501	-0.003	0.018	
21.67	0.501	-0.003	0.010	
21.70	0.501	-0.003	-0.002	
21.73	0.501	-0.002	-0.037	
21.77	0.501	-0.004	-0.107	
21.80	0.501	-0.008	-0.202	
21.83	0.501	-0.023	-0.128	
21.87	0.499	-0.024	0.140	
21.90	0.499	-0.008	0.245	
21.93	0.499	0.001	0.116	
21.97	0.499	-0.001	-0.000	
22.00	0.499	-0.003	0.005	
22.03	0.499	-0.002	0.074	
22.07	0.499	0.001	0.157	
22.10	0.499	0.008	0.223	
22.13	0.499	0.021	0.132	
22.17	0.501	0.022	-0.112	
22.20	0.501	0.008	-0.211	
22.23	0.501	0.003	-0.160	
22.27	0.501	0.000	-0.155	
22.30	0.501	-0.005	-0.194	
22.33	0.501	-0.019	-0.078	
22.37	0.499	-0.017	0.200	
22.40	0.499	0.007	0.165	
22.43	0.501	0.000	-0.040	
22.47	0.499	-0.009	0.061	
22.50	0.499	0.011	0.018	
22.53	0.501	-0.002	-0.135	
22.57	0.499	-0.014	0.088	
22.60	0.499	0.002	0.343	
22.63	0.499	0.023	0.244	
22.67	0.501	0.026	-0.067	
22.70	0.501	0.012	-0.241	
22.73	0.502	0.003	-0.219	
22.77	0.502	-0.002	-0.146	
22.80	0.502	-0.012	0.076	
22.83	0.500	0.004	0.246	
22.87	0.502	0.018	0.053	
22.90	0.502	0.006	-0.119	
22.93	0.502	0.002	-0.093	
22.97	0.502	0.000	-0.049	
23.00	0.502	-0.000	-0.029	
23.03	0.502	-0.001	-0.061	
23.07	0.502	-0.004	-0.107	
23.10	0.502	-0.007	-0.154	
23.13	0.502	-0.019	-0.073	
23.17	0.500	-0.011	0.001	
23.20	0.502	-0.013	-0.058	
23.23	0.499	-0.023	0.057	
23.27	0.499	-0.010	0.171	
23.30	0.499	-0.005	0.119	
23.33	0.499	-0.002	0.048	
23.37	0.499	-0.003	0.013	
23.40	0.499	-0.001	0.005	
23.43	0.499	-0.002	-0.010	
23.47	0.499	-0.003	-0.006	
23.50	0.499	-0.003	0.019	
23.53	0.498	-0.003	0.072	
23.57	0.498	0.001	0.116	
23.60	0.498	0.013	-0.040	
23.63	0.500	0.000	-0.214	
23.67	0.498	-0.016	-0.026	
23.70	0.498	-0.003	0.189	
23.73	0.498	0.013	0.019	
23.77	0.500	-0.000	-0.200	
23.80	0.498	-0.015	-0.058	
23.83	0.498	-0.005	0.121	
23.87	0.498	0.000	0.137	
23.90	0.498	0.004	0.154	
23.93	0.498	0.007	0.211	
23.97	0.498	0.023	0.137	
24.00	0.500	0.023	-0.100	
24.03	0.500	0.009	-0.167	
24.07	0.500	0.006	-0.075	
24.10	0.501	0.006	-0.001	
24.13	0.501	0.008	0.027	
24.17	0.501	0.010	-0.015	
24.20	0.501	0.006	-0.051	
24.23	0.501	0.005	-0.047	
24.27	0.502	0.003	-0.033	
24.30	0.502	0.003	-0.014	
24.33	0.502	0.003	-0.009	
24.37	0.502	0.002	-0.012	
24.40	0.502	0.002	-0.023	
24.43	0.502	0.001	-0.026	
24.47	0.502	0.000	-0.022	
24.50	0.502	-0.001	-0.022	
24.53	0.502	-0.002	-0.013	
24.57	0.502	-0.002	0.007	
24.60	0.502	-0.001	0.007	
24.63	0.502	-0.001	-0.012	
24.67	0.502	-0.002	-0.021	
24.70	0.502	-0.003	-0.017	
24.73	0.502	-0.003	-0.013	
24.77	0.501	-0.004	0.006	
24.80	0.501	-0.003	0.025	
24.83	0.501	-0.002	0.028	
24.87	0.501	0.000	-0.003	
24.90	0.501	-0.002	-0.045	
24.93	0.501	-0.003	-0.087	
24.97	0.501	-0.007	-0.152	
25.00	0.501	-0.013	-0.204	
25.03	0.501	-0.026	-0.104	
25.07	0.499	-0.024	0.122	
25.10	0.499	-0.011	0.190	
25.13	0.498	-0.007	0.128	
25.17	0.498	-0.004	0.068	
25.20	0.498	-0.003	0.019	
25.23	0.498	-0.004	0.016	
25.27	0.498	-0.003	0.024	
25.30	0.498	-0.001	0.012	
25.33	0.498	-0.002	0.005	
25.37	0.498	-0.002	0.021	
25.40	0.498	-0.000	0.035	
25.43	0.498	0.001	0.045	
25.47	0.498	0.003	0.050	
25.50	0.498	0.005	0.036	
25.53	0.498	0.005	0.021	
25.57	0.498	0.006	0.027	
25.60	0.498	0.004	0.101	
25.63	0.498	0.011	0.201	
25.67	0.499	0.025	0.109	
25.70	0.500	0.024	-0.132	
25.73	0.501	0.009	-0.201	
25.77	0.501	0.005	-0.112	
25.80	0.501	0.004	-0.053	
25.83	0.501	0.003	-0.031	
25.87	0.501	0.001	-0.008	
25.90	0.501	0.002	0.008	
25.93	0.501	0.002	0.006	
25.97	0.501	0.003	0.003	
26.00	0.501	0.003	0.001	
26.03	0.501	0.003	-0.001	
26.07	0.502	0.003	-0.004	
26.10	0.501	0.002	-0.011	
26.13	0.502	0.002	-0.022	
26.17	0.502	0.001	-0.023	
26.20	0.502	0.000	-0.014	
26.23	0.502	-0.000	-0.009	
26.27	0.502	-0.000	-0.009	
26.30	0.502	-0.001	-0.001	
26.33	0.502	0.000	-0.012	
26.37	0.502	-0.002	-0.031	
26.40	0.501	-0.002	-0.031	
26.43	0.502	-0.003	-0.045	
26.47	0.501	-0.005	-0.079	
26.50	0.501	-0.008	-0.127	
26.53	0.501	-0.012	-0.192	
26.57	0.501	-0.026	-0.115	
26.60	0.499	-0.026	0.120	
26.63	0.499	-0.012	0.204	
26.67	0.498	-0.007	0.157	
26.70	0.498	-0.003	0.138	
26.73	0.498	0.001	0.141	
26.77	0.498	0.005	0.144	
26.80	0.498	0.016	-0.023	
26.83	0.500	0.010	-0.323	
26.87	0.500	-0.017	-0.299	
26.90	0.498	-0.021	0.035	
26.93	0.498	-0.007	0.189	
26.97	0.498	-0.001	0.140	
27.00	0.498	0.001	0.080	
27.03	0.498	0.004	0.010	
27.07	0.498	0.001	-0.030	
27.10	0.498	0.000	-0.017	
27.13	0.498	0.000	0.001	
27.17	0.498	0.001	0.018	
27.20	0.498	0.002	0.025	
27.23	0.498	0.002	0.049	
27.27	0.498	0.003	0.131	
27.30	0.498	0.009	0.232	
27.33	0.498	0.025	0.149	
27.37	0.500	0.025	-0.105	
27.40	0.501	0.011	-0.197	
27.43	0.501	0.007	-0.125	
27.47	0.501	0.005	-0.063	
27.50	0.501	0.003	-0.024	
27.53	0.501	0.003	-0.002	
27.57	0.501	0.004	-0.005	
27.60	0.501	0.003	-0.014	
27.63	0.501	0.003	-0.012	
27.67	0.502	0.002	-0.011	
27.70	0.501	0.001	-0.002	
27.73	0.502	0.003	-0.016	
27.77	0.502	0.001	-0.037	
27.80	0.502	-0.000	-0.037	
27.83	0.502	-0.002	-0.029	
27.87	0.501	-0.002	-0.013	
27.90	0.502	-0.003	-0.008	
27.93	0.501	-0.003	-0.008	
27.97	0.501	-0.003	-0.012	
28.00	0.501	-0.004	-0.003	
28.03	0.501	-0.003	0.002	
28.07	0.501	-0.003	-0.013	
28.10	0.501	-0.004	-0.041	
28.13	0.501	-0.005	-0.105	
28.17	0.501	-0.009	-0.195	
28.20	0.500	-0.023	-0.126	
28.23	0.499	-0.024	0.101	
28.27	0.498	-0.011	0.183	
28.30	0.498	-0.006	0.117	
28.33	0.498	-0.004	0.054	
28.37	0.498	-0.005	0.055	
28.40	0.498	-0.003	0.138	
28.43	0.498	0.003	0.230	
28.47	0.498	0.019	0.146	
28.50	0.500	0.021	-0.152	
28.53	0.500	0.003	-0.322	
28.57	0.499	-0.006	-0.320	
28.60	0.500	-0.022	-0.153	
28.63	0.497	-0.022	0.186	
28.67	0.498	-0.004	0.360	
28.70	0.497	0.008	0.338	
28.73	0.498	0.023	0.149	
28.77	0.499	0.022	-0.151	
28.80	0.500	0.007	-0.284	
28.83	0.500	-0.002	-0.244	
28.87	0.500	-0.014	-0.034	
28.90	0.498	-0.010	0.302	
28.93	0.498	0.017	0.308	
28.97	0.500	0.022	0.004	
29.00	0.500	0.011	-0.146	
29.03	0.500	0.006	-0.118	
29.07	0.501	0.003	-0.060	
29.10	0.501	0.003	-0.014	
29.13	0.501	0.003	0.006	
29.17	0.501	0.003	0.014	
29.20	0.501	0.005	-0.012	
29.23	0.501	0.002	-0.026	
29.27	0.501	0.002	-0.014	
29.30	0.501	0.002	-0.018	
29.33	0.501	0.001	-0.013	
29.37	0.501	0.001	-0.000	
29.40	0.501	0.001	-0.005	
29.43	0.502	0.000	-0.015	
29.47	0.501	0.000	-0.015	
29.50	0.502	-0.000	-0.015	
29.53	0.501	-0.001	-0.006	
29.57	0.501	-0.001	-0.005	
29.60	0.501	-0.001	-0.026	
29.63	0.501	-0.003	-0.041	
29.67	0.501	-0.004	-0.034	
29.70	0.501	-0.005	-0.025	
29.73	0.501	-0.005	-0.049	
29.77	0.501	-0.007	-0.114	
29.80	0.500	-0.011	-0.182	
29.83	0.500	-0.025	-0.060	
29.87	0.498	-0.023	0.257	
29.90	0.498	-0.002	0.400	
29.93	0.498	0.015	0.224	
29.97	0.500	0.016	-0.067	
30.00	0.500	0.003	-0.173	
30.03	0.500	-0.001	-0.103	
30.07	0.500	-0.003	-0.036	
30.10	0.499	-0.002	0.004	
30.13	0.499	-0.002	0.024	
30.17	0.499	-0.000	0.029	
30.20	0.499	0.000	0.023	
30.23	0.499	0.001	0.008	
30.27	0.500	0.001	-0.003	
30.30	0.499	0.001	0.005	
30.33	0.500	0.001	0.001	
30.37	0.499	0.001	-0.001	
30.40	0.500	0.001	0.010	
30.43	0.499	0.002	-0.000	
30.47	0.500	0.002	-0.048	
30.50	0.500	-0.001	-0.102	
30.53	0.500	-0.005	-0.116	
30.57	0.500	-0.015	0.057	
30.60	0.498	-0.007	0.340	
30.63	0.498	0.020	0.262	
30.67	0.500	0.023	-0.138	
30.70	0.501	0.005	-0.366	
30.73	0.501	-0.016	-0.193	
30.77	0.499	-0.016	0.201	
30.80	0.499	0.005	0.400	
30.83	0.499	0.024	0.232	
30.87	0.501	0.025	-0.094	
30.90	0.501	0.009	-0.214	
30.93	0.501	0.004	-0.137	
30.97	0.502	0.002	-0.072	
31.00	0.501	0.001	-0.036	
31.03	0.502	0.000	-0.024	
31.07	0.501	-0.001	-0.026	
31.10	0.502	-0.002	-0.023	
31.13	0.501	-0.002	-0.011	
31.17	0.501	-0.003	-0.004	
31.20	0.501	-0.003	-0.001	
31.23	0.501	-0.003	-0.003	
31.27	0.501	-0.003	-0.005	
31.30	0.501	-0.003	-0.007	
31.33	0.501	-0.004	0.002	
31.37	0.501	-0.002	-0.009	
31.40	0.501	-0.004	-0.047	
31.43	0.500	-0.004	-0.100	
31.47	0.501	-0.009	-0.153	
31.50	0.500	-0.022	-0.012	
31.53	0.499	-0.017	0.300	
31.57	0.498	0.010	0.306	
31.60	0.500	0.014	0.007	
31.63	0.500	0.003	-0.136	
31.67	0.500	-0.001	-0.099	
31.70	0.500	-0.003	-0.046	
31.73	0.500	-0.003	-0.016	
31.77	0.499	-0.004	0.006	
31.80	0.499	-0.003	0.023	
31.83	0.499	-0.001	0.012	
31.87	0.499	-0.002	0.008	
31.90	0.499	-0.002	0.027	
31.93	0.499	0.000	0.040	
31.97	0.499	0.002	0.036	
32.00	0.499	0.002	0.029	
32.03	0.499	0.003	0.045	
32.07	0.499	0.007	0.027	
32.10	0.500	0.005	-0.014	
32.13	0.500	0.004	-0.007	
32.17	0.500	0.005	0.005	
32.20	0.500	0.005	0.002	
32.23	0.500	0.005	-0.008	
32.27	0.500	0.005	-0.018	
32.30	0.501	0.003	-0.016	
32.33	0.501	0.003	-0.004	
32.37	0.501	0.004	-0.011	
32.40	0.501	0.003	-0.023	
32.43	0.501	0.001	-0.007	
32.47	0.501	0.002	0.005	
32.50	0.501	0.002	-0.007	
32.53	0.501	0.002	-0.053	
32.57	0.501	0.000	-0.140	
32.60	0.501	-0.006	-0.222	
32.63	0.501	-0.021	-0.106	
32.67	0.499	-0.021	0.220	
32.70	0.499	-0.002	0.412	
32.73	0.499	0.018	0.277	
32.77	0.501	0.023	-0.053	
32.80	0.501	0.008	-0.217	
32.83	0.501	0.000	-0.147	
32.87	0.501	-0.002	-0.053	
32.90	0.501	-0.001	-0.019	
32.93	0.501	-0.001	-0.061	
32.97	0.501	-0.004	-0.110	
33.00	0.501	-0.009	-0.111	
33.03	0.501	-0.019	0.072	
33.07	0.499	-0.005	0.242	
33.10	0.500	0.011	0.045	
33.13	0.501	-0.000	-0.205	
33.17	0.500	-0.009	-0.276	
33.20	0.500	-0.025	-0.145	
33.23	0.498	-0.024	0.126	
33.27	0.498	-0.009	0.207	
33.30	0.498	-0.005	0.138	
33.33	0.498	-0.001	0.072	
33.37	0.498	-0.001	0.021	
33.40	0.498	-0.001	0.022	
33.43	0.498	0.000	0.042	
33.47	0.498	0.002	0.049	
33.50	0.498	0.003	0.050	
33.53	0.498	0.006	0.029	
33.57	0.498	0.006	-0.000	
33.60	0.498	0.006	-0.019	
33.63	0.499	0.003	0.009	
33.67	0.499	0.004	0.114	
33.70	0.499	0.010	0.212	
33.73	0.499	0.025	0.114	
33.77	0.501	0.024	-0.134	
33.80	0.501	0.009	-0.207	
33.83	0.501	0.004	-0.118	
33.87	0.501	0.003	-0.041	
33.90	0.501	0.003	0.002	
33.93	0.501	0.003	0.021	
33.97	0.502	0.005	0.021	
34.00	0.502	0.005	0.007	
34.03	0.502	0.005	-0.006	
34.07	0.502	0.005	-0.018	
34.10	0.502	0.003	-0.013	
34.13	0.502	0.003	0.006	
34.17	0.502	0.004	0.008	
34.20	0.502	0.004	0.002	
34.23	0.503	0.005	-0.029	
34.27	0.503	0.002	-0.066	
34.30	0.503	-0.001	-0.053	
34.33	0.503	-0.002	-0.023	
34.37	0.503	-0.001	-0.021	
34.40	0.503	-0.003	-0.035	
34.43	0.502	-0.004	-0.030	
34.47	0.502	-0.005	-0.015	
34.50	0.502	-0.005	-0.005	
34.53	0.502	-0.005	-0.001	
34.57	0.502	-0.005	-0.000	
34.60	0.502	-0.005	0.000	
34.63	0.501	-0.005	0.001	
34.67	0.501	-0.005	0.003	
34.70	0.501	-0.005	0.001	
34.73	0.501	-0.005	-0.024	
34.77	0.501	-0.005	-0.092	
34.80	0.501	-0.009	-0.161	
34.83	0.501	-0.023	-0.042	
34.87	0.499	-0.019	0.217	
34.90	0.499	0.005	0.130	
34.93	0.500	-0.003	-0.131	
34.97	0.499	-0.018	-0.044	
35.00	0.498	-0.008	0.096	
35.03	0.498	-0.004	0.078	
35.07	0.498	-0.003	0.051	
35.10	0.498	-0.002	0.063	
35.13	0.498	-0.000	0.131	
35.17	0.498	0.006	0.184	
35.20	0.498	0.019	0.052	
35.23	0.500	0.016	-0.235	
35.27	0.500	-0.009	-0.216	
35.30	0.498	-0.004	-0.043	
35.33	0.500	-0.003	-0.057	
35.37	0.498	-0.013	0.072	
35.40	0.498	-0.001	0.252	
35.43	0.498	0.009	0.269	
35.47	0.498	0.024	0.093	
35.50	0.501	0.020	-0.203	
35.53	0.501	-0.005	-0.121	
35.57	0.499	0.005	0.144	
35.60	0.501	0.019	0.062	
35.63	0.501	0.012	-0.103	
35.67	0.501	0.006	-0.112	
35.70	0.501	0.003	-0.061	
35.73	0.502	0.003	-0.023	
35.77	0.501	0.002	-0.015	
35.80	0.502	0.002	-0.023	
35.83	0.502	0.001	-0.022	
35.87	0.502	0.000	-0.012	
35.90	0.502	0.000	-0.008	
35.93	0.502	-0.000	-0.011	
35.97	0.502	-0.001	-0.018	
36.00	0.502	-0.002	-0.012	
36.03	0.501	-0.002	0.007	
36.07	0.502	-0.001	0.007	
36.10	0.501	-0.001	-0.012	
36.13	0.502	-0.002	-0.018	
36.17	0.501	-0.002	-0.011	
36.20	0.501	-0.003	-0.010	
36.23	0.501	-0.003	-0.021	
36.27	0.501	-0.003	-0.066	
36.30	0.501	-0.006	-0.132	
36.33	0.501	-0.011	-0.199	
36.37	0.501	-0.025	-0.112	
36.40	0.499	-0.023	0.103	
36.43	0.499	-0.012	0.179	
36.47	0.498	-0.008	0.168	
36.50	0.498	-0.004	0.193	
36.53	0.498	0.003	0.238	
36.57	0.498	0.018	0.136	
36.60	0.500	0.018	-0.110	
36.63	0.500	0.004	-0.186	
36.67	0.499	-0.000	-0.093	
36.70	0.500	-0.001	-0.022	
36.73	0.499	-0.000	0.003	
36.77	0.500	0.000	0.007	
36.80	0.499	0.000	0.011	
36.83	0.500	0.001	0.013	
36.87	0.499	0.002	-0.022	
36.90	0.500	0.001	-0.104	
36.93	0.500	-0.004	-0.193	
36.97	0.500	-0.018	-0.115	
37.00	0.498	-0.018	0.139	
37.03	0.498	-0.003	0.264	
37.07	0.498	0.004	0.263	
37.10	0.498	0.013	0.242	
37.13	0.499	0.024	0.096	
37.17	0.500	0.023	-0.139	
37.20	0.501	0.009	-0.207	
37.23	0.501	0.004	-0.113	
37.27	0.501	0.003	-0.034	
37.30	0.501	0.003	0.009	
37.33	0.501	0.004	0.010	
37.37	0.501	0.004	-0.011	
37.40	0.501	0.003	-0.018	
37.43	0.501	0.003	-0.011	
37.47	0.502	0.003	-0.005	
37.50	0.501	0.003	-0.006	
37.53	0.502	0.002	-0.015	
37.57	0.502	0.002	-0.030	
37.60	0.502	0.000	-0.038	
37.63	0.502	-0.001	-0.026	
37.67	0.502	-0.001	-0.021	
37.70	0.502	-0.003	-0.021	
37.73	0.502	-0.004	0.001	
37.77	0.501	-0.002	0.008	
37.80	0.501	-0.000	-0.061	
37.83	0.501	-0.005	-0.159	
37.87	0.501	-0.011	-0.230	
37.90	0.501	-0.026	-0.141	
37.93	0.499	-0.027	0.114	
37.97	0.499	-0.012	0.205	
38.00	0.499	-0.007	0.123	
38.03	0.498	-0.006	0.070	
38.07	0.498	-0.004	0.043	
38.10	0.498	-0.003	0.021	
38.13	0.498	-0.003	0.011	
38.17	0.498	-0.002	0.011	
38.20	0.498	-0.002	0.023	
38.23	0.498	-0.001	0.051	
38.27	0.498	-0.000	0.113	
38.30	0.498	0.005	0.188	
38.33	0.498	0.018	0.106	
38.37	0.499	0.017	-0.103	
38.40	0.499	0.005	-0.162	
38.43	0.499	0.002	-0.083	
38.47	0.499	0.001	-0.015	
38.50	0.499	0.003	-0.003	
38.53	0.500	0.001	-0.013	
38.57	0.499	0.001	0.000	
38.60	0.500	0.002	-0.023	
38.63	0.500	0.001	-0.092	
38.67	0.500	-0.003	-0.173	
38.70	0.500	-0.015	-0.108	
38.73	0.498	-0.017	0.153	
38.77	0.498	-0.002	0.339	
38.80	0.498	0.011	0.350	
38.83	0.499	0.027	0.170	
38.87	0.501	0.026	-0.122	
38.90	0.501	0.012	-0.210	
38.93	0.501	0.007	-0.134	
38.97	0.501	0.004	-0.075	
39.00	0.501	0.003	-0.043	
39.03	0.501	0.001	-0.017	
39.07	0.501	0.002	-0.003	
39.10	0.501	0.002	-0.010	
39.13	0.502	0.001	-0.009	
39.17	0.501	0.001	-0.000	
39.20	0.502	0.002	-0.026	
39.23	0.502	-0.001	-0.045	
39.27	0.501	-0.002	-0.026	
39.30	0.502	-0.003	-0.011	
39.33	0.501	-0.003	-0.002	
39.37	0.501	-0.003	-0.002	
39.40	0.501	-0.003	-0.009	
39.43	0.501	-0.003	-0.045	
39.47	0.501	-0.004	-0.119	
39.50	0.501	-0.009	-0.209	
39.53	0.501	-0.024	-0.142	
39.57	0.499	-0.025	0.094	
39.60	0.499	-0.011	0.180	
39.63	0.499	-0.007	0.104	
39.67	0.498	-0.006	0.053	
39.70	0.498	-0.005	0.044	
39.73	0.498	-0.004	0.064	
39.77	0.498	-0.003	0.128	
39.80	0.498	0.003	0.213	
39.83	0.498	0.018	0.131	
39.87	0.499	0.017	-0.091	
39.90	0.499	0.006	-0.178	
39.93	0.499	0.000	-0.114	
39.97	0.499	-0.001	-0.041	
40.00	0.499	-0.001	0.003	
40.03	0.499	0.000	0.024	
40.07	0.499	0.001	0.013	
40.10	0.499	0.001	0.011	
40.13	0.499	0.001	0.031	
40.17	0.499	0.003	0.035	
40.20	0.500	0.006	-0.030	
40.23	0.500	0.003	-0.144	
40.27	0.500	-0.004	-0.221	
40.30	0.500	-0.018	-0.119	
40.33	0.498	-0.018	0.130	
40.37	0.498	-0.003	0.221	
40.40	0.498	0.002	0.164	
40.43	0.498	0.005	0.156	
40.47	0.499	0.009	0.211	
40.50	0.499	0.024	0.121	
40.53	0.501	0.024	-0.122	
40.57	0.501	0.009	-0.187	
40.60	0.501	0.006	-0.101	
40.63	0.501	0.004	-0.028	
40.67	0.501	0.006	-0.009	
40.70	0.501	0.005	-0.034	
40.73	0.501	0.003	-0.038	
40.77	0.502	0.001	-0.018	
40.80	0.501	0.002	-0.005	
40.83	0.502	0.002	-0.017	
40.87	0.502	0.001	-0.023	
40.90	0.502	0.000	-0.022	
40.93	0.502	-0.001	-0.027	
40.97	0.502	-0.002	-0.027	
41.00	0.501	-0.003	-0.023	
41.03	0.502	-0.003	-0.027	
41.07	0.501	-0.005	-0.028	
41.10	0.501	-0.005	-0.031	
41.13	0.501	-0.006	-0.067	
41.17	0.501	-0.009	-0.127	
41.20	0.500	-0.013	-0.185	
41.23	0.500	-0.026	-0.090	
41.27	0.498	-0.026	0.185	
41.30	0.498	-0.009	0.343	
41.33	0.498	0.001	0.357	
41.37	0.498	0.020	0.178	
41.40	0.500	0.019	-0.162	
41.43	0.500	0.003	-0.314	
41.47	0.500	-0.007	-0.301	
41.50	0.499	-0.022	-0.123	
41.53	0.498	-0.021	0.218	
41.57	0.497	-0.003	0.416	
41.60	0.498	0.018	0.270	
41.63	0.499	0.021	-0.073	
41.67	0.500	0.006	-0.244	
41.70	0.499	-0.001	-0.226	
41.73	0.499	-0.006	-0.213	
41.77	0.499	-0.019	-0.069	
41.80	0.498	-0.018	0.246	
41.83	0.497	0.001	0.420	
41.87	0.498	0.023	0.221	
41.90	0.500	0.023	-0.180	
41.93	0.500	0.003	-0.349	
41.97	0.500	-0.014	-0.102	
42.00	0.498	-0.010	0.323	
42.03	0.498	0.021	0.380	
42.07	0.500	0.030	0.017	
42.10	0.501	0.015	-0.192	
42.13	0.501	0.008	-0.145	
42.17	0.501	0.005	-0.064	
42.20	0.501	0.005	-0.021	
42.23	0.502	0.005	-0.024	
42.27	0.502	0.005	-0.072	
42.30	0.502	0.001	-0.150	
42.33	0.502	-0.004	-0.226	
42.37	0.502	-0.020	-0.105	
42.40	0.500	-0.020	0.230	
42.43	0.500	0.001	0.394	
42.47	0.500	0.019	0.215	
42.50	0.502	0.019	-0.090	
42.53	0.502	0.005	-0.205	
42.57	0.502	-0.001	-0.141	
42.60	0.502	-0.003	-0.096	
42.63	0.502	-0.005	-0.099	
42.67	0.501	-0.009	-0.116	
42.70	0.501	-0.018	-0.005	
42.73	0.499	-0.007	0.058	
42.77	0.501	-0.006	-0.070	
42.80	0.500	-0.019	-0.013	
42.83	0.499	-0.009	0.100	
42.87	0.499	-0.007	0.082	
42.90	0.499	-0.005	0.089	
42.93	0.499	-0.003	0.141	
42.97	0.499	0.003	0.211	
43.00	0.499	0.017	0.113	
43.03	0.500	0.016	-0.123	
43.07	0.500	0.002	-0.180	
43.10	0.500	-0.001	-0.096	
43.13	0.500	-0.001	-0.078	
43.17	0.500	-0.004	-0.130	
43.20	0.500	-0.009	-0.201	
43.23	0.500	-0.023	-0.110	
43.27	0.498	-0.022	0.147	
43.30	0.498	-0.007	0.244	
43.33	0.498	-0.001	0.202	
43.37	0.498	0.004	0.204	
43.40	0.498	0.010	0.234	
43.43	0.498	0.024	0.137	
43.47	0.500	0.026	-0.121	
43.50	0.500	0.010	-0.207	
43.53	0.500	0.005	-0.099	
43.57	0.501	0.005	-0.020	
43.60	0.501	0.007	-0.028	
43.63	0.501	0.005	-0.089	
43.67	0.501	0.000	-0.118	
43.70	0.501	-0.011	0.057	
43.73	0.499	0.003	0.241	
43.77	0.502	0.019	0.084	
43.80	0.502	0.009	-0.095	
43.83	0.502	0.005	-0.092	
43.87	0.502	0.003	-0.053	
43.90	0.502	0.002	-0.024	
43.93	0.502	0.001	-0.006	
43.97	0.502	0.002	-0.000	
44.00	0.502	0.002	-0.014	
44.03	0.502	0.001	-0.013	
44.07	0.502	0.000	0.006	
44.10	0.502	0.001	0.024	
44.13	0.502	0.003	0.020	
44.17	0.502	0.004	-0.033	
44.20	0.503	-0.001	-0.062	
44.23	0.502	-0.002	-0.037	
44.27	0.502	-0.003	-0.020	
44.30	0.502	-0.003	-0.023	
44.33	0.502	-0.003	-0.062	
44.37	0.502	-0.006	-0.103	
44.40	0.502	-0.010	-0.112	
44.43	0.502	-0.021	0.062	
44.47	0.500	-0.007	0.239	
44.50	0.501	0.008	0.052	
44.53	0.501	-0.002	-0.187	
44.57	0.501	-0.010	-0.264	
44.60	0.501	-0.026	-0.153	
44.63	0.499	-0.026	0.116	
44.67	0.499	-0.011	0.210	
44.70	0.498	-0.006	0.150	
44.73	0.498	-0.003	0.119	
44.77	0.498	-0.000	0.135	
44.80	0.498	0.005	0.171	
44.83	0.498	0.018	0.025	
44.87	0.500	0.008	-0.166	
44.90	0.498	0.001	-0.192	
44.93	0.500	-0.005	-0.181	
44.97	0.498	-0.017	-0.008	
45.00	0.498	-0.005	0.139	
45.03	0.498	-0.000	0.090	
45.07	0.498	0.001	0.040	
45.10	0.498	0.001	0.024	
45.13	0.498	0.002	0.020	
45.17	0.499	0.002	0.013	
45.20	0.498	0.003	0.017	
45.23	0.499	0.003	0.057	
45.27	0.499	0.005	0.138	
45.30	0.499	0.011	0.220	
45.33	0.499	0.025	0.131	
45.37	0.501	0.026	-0.115	
45.40	0.501	0.011	-0.198	
45.43	0.501	0.007	-0.118	
45.47	0.501	0.005	-0.048	
45.50	0.502	0.005	-0.014	
45.53	0.502	0.004	0.005	
45.57	0.502	0.006	-0.005	
45.60	0.502	0.005	-0.038	
45.63	0.502	0.003	-0.052	
45.67	0.502	0.001	-0.047	
45.70	0.502	-0.000	-0.035	
45.73	0.502	-0.002	-0.021	
45.77	0.502	-0.002	-0.005	
45.80	0.502	-0.001	-0.012	
45.83	0.502	-0.003	-0.027	
45.87	0.502	-0.004	-0.018	
45.90	0.502	-0.004	-0.011	
45.93	0.502	-0.005	-0.008	
45.97	0.501	-0.005	0.004	
46.00	0.502	-0.004	-0.001	
46.03	0.501	-0.005	-0.009	
46.07	0.501	-0.004	-0.025	
46.10	0.501	-0.005	-0.062	
46.13	0.501	-0.008	-0.090	
46.17	0.501	-0.019	0.070	
46.20	0.499	-0.004	0.224	
46.23	0.500	0.010	0.028	
46.27	0.501	-0.000	-0.218	
46.30	0.501	-0.018	-0.139	
46.33	0.498	-0.011	0.001	
46.37	0.500	-0.010	-0.011	
46.40	0.498	-0.019	0.146	
46.43	0.498	-0.003	0.336	
46.47	0.498	0.015	0.218	
46.50	0.500	0.017	-0.054	
46.53	0.499	0.005	-0.168	
46.57	0.500	0.001	-0.146	
46.60	0.499	-0.003	-0.139	
46.63	0.500	-0.006	-0.166	
46.67	0.499	-0.018	-0.078	
46.70	0.498	-0.017	0.150	
46.73	0.498	-0.001	0.195	
46.77	0.498	0.001	0.097	
46.80	0.498	0.001	0.103	
46.83	0.498	0.006	0.169	
46.87	0.498	0.012	0.216	
46.90	0.499	0.026	0.109	
46.93	0.500	0.024	-0.118	
46.97	0.501	0.011	-0.180	
47.00	0.501	0.007	-0.099	
47.03	0.501	0.007	-0.064	
47.07	0.501	0.004	-0.056	
47.10	0.501	0.003	-0.037	
47.13	0.502	0.002	-0.029	
47.17	0.501	0.001	-0.014	
47.20	0.502	0.001	0.006	
47.23	0.501	0.002	0.007	
47.27	0.502	0.002	-0.012	
47.30	0.502	0.001	-0.018	
47.33	0.502	0.000	-0.011	
47.37	0.502	0.000	-0.008	
47.40	0.502	-0.000	-0.011	
47.43	0.502	-0.001	-0.019	
47.47	0.502	-0.002	-0.015	
47.50	0.501	-0.002	-0.001	
47.53	0.502	-0.001	-0.005	
47.57	0.501	-0.002	-0.016	
47.60	0.501	-0.003	-0.017	
47.63	0.501	-0.003	-0.019	
47.67	0.501	-0.004	-0.009	
47.70	0.501	-0.004	0.010	
47.73	0.501	-0.002	-0.004	
47.77	0.501	-0.004	-0.023	
47.80	0.501	-0.005	-0.014	
47.83	0.501	-0.005	-0.007	
47.87	0.500	-0.005	-0.001	
47.90	0.500	-0.005	0.004	
47.93	0.500	-0.005	0.011	
47.97	0.500	-0.005	0.023	
48.00	0.500	-0.003	0.026	
48.03	0.500	-0.003	0.023	
48.07	0.499	-0.002	0.026	
48.10	0.500	-0.001	0.023	
48.13	0.499	-0.000	0.011	
48.17	0.500	0.000	-0.001	
48.20	0.499	0.000	-0.033	
48.23	0.500	-0.001	-0.096	
48.27	0.499	-0.004	-0.179	
48.30	0.500	-0.018	-0.108	
48.33	0.498	-0.019	0.144	
48.37	0.498	-0.002	0.225	
48.40	0.498	0.003	0.125	
48.43	0.498	0.004	0.064	
48.47	0.498	0.003	0.105	
48.50	0.498	0.009	0.203	
48.53	0.499	0.023	0.133	
48.57	0.500	0.024	-0.098	
48.60	0.501	0.011	-0.182	
48.63	0.501	0.006	-0.115	
48.67	0.501	0.004	-0.044	
48.70	0.501	0.005	-0.005	
48.73	0.501	0.005	-0.006	
48.77	0.501	0.004	-0.001	
48.80	0.501	0.005	0.000	
48.83	0.501	0.004	-0.016	
48.87	0.502	0.003	-0.024	
48.90	0.502	0.003	-0.026	
48.93	0.502	0.002	-0.037	
48.97	0.502	0.000	-0.042	
49.00	0.502	-0.002	-0.026	
49.03	0.502	-0.002	-0.006	
49.07	0.502	-0.001	-0.027	
49.10	0.502	-0.003	-0.065	
49.13	0.502	-0.004	-0.101	
49.17	0.502	-0.016	0.031	
49.20	0.500	-0.004	0.201	
49.23	0.501	0.009	0.061	
49.27	0.501	-0.000	-0.088	
49.30	0.501	-0.004	-0.072	
49.33	0.501	-0.005	-0.035	
49.37	0.501	-0.005	-0.005	
49.40	0.500	-0.005	0.002	
49.43	0.500	-0.005	-0.019	
49.47	0.500	-0.005	-0.088	
49.50	0.500	-0.009	-0.183	
49.53	0.500	-0.022	-0.133	
49.57	0.498	-0.024	0.082	
49.60	0.498	-0.012	0.192	
49.63	0.498	-0.006	0.185	
49.67	0.498	-0.001	0.196	
49.70	0.498	0.005	0.226	
49.73	0.498	0.018	0.132	
49.77	0.499	0.019	-0.090	
49.80	0.499	0.007	-0.165	
49.83	0.499	0.004	-0.142	
49.87	0.500	-0.000	-0.160	
49.90	0.499	-0.005	-0.194	
49.93	0.500	-0.017	-0.118	
49.97	0.498	-0.018	0.101	
50.00	0.498	-0.006	0.208	
50.03	0.498	0.001	0.169	
50.07	0.498	0.004	0.131	
50.10	0.498	0.007	0.150	
50.13	0.498	0.013	0.198	
50.17	0.499	0.026	0.097	
50.20	0.501	0.024	-0.136	
50.23	0.501	0.011	-0.238	
50.27	0.501	0.005	-0.225	
50.30	0.501	-0.002	-0.213	
50.33	0.501	-0.016	-0.025	
50.37	0.499	-0.011	0.314	
50.40	0.500	0.019	0.286	
50.43	0.501	0.022	-0.087	
50.47	0.502	0.005	-0.251	
50.50	0.502	-0.010	-0.022	
50.53	0.500	0.005	0.183	
50.57	0.502	0.017	-0.003	
50.60	0.502	0.004	-0.188	
50.63	0.502	-0.003	-0.171	
50.67	0.502	-0.014	0.034	
50.70	0.500	-0.000	0.217	
50.73	0.502	0.014	0.047	
50.77	0.502	0.003	-0.140	
50.80	0.502	-0.002	-0.153	
50.83	0.502	-0.007	-0.122	
50.87	0.502	-0.017	0.068	
50.90	0.500	-0.003	0.223	
50.93	0.501	0.012	0.019	
50.97	0.502	-0.000	-0.227	
51.00	0.501	-0.010	-0.302	
51.03	0.501	-0.027	-0.169	
51.07	0.499	-0.026	0.112	
51.10	0.499	-0.012	0.197	
51.13	0.499	-0.008	0.136	
51.17	0.499	-0.005	0.090	
51.20	0.498	-0.003	0.059	
51.23	0.498	-0.000	0.044	
51.27	0.498	-0.002	0.096	
51.30	0.498	0.002	0.216	
51.33	0.498	0.018	0.162	
51.37	0.500	0.022	-0.120	
51.40	0.500	0.006	-0.299	
51.43	0.500	-0.004	-0.278	
51.47	0.500	-0.019	-0.052	
51.50	0.498	-0.013	0.294	
51.53	0.498	0.015	0.252	
51.57	0.500	0.017	-0.128	
51.60	0.500	-0.008	-0.152	
51.63	0.499	-0.008	0.196	
51.67	0.499	0.017	0.250	
51.70	0.501	0.022	-0.060	
51.73	0.501	0.009	-0.271	
51.77	0.501	-0.002	-0.278	
51.80	0.501	-0.017	-0.042	
51.83	0.499	-0.011	0.343	
51.87	0.499	0.019	0.354	
51.90	0.501	0.025	0.021	
51.93	0.502	0.014	-0.171	
51.97	0.502	0.006	-0.149	
52.00	0.502	0.003	-0.069	
52.03	0.502	0.003	-0.021	
52.07	0.502	0.003	-0.008	
52.10	0.502	0.002	-0.012	
52.13	0.502	0.002	-0.022	
52.17	0.502	0.001	-0.022	
52.20	0.502	0.000	-0.013	
52.23	0.502	0.000	-0.012	
52.27	0.502	-0.000	-0.023	
52.30	0.502	-0.001	-0.041	
52.33	0.502	-0.004	-0.038	
52.37	0.502	-0.004	-0.015	
52.40	0.502	-0.004	-0.015	
52.43	0.502	-0.005	-0.019	
52.47	0.501	-0.006	0.002	
52.50	0.501	-0.005	0.018	
52.53	0.501	-0.003	-0.020	
52.57	0.501	-0.005	-0.108	
52.60	0.501	-0.010	-0.189	
52.63	0.501	-0.022	-0.118	
52.67	0.499	-0.024	0.120	
52.70	0.499	-0.009	0.233	
52.73	0.499	-0.003	0.179	
52.77	0.499	0.001	0.128	
52.80	0.499	0.011	-0.055	
52.83	0.500	-0.003	-0.192	
52.87	0.498	-0.016	0.051	
52.90	0.498	-0.001	0.313	
52.93	0.498	0.018	0.211	
52.97	0.500	0.020	-0.108	
53.00	0.500	0.005	-0.262	
53.03	0.500	-0.004	-0.202	
53.07	0.500	-0.015	0.045	
53.10	0.498	0.000	0.262	
53.13	0.500	0.016	0.107	
53.17	0.500	0.007	-0.067	
53.20	0.500	0.004	-0.063	
53.23	0.500	0.003	-0.020	
53.27	0.500	0.003	0.025	
53.30	0.500	0.004	0.054	
53.33	0.501	0.009	0.026	
53.37	0.501	0.006	-0.010	
53.40	0.501	0.006	0.004	
53.43	0.501	0.007	0.009	
53.47	0.501	0.007	-0.002	
53.50	0.502	0.007	-0.018	
53.53	0.502	0.006	-0.021	
53.57	0.502	0.005	-0.012	
53.60	0.502	0.005	-0.009	
53.63	0.503	0.005	-0.016	
53.67	0.503	0.004	-0.034	
53.70	0.503	0.003	-0.044	
53.73	0.503	0.001	-0.034	
53.77	0.503	0.000	-0.016	
53.80	0.503	0.000	-0.009	
53.83	0.503	-0.000	-0.012	
53.87	0.503	-0.001	-0.019	
53.90	0.503	-0.002	-0.013	
53.93	0.503	-0.002	0.007	
53.97	0.503	-0.001	0.014	
54.00	0.503	-0.001	0.020	
54.03	0.503	0.001	0.010	
54.07	0.503	0.000	-0.018	
54.10	0.503	-0.001	-0.033	
54.13	0.503	-0.002	-0.036	
54.17	0.502	-0.004	-0.016	
54.20	0.502	-0.003	-0.006	
54.23	0.502	-0.003	-0.026	
54.27	0.502	-0.005	-0.066	
54.30	0.502	-0.007	-0.127	
54.33	0.502	-0.012	-0.175	
54.37	0.502	-0.026	-0.016	
54.40	0.500	-0.021	0.328	
54.43	0.499	0.008	0.336	
54.47	0.501	0.014	0.011	
54.50	0.501	0.001	-0.139	
54.53	0.501	-0.003	-0.091	
54.57	0.500	-0.003	-0.059	
54.60	0.501	-0.004	-0.098	
54.63	0.500	-0.008	-0.169	
54.67	0.500	-0.020	-0.105	
54.70	0.499	-0.022	0.134	
54.73	0.498	-0.006	0.266	
54.77	0.499	0.001	0.268	
54.80	0.498	0.009	0.285	
54.83	0.499	0.025	0.151	
54.87	0.501	0.025	-0.124	
54.90	0.501	0.009	-0.214	
54.93	0.501	0.004	-0.122	
54.97	0.501	0.003	-0.041	
55.00	0.501	0.003	0.002	
55.03	0.501	0.004	0.002	
55.07	0.501	0.003	-0.004	
55.10	0.501	0.003	0.004	
55.13	0.501	0.004	-0.003	
55.17	0.502	0.003	-0.012	
55.20	0.502	0.003	-0.007	
55.23	0.502	0.003	-0.003	
55.27	0.502	0.003	-0.001	
55.30	0.502	0.003	-0.003	
55.33	0.502	0.002	-0.005	
55.37	0.502	0.002	-0.008	
55.40	0.502	0.001	-0.000	
55.43	0.502	0.003	-0.011	
55.47	0.502	0.001	-0.026	
55.50	0.502	0.000	-0.016	
55.53	0.502	0.000	-0.012	
55.57	0.502	-0.000	-0.016	
55.60	0.502	-0.001	-0.030	
55.63	0.502	-0.002	-0.034	
55.67	0.502	-0.004	-0.015	
55.70	0.502	-0.003	-0.005	
55.73	0.502	-0.003	-0.016	
55.77	0.502	-0.005	-0.019	
55.80	0.502	-0.005	-0.011	
55.83	0.501	-0.005	-0.009	
55.87	0.501	-0.005	-0.015	
55.90	0.501	-0.006	-0.043	
55.93	0.501	-0.008	-0.065	
55.97	0.501	-0.010	-0.069	
56.00	0.501	-0.018	0.047	
56.03	0.499	-0.006	0.134	
56.07	0.500	0.004	-0.088	
56.10	0.500	-0.018	-0.157	
56.13	0.498	-0.019	0.070	
56.17	0.498	-0.007	0.163	
56.20	0.498	-0.002	0.106	
56.23	0.498	-0.001	0.034	
56.27	0.498	-0.002	0.012	
56.30	0.498	-0.001	0.035	
56.33	0.498	0.001	0.058	
56.37	0.498	0.003	0.063	
56.40	0.498	0.004	0.076	
56.43	0.498	0.014	-0.066	
56.47	0.500	0.001	-0.234	
56.50	0.498	-0.014	-0.083	
56.53	0.498	-0.004	0.088	
56.57	0.498	-0.001	0.093	
56.60	0.498	0.002	0.074	
56.63	0.499	0.003	0.085	
56.67	0.498	0.005	0.158	
56.70	0.499	0.013	0.227	
56.73	0.499	0.027	0.118	
56.77	0.501	0.025	-0.116	
56.80	0.501	0.012	-0.175	
56.83	0.501	0.010	-0.134	
56.87	0.502	0.004	-0.097	
56.90	0.502	0.003	-0.041	
56.93	0.502	0.003	-0.016	
56.97	0.502	0.003	-0.008	
57.00	0.502	0.002	-0.015	
57.03	0.502	0.002	-0.029	
57.07	0.502	0.000	-0.034	
57.10	0.502	-0.001	-0.015	
57.13	0.502	-0.001	-0.005	
57.17	0.502	-0.001	-0.017	
57.20	0.502	-0.002	-0.023	
57.23	0.502	-0.003	-0.021	
57.27	0.502	-0.003	-0.022	
57.30	0.502	-0.004	-0.012	
57.33	0.502	-0.004	0.007	
57.37	0.501	-0.003	0.011	
57.40	0.501	-0.003	0.000	
57.43	0.501	-0.004	0.007	
57.47	0.501	-0.003	0.014	
57.50	0.501	-0.002	0.002	
57.53	0.501	-0.002	-0.054	
57.57	0.501	-0.005	-0.134	
57.60	0.501	-0.009	-0.215	
57.63	0.501	-0.024	-0.150	
57.67	0.499	-0.027	0.108	
57.70	0.498	-0.013	0.261	
57.73	0.498	-0.004	0.256	
57.77	0.498	0.003	0.245	
57.80	0.498	0.016	0.126	
57.83	0.500	0.016	-0.105	
57.87	0.499	0.003	-0.175	
57.90	0.500	-0.001	-0.093	
57.93	0.499	-0.002	-0.018	
57.97	0.499	-0.001	0.018	
58.00	0.499	0.000	0.022	
58.03	0.499	0.001	0.027	
58.07	0.499	0.002	0.027	
58.10	0.500	0.003	0.019	
58.13	0.499	0.003	0.013	
58.17	0.500	0.004	-0.027	
58.20	0.500	0.002	-0.090	
58.23	0.500	-0.001	-0.146	
58.27	0.500	-0.015	-0.000	
58.30	0.498	-0.009	0.331	
58.33	0.499	0.020	0.310	
58.37	0.501	0.024	-0.034	
58.40	0.501	0.010	-0.182	
58.43	0.501	0.004	-0.121	
58.47	0.501	0.003	-0.048	
58.50	0.501	0.003	-0.010	
58.53	0.501	0.003	-0.002	
58.57	0.501	0.003	-0.001	
58.60	0.501	0.003	-0.004	
58.63	0.501	0.002	-0.010	
58.67	0.502	0.002	-0.018	
58.70	0.501	0.001	-0.012	
58.73	0.502	0.001	0.007	
58.77	0.501	0.002	0.007	
58.80	0.502	0.002	-0.011	
58.83	0.502	0.001	-0.016	
58.87	0.502	0.000	-0.011	
58.90	0.502	0.000	-0.012	
58.93	0.502	0.000	-0.035	
58.97	0.502	-0.003	-0.037	
59.00	0.501	-0.003	-0.019	
59.03	0.502	-0.003	-0.023	
59.07	0.501	-0.005	-0.022	
59.10	0.501	-0.005	-0.020	
59.13	0.501	-0.005	-0.049	
59.17	0.501	-0.007	-0.116	
59.20	0.501	-0.011	-0.198	
59.23	0.501	-0.026	-0.118	
59.27	0.498	-0.026	0.129	
59.30	0.498	-0.011	0.247	
59.33	0.498	-0.005	0.246	
59.37	0.498	0.002	0.275	
59.40	0.498	0.018	0.163	
59.43	0.500	0.020	-0.130	
59.47	0.500	0.005	-0.301	
59.50	0.500	-0.005	-0.317	
59.53	0.500	-0.021	-0.174	
59.57	0.498	-0.022	0.114	
59.60	0.498	-0.007	0.233	
59.63	0.498	0.001	0.145	
59.67	0.498	0.001	0.055	
59.70	0.498	0.002	0.020	
59.73	0.498	0.002	0.003	
59.77	0.498	0.002	-0.008	
59.80	0.498	0.002	-0.017	
59.83	0.498	0.001	-0.006	
59.87	0.498	0.001	0.023	
59.90	0.498	0.003	0.045	
59.93	0.498	0.005	0.047	
59.97	0.498	0.006	0.053	
60.00	0.499	0.008	0.064	
