Vernier Format 2
1.6.txt 1/28/2019 19:52:54
Run 1
Time	Position	Velocity	Acceleration	
T	P	V	A	
s	m	m/s	m/s^2	

0.00	0.500	0.051	-0.763	
0.03	0.503	0.025	-0.702	
0.07	0.503	0.001	-0.565	
0.10	0.503	-0.020	-0.246	
0.13	0.501	-0.019	0.176	
0.17	0.501	-0.001	0.352	
0.20	0.501	0.017	0.147	
0.23	0.503	0.015	-0.244	
0.27	0.502	-0.007	-0.429	
0.30	0.502	-0.026	-0.224	
0.33	0.500	-0.027	0.140	
0.37	0.500	-0.010	0.295	
0.40	0.499	0.007	0.069	
0.43	0.501	-0.005	-0.193	
0.47	0.499	-0.021	-0.080	
0.50	0.499	-0.011	0.100	
0.53	0.499	-0.007	0.115	
0.57	0.499	-0.003	0.106	
0.60	0.498	-0.002	0.115	
0.63	0.498	0.005	0.098	
0.67	0.499	0.012	-0.099	
0.70	0.500	-0.003	-0.263	
0.73	0.498	-0.018	-0.103	
0.77	0.498	-0.010	0.089	
0.80	0.498	-0.005	0.109	
0.83	0.498	-0.001	0.073	
0.87	0.498	-0.001	0.072	
0.90	0.498	0.002	0.107	
0.93	0.498	0.006	0.102	
0.97	0.498	0.016	-0.082	
1.00	0.500	0.001	-0.241	
1.03	0.498	-0.013	-0.049	
1.07	0.498	-0.002	0.167	
1.10	0.498	0.004	0.237	
1.13	0.498	0.013	0.270	
1.17	0.498	0.027	0.129	
1.20	0.501	0.026	-0.129	
1.23	0.501	0.012	-0.206	
1.27	0.501	0.007	-0.146	
1.30	0.501	0.005	-0.153	
1.33	0.501	0.001	-0.223	
1.37	0.501	-0.015	-0.137	
1.40	0.500	-0.016	0.160	
1.43	0.500	0.000	0.327	
1.47	0.500	0.011	0.284	
1.50	0.500	0.025	0.049	
1.53	0.502	0.022	-0.336	
1.57	0.503	-0.011	-0.340	
1.60	0.501	-0.016	0.040	
1.63	0.501	0.000	0.214	
1.67	0.501	0.014	-0.008	
1.70	0.503	-0.001	-0.225	
1.73	0.501	-0.016	-0.064	
1.77	0.501	-0.005	0.131	
1.80	0.501	-0.001	0.173	
1.83	0.501	0.004	0.211	
1.87	0.501	0.018	0.105	
1.90	0.503	0.017	-0.145	
1.93	0.502	0.002	-0.225	
1.97	0.502	-0.004	-0.138	
2.00	0.502	-0.006	-0.071	
2.03	0.502	-0.007	-0.032	
2.07	0.501	-0.008	-0.014	
2.10	0.501	-0.008	-0.013	
2.13	0.501	-0.008	-0.043	
2.17	0.501	-0.009	-0.101	
2.20	0.500	-0.014	-0.138	
2.23	0.500	-0.026	0.026	
2.27	0.498	-0.019	0.352	
2.30	0.498	0.011	0.310	
2.33	0.500	0.014	-0.081	
2.37	0.500	-0.000	-0.330	
2.40	0.500	-0.021	-0.222	
2.43	0.498	-0.022	0.107	
2.47	0.498	-0.006	0.267	
2.50	0.498	0.002	0.247	
2.53	0.498	0.008	0.215	
2.57	0.498	0.020	0.070	
2.60	0.500	0.018	-0.177	
2.63	0.500	-0.004	-0.108	
2.67	0.498	0.005	0.127	
2.70	0.500	0.017	0.050	
2.73	0.500	0.009	-0.073	
2.77	0.500	0.007	-0.061	
2.80	0.501	0.005	-0.033	
2.83	0.501	0.005	-0.015	
2.87	0.501	0.005	-0.038	
2.90	0.501	0.004	-0.078	
2.93	0.501	0.000	-0.121	
2.97	0.501	-0.010	-0.024	
3.00	0.500	-0.000	0.057	
3.03	0.502	0.001	-0.049	
3.07	0.501	-0.010	0.003	
3.10	0.500	-0.001	0.119	
3.13	0.501	0.005	0.062	
3.17	0.501	0.003	-0.013	
3.20	0.501	0.001	-0.027	
3.23	0.501	0.001	-0.011	
3.27	0.501	0.001	-0.005	
3.30	0.501	0.000	0.018	
3.33	0.501	0.000	0.097	
3.37	0.501	0.005	0.182	
3.40	0.501	0.018	0.099	
3.43	0.503	0.018	-0.139	
3.47	0.502	0.003	-0.224	
3.50	0.502	-0.003	-0.140	
3.53	0.502	-0.005	-0.068	
3.57	0.502	-0.005	-0.065	
3.60	0.502	-0.007	-0.129	
3.63	0.502	-0.013	-0.201	
3.67	0.501	-0.026	-0.121	
3.70	0.500	-0.026	0.115	
3.73	0.499	-0.013	0.197	
3.77	0.499	-0.007	0.116	
3.80	0.499	-0.006	0.035	
3.83	0.499	-0.007	0.007	
3.87	0.498	-0.007	0.030	
3.90	0.498	-0.005	0.051	
3.93	0.498	-0.003	0.048	
3.97	0.498	-0.000	0.009	
4.00	0.498	-0.003	-0.005	
4.03	0.498	-0.002	0.020	
4.07	0.498	-0.001	0.026	
4.10	0.498	-0.000	0.020	
4.13	0.498	0.000	0.013	
4.17	0.498	0.001	-0.001	
4.20	0.498	0.000	-0.006	
4.23	0.498	-0.001	0.026	
4.27	0.498	0.002	0.052	
4.30	0.498	0.004	0.042	
4.33	0.498	0.005	0.032	
4.37	0.498	0.005	0.061	
4.40	0.499	0.007	0.134	
4.43	0.499	0.013	0.209	
4.47	0.499	0.027	0.108	
4.50	0.501	0.026	-0.141	
4.53	0.501	0.011	-0.219	
4.57	0.501	0.006	-0.137	
4.60	0.502	0.003	-0.057	
4.63	0.501	0.003	-0.002	
4.67	0.502	0.004	0.008	
4.70	0.502	0.004	-0.002	
4.73	0.502	0.004	0.003	
4.77	0.502	0.004	0.018	
4.80	0.502	0.007	-0.015	
4.83	0.503	0.003	-0.052	
4.87	0.502	0.001	-0.037	
4.90	0.503	0.001	-0.014	
4.93	0.502	0.001	-0.014	
4.97	0.503	0.000	-0.028	
5.00	0.502	-0.001	-0.023	
5.03	0.503	-0.001	-0.026	
5.07	0.502	-0.003	-0.038	
5.10	0.502	-0.004	-0.030	
5.13	0.502	-0.005	-0.016	
5.17	0.502	-0.005	-0.010	
5.20	0.502	-0.005	-0.021	
5.23	0.502	-0.006	-0.063	
5.27	0.501	-0.009	-0.130	
5.30	0.501	-0.013	-0.198	
5.33	0.501	-0.027	-0.122	
5.37	0.499	-0.028	0.112	
5.40	0.499	-0.014	0.205	
5.43	0.499	-0.009	0.141	
5.47	0.498	-0.005	0.078	
5.50	0.498	-0.004	0.027	
5.53	0.498	-0.005	0.018	
5.57	0.498	-0.004	0.051	
5.60	0.498	-0.002	0.107	
5.63	0.498	0.004	0.147	
5.67	0.498	0.007	0.184	
5.70	0.498	0.021	0.078	
5.73	0.500	0.019	-0.191	
5.77	0.500	0.002	-0.283	
5.80	0.500	-0.011	-0.088	
5.83	0.498	-0.002	0.059	
5.87	0.500	0.007	-0.125	
5.90	0.500	-0.016	-0.162	
5.93	0.498	-0.018	0.142	
5.97	0.498	-0.000	0.292	
6.00	0.498	0.009	0.219	
6.03	0.498	0.020	0.000	
6.07	0.500	0.006	-0.127	
6.10	0.499	-0.004	0.125	
6.13	0.499	0.021	0.223	
6.17	0.501	0.025	-0.041	
6.20	0.501	0.012	-0.167	
6.23	0.501	0.007	-0.107	
6.27	0.501	0.006	-0.039	
6.30	0.501	0.006	-0.018	
6.33	0.502	0.005	-0.026	
6.37	0.502	0.004	-0.013	
6.40	0.502	0.004	-0.005	
6.43	0.502	0.004	-0.005	
6.47	0.502	0.005	-0.031	
6.50	0.503	0.001	-0.051	
6.53	0.502	0.000	-0.038	
6.57	0.503	-0.001	-0.033	
6.60	0.502	-0.002	-0.025	
6.63	0.502	-0.002	-0.016	
6.67	0.502	-0.003	-0.009	
6.70	0.502	-0.003	-0.024	
6.73	0.502	-0.005	-0.030	
6.77	0.502	-0.005	-0.051	
6.80	0.502	-0.007	-0.107	
6.83	0.502	-0.011	-0.178	
6.87	0.501	-0.023	-0.112	
6.90	0.500	-0.023	0.082	
6.93	0.499	-0.013	0.143	
6.97	0.499	-0.010	0.099	
7.00	0.499	-0.007	0.053	
7.03	0.499	-0.007	0.030	
7.07	0.498	-0.007	0.072	
7.10	0.498	-0.003	0.130	
7.13	0.498	0.001	0.198	
7.17	0.498	0.014	0.142	
7.20	0.499	0.016	-0.066	
7.23	0.499	0.006	-0.165	
7.27	0.500	-0.000	-0.111	
7.30	0.499	-0.002	-0.031	
7.33	0.499	-0.001	0.011	
7.37	0.499	0.000	0.019	
7.40	0.499	0.001	0.018	
7.43	0.499	0.002	-0.018	
7.47	0.500	0.001	-0.097	
7.50	0.499	-0.003	-0.182	
7.53	0.500	-0.016	-0.115	
7.57	0.498	-0.017	0.119	
7.60	0.498	-0.003	0.218	
7.63	0.498	0.003	0.174	
7.67	0.498	0.006	0.179	
7.70	0.498	0.012	0.218	
7.73	0.499	0.026	0.113	
7.77	0.500	0.025	-0.116	
7.80	0.501	0.012	-0.200	
7.83	0.501	0.006	-0.138	
7.87	0.501	0.003	-0.059	
7.90	0.501	0.003	-0.001	
7.93	0.501	0.005	0.017	
7.97	0.501	0.005	0.016	
8.00	0.502	0.005	0.013	
8.03	0.502	0.006	0.007	
8.07	0.502	0.007	-0.033	
8.10	0.502	0.003	-0.066	
8.13	0.502	0.001	-0.049	
8.17	0.502	0.000	-0.027	
8.20	0.502	-0.000	-0.021	
8.23	0.502	-0.001	-0.031	
8.27	0.502	-0.002	-0.038	
8.30	0.502	-0.004	-0.026	
8.33	0.502	-0.004	-0.023	
8.37	0.502	-0.005	-0.027	
8.40	0.502	-0.006	-0.008	
8.43	0.502	-0.006	0.005	
8.47	0.501	-0.005	-0.005	
8.50	0.501	-0.005	-0.041	
8.53	0.501	-0.007	-0.091	
8.57	0.501	-0.011	-0.129	
8.60	0.500	-0.021	-0.023	
8.63	0.499	-0.012	0.086	
8.67	0.500	-0.011	0.089	
8.70	0.498	-0.014	0.266	
8.73	0.498	0.012	0.275	
8.77	0.500	0.016	-0.021	
8.80	0.500	0.003	-0.135	
8.83	0.500	0.001	-0.096	
8.87	0.500	-0.002	-0.057	
8.90	0.499	-0.002	-0.016	
8.93	0.500	-0.002	0.004	
8.97	0.499	-0.002	0.022	
9.00	0.499	-0.001	0.026	
9.03	0.499	0.000	0.023	
9.07	0.499	0.001	0.026	
9.10	0.499	0.002	0.023	
9.13	0.500	0.002	0.012	
9.17	0.499	0.003	0.009	
9.20	0.500	0.003	0.015	
9.23	0.500	0.003	0.024	
9.27	0.500	0.005	-0.004	
9.30	0.500	0.005	-0.091	
9.33	0.500	0.001	-0.191	
9.37	0.500	-0.015	-0.081	
9.40	0.499	-0.013	0.246	
9.43	0.499	0.007	0.414	
9.47	0.499	0.026	0.246	
9.50	0.501	0.028	-0.065	
9.53	0.502	0.014	-0.178	
9.57	0.502	0.010	-0.104	
9.60	0.502	0.010	-0.072	
9.63	0.503	0.006	-0.068	
9.67	0.503	0.005	-0.060	
9.70	0.503	0.003	-0.051	
9.73	0.503	0.001	-0.025	
9.77	0.503	0.001	0.001	
9.80	0.503	0.002	0.002	
9.83	0.503	0.002	-0.022	
9.87	0.503	0.000	-0.037	
9.90	0.503	-0.002	-0.026	
9.93	0.503	-0.002	-0.009	
9.97	0.503	-0.001	-0.016	
10.00	0.503	-0.003	-0.034	
10.03	0.503	-0.004	-0.030	
10.07	0.502	-0.005	-0.015	
10.10	0.502	-0.005	-0.010	
10.13	0.502	-0.005	-0.021	
10.17	0.502	-0.006	-0.062	
10.20	0.502	-0.009	-0.104	
10.23	0.502	-0.013	-0.118	
10.27	0.501	-0.024	0.027	
10.30	0.499	-0.011	0.148	
10.33	0.501	0.001	-0.080	
10.37	0.501	-0.023	-0.123	
10.40	0.498	-0.023	0.230	
10.43	0.498	-0.002	0.431	
10.47	0.498	0.019	0.270	
10.50	0.500	0.022	-0.068	
10.53	0.500	0.007	-0.226	
10.57	0.500	0.001	-0.188	
10.60	0.500	-0.003	-0.161	
10.63	0.500	-0.015	0.001	
10.67	0.498	-0.004	0.170	
10.70	0.500	0.003	0.146	
10.73	0.499	0.007	0.056	
10.77	0.501	0.013	-0.203	
10.80	0.501	-0.014	-0.242	
10.83	0.499	-0.016	0.073	
10.87	0.499	-0.002	0.232	
10.90	0.499	0.005	0.240	
10.93	0.499	0.012	0.255	
10.97	0.499	0.026	0.143	
11.00	0.502	0.027	-0.117	
11.03	0.502	0.013	-0.226	
11.07	0.502	0.005	-0.142	
11.10	0.502	0.003	-0.034	
11.13	0.502	0.005	0.029	
11.17	0.502	0.006	0.044	
11.20	0.503	0.010	0.003	
11.23	0.503	0.007	-0.055	
11.27	0.503	0.004	-0.058	
11.30	0.503	0.003	-0.036	
11.33	0.503	0.002	-0.022	
11.37	0.504	0.001	-0.010	
11.40	0.503	0.002	-0.011	
11.43	0.504	0.001	-0.034	
11.47	0.504	-0.001	-0.034	
11.50	0.504	-0.002	-0.011	
11.53	0.503	-0.001	-0.009	
11.57	0.504	-0.002	-0.017	
11.60	0.503	-0.003	-0.019	
11.63	0.503	-0.003	-0.025	
11.67	0.503	-0.005	-0.023	
11.70	0.503	-0.005	-0.012	
11.73	0.503	-0.005	-0.008	
11.77	0.503	-0.005	-0.008	
11.80	0.502	-0.006	-0.011	
11.83	0.502	-0.007	-0.001	
11.87	0.502	-0.006	0.014	
11.90	0.502	-0.005	0.017	
11.93	0.501	-0.005	0.031	
11.97	0.501	-0.001	-0.006	
12.00	0.502	-0.004	-0.083	
12.03	0.501	-0.008	-0.134	
12.07	0.501	-0.012	-0.167	
12.10	0.501	-0.026	-0.006	
12.13	0.499	-0.021	0.318	
12.17	0.498	0.009	0.286	
12.20	0.500	0.011	-0.073	
12.23	0.500	-0.010	-0.105	
12.27	0.498	-0.002	0.040	
12.30	0.500	0.006	-0.091	
12.33	0.500	-0.015	-0.058	
12.37	0.498	-0.012	0.290	
12.40	0.498	0.017	0.330	
12.43	0.500	0.023	0.023	
12.47	0.500	0.011	-0.139	
12.50	0.500	0.007	-0.101	
12.53	0.501	0.005	-0.042	
12.57	0.501	0.005	-0.009	
12.60	0.501	0.005	0.000	
12.63	0.501	0.005	0.007	
12.67	0.501	0.005	0.014	
12.70	0.501	0.006	0.021	
12.73	0.502	0.008	-0.004	
12.77	0.502	0.006	-0.033	
12.80	0.502	0.005	-0.036	
12.83	0.502	0.003	-0.029	
12.87	0.502	0.003	-0.013	
12.90	0.503	0.003	-0.005	
12.93	0.502	0.003	-0.002	
12.97	0.503	0.003	-0.004	
13.00	0.503	0.002	-0.011	
13.03	0.503	0.002	-0.023	
13.07	0.503	0.001	-0.026	
13.10	0.503	0.000	-0.023	
13.13	0.503	-0.001	-0.027	
13.17	0.503	-0.002	-0.027	
13.20	0.503	-0.003	-0.023	
13.23	0.503	-0.003	-0.027	
13.27	0.502	-0.005	-0.027	
13.30	0.502	-0.005	-0.022	
13.33	0.502	-0.006	-0.023	
13.37	0.502	-0.007	-0.017	
13.40	0.502	-0.007	-0.004	
13.43	0.502	-0.006	-0.009	
13.47	0.501	-0.008	-0.012	
13.50	0.501	-0.009	0.018	
13.53	0.501	-0.007	0.051	
13.57	0.501	-0.003	0.029	
13.60	0.501	-0.004	-0.006	
13.63	0.500	-0.005	-0.005	
13.67	0.500	-0.005	0.006	
13.70	0.500	-0.005	0.022	
13.73	0.500	-0.003	0.025	
13.77	0.500	-0.003	0.019	
13.80	0.500	-0.002	0.016	
13.83	0.500	-0.001	0.005	
13.87	0.500	-0.002	0.001	
13.90	0.499	-0.002	0.016	
13.93	0.500	-0.001	0.023	
13.97	0.499	0.000	0.022	
14.00	0.500	0.001	0.026	
14.03	0.499	0.002	0.023	
14.07	0.500	0.002	0.012	
14.10	0.500	0.003	0.009	
14.13	0.500	0.003	0.016	
14.17	0.500	0.003	0.034	
14.20	0.500	0.005	0.046	
14.23	0.500	0.007	0.039	
14.27	0.501	0.008	0.026	
14.30	0.501	0.008	0.019	
14.33	0.501	0.010	-0.014	
14.37	0.501	0.007	-0.033	
14.40	0.501	0.007	-0.026	
14.43	0.502	0.006	-0.026	
14.47	0.502	0.005	-0.021	
14.50	0.502	0.005	-0.026	
14.53	0.502	0.003	-0.024	
14.57	0.502	0.003	-0.016	
14.60	0.502	0.002	-0.016	
14.63	0.503	0.002	-0.024	
14.67	0.502	0.001	-0.026	
14.70	0.503	0.000	-0.023	
14.73	0.502	-0.001	-0.026	
14.77	0.503	-0.002	-0.023	
14.80	0.502	-0.002	-0.012	
14.83	0.502	-0.003	-0.008	
14.87	0.502	-0.003	-0.012	
14.90	0.502	-0.003	-0.022	
14.93	0.502	-0.005	-0.022	
14.97	0.502	-0.005	-0.010	
15.00	0.502	-0.005	0.002	
15.03	0.502	-0.005	0.009	
15.07	0.501	-0.004	0.010	
15.10	0.501	-0.003	-0.022	
15.13	0.501	-0.006	-0.043	
15.17	0.501	-0.007	-0.022	
15.20	0.501	-0.008	-0.000	
15.23	0.500	-0.007	0.017	
15.27	0.500	-0.006	0.015	
15.30	0.500	-0.006	0.005	
15.33	0.500	-0.006	0.015	
15.37	0.499	-0.005	0.034	
15.40	0.500	-0.003	0.030	
15.43	0.499	-0.003	0.019	
15.47	0.499	-0.002	0.017	
15.50	0.499	-0.002	0.027	
15.53	0.499	-0.000	0.034	
15.57	0.499	0.000	0.033	
15.60	0.499	0.002	0.026	
15.63	0.499	0.002	0.013	
15.67	0.499	0.003	0.008	
15.70	0.499	0.003	0.009	
15.73	0.500	0.003	0.017	
15.77	0.500	0.004	0.021	
15.80	0.500	0.004	0.033	
15.83	0.500	0.006	0.048	
15.87	0.500	0.009	0.008	
15.90	0.501	0.006	-0.029	
15.93	0.501	0.006	-0.021	
15.97	0.501	0.005	-0.010	
16.00	0.501	0.005	-0.001	
16.03	0.501	0.005	0.003	
16.07	0.501	0.005	0.006	
16.10	0.502	0.006	0.007	
16.13	0.502	0.006	-0.008	
16.17	0.502	0.005	-0.026	
16.20	0.502	0.004	-0.019	
16.23	0.502	0.004	-0.016	
16.27	0.502	0.003	-0.021	
16.30	0.502	0.003	-0.024	
16.33	0.502	0.002	-0.037	
16.37	0.503	0.000	-0.046	
16.40	0.502	-0.002	-0.038	
16.43	0.502	-0.003	-0.027	
16.47	0.502	-0.003	-0.027	
16.50	0.502	-0.005	-0.022	
16.53	0.502	-0.005	-0.006	
16.57	0.502	-0.005	0.006	
16.60	0.502	-0.004	0.010	
16.63	0.502	-0.003	-0.018	
16.67	0.502	-0.006	-0.033	
16.70	0.501	-0.007	-0.008	
16.73	0.501	-0.006	0.001	
16.77	0.501	-0.006	-0.009	
16.80	0.501	-0.007	-0.007	
16.83	0.500	-0.007	0.013	
16.87	0.500	-0.006	0.022	
16.90	0.500	-0.005	0.021	
16.93	0.500	-0.005	0.022	
16.97	0.500	-0.003	0.013	
17.00	0.500	-0.003	-0.007	
17.03	0.499	-0.004	-0.007	
17.07	0.499	-0.004	0.013	
17.10	0.499	-0.003	0.023	
17.13	0.499	-0.003	0.026	
17.17	0.499	-0.002	0.037	
17.20	0.499	0.000	0.042	
17.23	0.499	0.002	0.028	
17.27	0.499	0.002	0.010	
17.30	0.499	0.001	0.022	
17.33	0.499	0.003	0.039	
17.37	0.499	0.005	0.007	
17.40	0.500	0.006	-0.101	
17.43	0.500	-0.000	-0.215	
17.47	0.500	-0.015	-0.131	
17.50	0.498	-0.015	0.123	
17.53	0.498	-0.001	0.245	
17.57	0.499	0.005	0.241	
17.60	0.499	0.012	0.260	
17.63	0.499	0.027	0.138	
17.67	0.501	0.027	-0.133	
17.70	0.501	0.012	-0.227	
17.73	0.501	0.006	-0.148	
17.77	0.502	0.003	-0.071	
17.80	0.502	0.003	-0.021	
17.83	0.502	0.003	-0.006	
17.87	0.502	0.003	-0.005	
17.90	0.502	0.002	-0.012	
17.93	0.502	0.002	-0.023	
17.97	0.502	0.001	-0.026	
18.00	0.502	0.000	-0.022	
18.03	0.502	-0.001	-0.025	
18.07	0.502	-0.002	-0.017	
18.10	0.502	-0.002	-0.001	
18.13	0.502	-0.002	0.006	
18.17	0.502	-0.000	-0.023	
18.20	0.502	-0.004	-0.046	
18.23	0.502	-0.005	-0.038	
18.27	0.502	-0.005	-0.061	
18.30	0.501	-0.007	-0.102	
18.33	0.501	-0.012	-0.113	
18.37	0.501	-0.023	0.075	
18.40	0.499	-0.008	0.257	
18.43	0.500	0.008	0.089	
18.47	0.500	-0.002	-0.079	
18.50	0.500	-0.005	-0.054	
18.53	0.500	-0.006	-0.012	
18.57	0.499	-0.005	0.014	
18.60	0.499	-0.005	0.026	
18.63	0.499	-0.003	0.027	
18.67	0.499	-0.003	0.023	
18.70	0.499	-0.002	0.026	
18.73	0.499	-0.001	0.023	
18.77	0.499	-0.000	0.013	
18.80	0.499	0.000	0.010	
18.83	0.499	0.000	0.022	
18.87	0.499	0.001	0.044	
18.90	0.499	0.003	0.053	
18.93	0.499	0.007	0.002	
18.97	0.500	0.004	-0.072	
19.00	0.499	0.001	-0.132	
19.03	0.500	-0.004	-0.196	
19.07	0.500	-0.017	-0.098	
19.10	0.498	-0.016	0.150	
19.13	0.498	-0.001	0.255	
19.17	0.498	0.005	0.239	
19.20	0.498	0.012	0.254	
19.23	0.499	0.026	0.146	
19.27	0.501	0.027	-0.107	
19.30	0.501	0.013	-0.209	
19.33	0.501	0.007	-0.133	
19.37	0.501	0.005	-0.056	
19.40	0.501	0.005	-0.018	
19.43	0.502	0.005	-0.014	
19.47	0.502	0.005	-0.026	
19.50	0.502	0.003	-0.032	
19.53	0.502	0.002	-0.028	
19.57	0.502	0.001	-0.016	
19.60	0.502	0.001	-0.003	
19.63	0.502	0.002	-0.030	
19.67	0.502	-0.001	-0.052	
19.70	0.502	-0.003	-0.037	
19.73	0.502	-0.004	-0.015	
19.77	0.502	-0.003	-0.002	
19.80	0.502	-0.003	-0.012	
19.83	0.502	-0.004	-0.012	
19.87	0.502	-0.005	0.000	
19.90	0.501	-0.004	-0.005	
19.93	0.501	-0.005	-0.015	
19.97	0.501	-0.005	-0.015	
20.00	0.501	-0.006	-0.015	
20.03	0.501	-0.007	-0.005	
20.07	0.501	-0.006	0.000	
20.10	0.500	-0.006	-0.011	
20.13	0.500	-0.007	-0.007	
20.17	0.500	-0.007	0.012	
20.20	0.500	-0.006	0.022	
20.23	0.499	-0.005	0.022	
20.27	0.499	-0.005	0.028	
20.30	0.499	-0.003	0.034	
20.33	0.499	-0.002	0.037	
20.37	0.499	-0.001	0.048	
20.40	0.499	0.002	0.024	
20.43	0.499	0.001	-0.007	
20.47	0.499	0.000	-0.006	
20.50	0.499	0.001	-0.021	
20.53	0.499	0.001	-0.078	
20.57	0.499	-0.003	-0.161	
20.60	0.499	-0.015	-0.111	
20.63	0.498	-0.016	0.090	
20.67	0.498	-0.004	0.187	
20.70	0.498	0.001	0.172	
20.73	0.498	0.005	0.195	
20.77	0.498	0.011	0.250	
20.80	0.498	0.027	0.143	
20.83	0.501	0.027	-0.126	
20.87	0.501	0.012	-0.214	
20.90	0.501	0.007	-0.122	
20.93	0.501	0.005	-0.042	
20.97	0.501	0.006	-0.003	
21.00	0.501	0.006	-0.009	
21.03	0.502	0.005	-0.024	
21.07	0.502	0.004	-0.012	
21.10	0.502	0.004	-0.000	
21.13	0.502	0.004	0.006	
21.17	0.502	0.006	-0.009	
21.20	0.502	0.003	-0.030	
21.23	0.502	0.003	-0.030	
21.27	0.503	0.002	-0.040	
21.30	0.502	0.000	-0.046	
21.33	0.503	-0.002	-0.034	
21.37	0.502	-0.002	-0.016	
21.40	0.502	-0.003	-0.010	
21.43	0.502	-0.003	-0.016	
21.47	0.502	-0.003	-0.034	
21.50	0.502	-0.005	-0.046	
21.53	0.502	-0.007	-0.043	
21.57	0.501	-0.008	-0.060	
21.60	0.501	-0.009	-0.119	
21.63	0.501	-0.014	-0.195	
21.67	0.501	-0.028	-0.108	
21.70	0.499	-0.028	0.141	
21.73	0.499	-0.012	0.220	
21.77	0.498	-0.007	0.128	
21.80	0.498	-0.005	0.056	
21.83	0.498	-0.005	0.040	
21.87	0.498	-0.004	0.090	
21.90	0.498	-0.000	0.171	
21.93	0.498	0.008	0.213	
21.97	0.498	0.019	0.101	
22.00	0.499	0.019	-0.128	
22.03	0.500	0.006	-0.234	
22.07	0.499	-0.000	-0.231	
22.10	0.500	-0.007	-0.250	
22.13	0.499	-0.022	-0.115	
22.17	0.498	-0.022	0.197	
22.20	0.497	-0.003	0.327	
22.23	0.498	0.007	0.231	
22.27	0.498	0.019	-0.032	
22.30	0.500	0.003	-0.228	
22.33	0.498	-0.011	-0.042	
22.37	0.498	0.001	0.174	
22.40	0.498	0.007	0.226	
22.43	0.499	0.015	0.241	
22.47	0.499	0.028	0.110	
22.50	0.501	0.027	-0.127	
22.53	0.501	0.013	-0.195	
22.57	0.502	0.009	-0.117	
22.60	0.502	0.007	-0.043	
22.63	0.502	0.008	-0.024	
22.67	0.502	0.006	-0.038	
22.70	0.502	0.005	-0.038	
22.73	0.503	0.003	-0.033	
22.77	0.502	0.003	-0.024	
22.80	0.503	0.002	-0.027	
22.83	0.503	0.001	-0.027	
22.87	0.503	0.000	-0.023	
22.90	0.503	-0.001	-0.026	
22.93	0.503	-0.002	-0.023	
22.97	0.502	-0.002	-0.012	
23.00	0.503	-0.003	-0.005	
23.03	0.502	-0.003	-0.006	
23.07	0.502	-0.003	-0.020	
23.10	0.502	-0.003	-0.064	
23.13	0.502	-0.006	-0.133	
23.17	0.502	-0.011	-0.200	
23.20	0.502	-0.025	-0.102	
23.23	0.500	-0.026	0.192	
23.27	0.500	-0.007	0.336	
23.30	0.499	0.010	0.126	
23.33	0.501	0.007	-0.243	
23.37	0.501	-0.020	-0.260	
23.40	0.499	-0.021	0.019	
23.43	0.499	-0.011	0.147	
23.47	0.498	-0.008	0.190	
23.50	0.498	-0.001	0.230	
23.53	0.498	0.014	0.107	
23.57	0.500	0.013	-0.154	
23.60	0.499	-0.010	-0.084	
23.63	0.498	0.001	0.144	
23.67	0.499	0.014	0.039	
23.70	0.500	0.003	-0.079	
23.73	0.499	0.002	-0.045	
23.77	0.500	0.001	-0.013	
23.80	0.499	0.001	0.013	
23.83	0.500	0.003	0.016	
23.87	0.500	0.004	-0.036	
23.90	0.500	0.001	-0.120	
23.93	0.500	-0.004	-0.189	
23.97	0.500	-0.018	-0.067	
24.00	0.498	-0.015	0.232	
24.03	0.498	0.004	0.352	
24.07	0.499	0.020	0.166	
24.10	0.501	0.012	0.027	
24.13	0.499	0.014	0.073	
24.17	0.501	0.024	-0.036	
24.20	0.501	0.011	-0.138	
24.23	0.501	0.009	-0.087	
24.27	0.502	0.007	-0.056	
24.30	0.502	0.006	-0.032	
24.33	0.502	0.005	-0.023	
24.37	0.502	0.005	-0.027	
24.40	0.503	0.003	-0.027	
24.43	0.502	0.003	-0.024	
24.47	0.503	0.002	-0.030	
24.50	0.503	0.000	-0.034	
24.53	0.503	-0.000	-0.034	
24.57	0.503	-0.002	-0.030	
24.60	0.503	-0.003	-0.023	
24.63	0.502	-0.003	-0.026	
24.67	0.502	-0.005	-0.023	
24.70	0.502	-0.005	-0.012	
24.73	0.502	-0.005	-0.005	
24.77	0.502	-0.005	-0.006	
24.80	0.502	-0.005	-0.018	
24.83	0.501	-0.006	-0.053	
24.87	0.501	-0.008	-0.109	
24.90	0.501	-0.012	-0.165	
24.93	0.501	-0.022	-0.120	
24.97	0.499	-0.026	0.083	
25.00	0.499	-0.013	0.184	
25.03	0.499	-0.008	0.115	
25.07	0.498	-0.007	0.066	
25.10	0.498	-0.005	0.079	
25.13	0.498	-0.003	0.143	
25.17	0.498	0.003	0.216	
25.20	0.498	0.017	0.121	
25.23	0.500	0.016	-0.114	
25.27	0.499	0.003	-0.182	
25.30	0.499	-0.001	-0.097	
25.33	0.499	-0.002	-0.018	
25.37	0.499	-0.001	0.018	
25.40	0.499	0.000	0.020	
25.43	0.499	0.001	0.018	
25.47	0.499	0.002	-0.015	
25.50	0.499	0.001	-0.079	
25.53	0.499	-0.003	-0.118	
25.57	0.500	-0.013	0.013	
25.60	0.498	-0.008	0.284	
25.63	0.498	0.019	0.221	
25.67	0.500	0.010	0.046	
25.70	0.498	0.012	0.089	
25.73	0.501	0.023	-0.020	
25.77	0.501	0.012	-0.136	
25.80	0.501	0.007	-0.098	
25.83	0.501	0.005	-0.048	
25.87	0.502	0.005	-0.015	
25.90	0.501	0.005	-0.010	
25.93	0.502	0.005	-0.015	
25.97	0.502	0.004	-0.011	
26.00	0.502	0.004	-0.012	
26.03	0.502	0.003	-0.019	
26.07	0.502	0.003	-0.019	
26.10	0.502	0.002	-0.026	
26.13	0.502	0.001	-0.023	
26.17	0.502	0.000	-0.012	
26.20	0.502	0.000	-0.009	
26.23	0.502	-0.000	-0.016	
26.27	0.502	-0.001	-0.031	
26.30	0.502	-0.003	-0.034	
26.33	0.502	-0.004	-0.013	
26.37	0.502	-0.004	0.013	
26.40	0.502	-0.001	-0.017	
26.43	0.502	-0.004	-0.063	
26.47	0.502	-0.007	-0.082	
26.50	0.502	-0.009	-0.124	
26.53	0.501	-0.013	-0.189	
26.57	0.501	-0.026	-0.134	
26.60	0.499	-0.028	0.080	
26.63	0.499	-0.016	0.196	
26.67	0.498	-0.010	0.159	
26.70	0.498	-0.006	0.103	
26.73	0.498	-0.005	0.097	
26.77	0.498	-0.001	0.146	
26.80	0.498	0.004	0.196	
26.83	0.498	0.017	0.112	
26.87	0.499	0.017	-0.097	
26.90	0.499	0.005	-0.171	
26.93	0.499	0.001	-0.111	
26.97	0.499	-0.002	-0.042	
27.00	0.499	-0.002	0.021	
27.03	0.499	0.000	0.052	
27.07	0.499	0.003	0.045	
27.10	0.499	0.005	-0.028	
27.13	0.500	0.002	-0.129	
27.17	0.500	-0.003	-0.203	
27.20	0.500	-0.017	-0.109	
27.23	0.498	-0.016	0.142	
27.27	0.498	-0.003	0.261	
27.30	0.498	0.005	0.257	
27.33	0.499	0.013	0.254	
27.37	0.499	0.026	0.131	
27.40	0.501	0.026	-0.106	
27.43	0.501	0.013	-0.190	
27.47	0.501	0.009	-0.127	
27.50	0.501	0.006	-0.063	
27.53	0.502	0.005	-0.020	
27.57	0.502	0.005	-0.010	
27.60	0.502	0.005	-0.013	
27.63	0.502	0.005	-0.027	
27.67	0.502	0.003	-0.037	
27.70	0.502	0.002	-0.040	
27.73	0.502	0.000	-0.036	
27.77	0.502	-0.001	-0.006	
27.80	0.502	-0.000	0.016	
27.83	0.502	0.001	0.013	
27.87	0.502	0.002	-0.030	
27.90	0.502	-0.002	-0.065	
27.93	0.502	-0.004	-0.048	
27.97	0.502	-0.005	-0.022	
28.00	0.502	-0.005	-0.006	
28.03	0.502	-0.005	-0.001	
28.07	0.501	-0.005	-0.002	
28.10	0.501	-0.005	-0.010	
28.13	0.501	-0.005	-0.049	
28.17	0.501	-0.007	-0.127	
28.20	0.501	-0.012	-0.219	
28.23	0.501	-0.028	-0.131	
28.27	0.498	-0.028	0.157	
28.30	0.498	-0.012	0.320	
28.33	0.498	-0.002	0.335	
28.37	0.498	0.015	0.190	
28.40	0.499	0.015	-0.087	
28.43	0.499	0.002	-0.169	
28.47	0.499	-0.002	-0.088	
28.50	0.499	-0.003	-0.023	
28.53	0.499	-0.002	0.002	
28.57	0.499	-0.001	-0.015	
28.60	0.499	-0.002	-0.064	
28.63	0.499	-0.009	-0.028	
28.67	0.498	-0.003	0.004	
28.70	0.499	-0.005	-0.052	
28.73	0.498	-0.014	0.081	
28.77	0.498	-0.000	0.224	
28.80	0.498	0.007	0.202	
28.83	0.498	0.020	-0.018	
28.87	0.500	0.006	-0.245	
28.90	0.498	-0.010	-0.093	
28.93	0.499	-0.001	0.105	
28.97	0.499	0.004	0.133	
29.00	0.499	0.007	0.160	
29.03	0.499	0.012	0.220	
29.07	0.499	0.027	0.126	
29.10	0.501	0.027	-0.138	
29.13	0.502	0.012	-0.227	
29.17	0.502	0.005	-0.126	
29.20	0.502	0.005	-0.037	
29.23	0.502	0.005	-0.001	
29.27	0.502	0.005	0.002	
29.30	0.502	0.005	-0.007	
29.33	0.503	0.006	-0.034	
29.37	0.503	0.002	-0.038	
29.40	0.503	0.002	-0.023	
29.43	0.503	0.002	-0.035	
29.47	0.503	0.000	-0.047	
29.50	0.503	-0.002	-0.044	
29.53	0.503	-0.003	-0.038	
29.57	0.503	-0.005	-0.030	
29.60	0.502	-0.005	-0.020	
29.63	0.502	-0.006	-0.016	
29.67	0.502	-0.007	-0.005	
29.70	0.502	-0.006	0.000	
29.73	0.502	-0.006	-0.011	
29.77	0.502	-0.007	-0.008	
29.80	0.501	-0.007	0.010	
29.83	0.501	-0.006	0.010	
29.87	0.501	-0.005	-0.028	
29.90	0.501	-0.007	-0.073	
29.93	0.500	-0.010	-0.090	
29.97	0.500	-0.021	0.079	
30.00	0.498	-0.005	0.227	
30.03	0.500	0.009	0.001	
30.07	0.500	-0.005	-0.209	
30.10	0.500	-0.018	-0.073	
30.13	0.498	-0.018	0.268	
30.17	0.498	0.011	0.328	
30.20	0.500	0.018	0.023	
30.23	0.499	0.006	-0.139	
30.27	0.500	0.000	-0.088	
30.30	0.499	0.000	-0.018	
30.33	0.500	0.002	-0.024	
30.37	0.499	0.001	-0.102	
30.40	0.500	-0.004	-0.191	
30.43	0.500	-0.018	-0.109	
30.47	0.498	-0.018	0.145	
30.50	0.498	-0.002	0.250	
30.53	0.498	0.005	0.176	
30.57	0.498	0.009	0.105	
30.60	0.499	0.009	0.114	
30.63	0.499	0.013	0.200	
30.67	0.499	0.028	0.135	
30.70	0.501	0.029	-0.118	
30.73	0.502	0.014	-0.217	
30.77	0.502	0.008	-0.134	
30.80	0.502	0.008	-0.082	
30.83	0.502	0.004	-0.062	
30.87	0.502	0.003	-0.040	
30.90	0.503	0.002	-0.037	
30.93	0.502	0.000	-0.035	
30.97	0.503	-0.000	-0.030	
31.00	0.502	-0.002	-0.015	
31.03	0.502	-0.002	0.009	
31.07	0.502	-0.001	0.015	
31.10	0.502	-0.000	0.002	
31.13	0.502	-0.000	-0.015	
31.17	0.502	-0.001	-0.038	
31.20	0.502	-0.002	-0.067	
31.23	0.502	-0.005	-0.088	
31.27	0.502	-0.016	0.074	
31.30	0.500	-0.001	0.227	
31.33	0.502	0.013	0.040	
31.37	0.502	0.001	-0.132	
31.40	0.502	-0.003	-0.135	
31.43	0.502	-0.007	-0.155	
31.47	0.501	-0.011	-0.204	
31.50	0.502	-0.025	-0.135	
31.53	0.499	-0.027	0.103	
31.57	0.499	-0.012	0.199	
31.60	0.499	-0.008	0.158	
31.63	0.499	-0.004	0.137	
31.67	0.499	-0.000	0.120	
31.70	0.498	0.010	-0.025	
31.73	0.500	-0.003	-0.120	
31.77	0.498	-0.012	0.143	
31.80	0.498	0.013	0.242	
31.83	0.500	0.017	0.003	
31.87	0.500	0.008	-0.121	
31.90	0.500	0.003	-0.096	
31.93	0.500	0.001	-0.039	
31.97	0.500	0.002	-0.013	
32.00	0.500	0.002	-0.049	
32.03	0.500	-0.000	-0.110	
32.07	0.500	-0.004	-0.178	
32.10	0.500	-0.018	-0.085	
32.13	0.499	-0.017	0.198	
32.17	0.499	0.001	0.336	
32.20	0.499	0.010	0.318	
32.23	0.499	0.025	0.187	
32.27	0.501	0.028	-0.091	
32.30	0.501	0.013	-0.194	
32.33	0.501	0.009	-0.116	
32.37	0.502	0.007	-0.061	
32.40	0.502	0.006	-0.029	
32.43	0.502	0.005	-0.016	
32.47	0.502	0.005	-0.015	
32.50	0.503	0.005	-0.024	
32.53	0.503	0.003	-0.026	
32.57	0.503	0.003	-0.023	
32.60	0.503	0.002	-0.026	
32.63	0.503	0.001	-0.024	
32.67	0.503	0.000	-0.016	
32.70	0.503	-0.000	-0.020	
32.73	0.503	-0.001	-0.034	
32.77	0.503	-0.003	-0.044	
32.80	0.503	-0.004	-0.033	
32.83	0.503	-0.005	-0.015	
32.87	0.502	-0.005	-0.005	
32.90	0.502	-0.005	-0.001	
32.93	0.502	-0.005	-0.004	
32.97	0.502	-0.005	-0.035	
33.00	0.502	-0.006	-0.107	
33.03	0.502	-0.009	-0.219	
33.07	0.502	-0.027	-0.136	
33.10	0.499	-0.027	0.168	
33.13	0.499	-0.009	0.282	
33.17	0.499	0.006	0.029	
33.20	0.501	-0.009	-0.191	
33.23	0.498	-0.023	0.006	
33.27	0.498	-0.009	0.247	
33.30	0.498	-0.000	0.308	
33.33	0.498	0.017	0.178	
33.37	0.499	0.017	-0.109	
33.40	0.499	0.002	-0.191	
33.43	0.499	-0.001	-0.099	
33.47	0.499	-0.003	-0.022	
33.50	0.499	-0.002	0.028	
33.53	0.499	0.000	0.045	
33.57	0.499	0.002	0.038	
33.60	0.499	0.003	0.028	
33.63	0.499	0.003	0.029	
33.67	0.499	0.005	0.009	
33.70	0.499	0.005	-0.026	
33.73	0.500	0.005	-0.075	
33.77	0.500	-0.008	0.055	
33.80	0.498	0.006	0.232	
33.83	0.501	0.021	0.079	
33.87	0.501	0.011	-0.078	
33.90	0.501	0.009	-0.067	
33.93	0.501	0.007	-0.050	
33.97	0.501	0.006	-0.027	
34.00	0.501	0.005	-0.016	
34.03	0.502	0.005	-0.015	
34.07	0.502	0.005	-0.023	
34.10	0.502	0.003	-0.022	
34.13	0.502	0.003	-0.011	
34.17	0.502	0.003	-0.004	
34.20	0.502	0.003	-0.002	
34.23	0.502	0.003	-0.005	
34.27	0.502	0.002	-0.015	
34.30	0.503	0.002	-0.033	
34.33	0.502	0.000	-0.041	
34.37	0.503	-0.002	-0.026	
34.40	0.502	-0.002	-0.002	
34.43	0.502	-0.001	-0.003	
34.47	0.502	-0.002	-0.021	
34.50	0.502	-0.002	-0.070	
34.53	0.502	-0.006	-0.140	
34.57	0.502	-0.011	-0.176	
34.60	0.502	-0.023	-0.041	
34.63	0.500	-0.021	0.272	
34.67	0.500	0.005	0.302	
34.70	0.501	0.011	0.007	
34.73	0.501	-0.001	-0.136	
34.77	0.501	-0.005	-0.098	
34.80	0.501	-0.007	-0.038	
34.83	0.500	-0.007	0.017	
34.87	0.500	-0.005	0.040	
34.90	0.500	-0.003	0.033	
34.93	0.500	-0.003	0.015	
34.97	0.500	-0.003	0.005	
35.00	0.500	-0.003	0.002	
35.03	0.499	-0.003	0.005	
35.07	0.500	-0.002	0.017	
35.10	0.499	-0.002	0.039	
35.13	0.499	0.000	0.055	
35.17	0.499	0.003	0.048	
35.20	0.500	0.005	0.004	
35.23	0.500	0.002	-0.020	
35.27	0.500	0.002	-0.009	
35.30	0.500	0.002	-0.007	
35.33	0.500	0.001	0.004	
35.37	0.500	0.003	-0.010	
35.40	0.500	0.003	-0.083	
35.43	0.500	-0.001	-0.175	
35.47	0.500	-0.015	-0.094	
35.50	0.499	-0.014	0.168	
35.53	0.499	0.001	0.310	
35.57	0.499	0.010	0.320	
35.60	0.499	0.027	0.167	
35.63	0.501	0.026	-0.114	
35.67	0.501	0.013	-0.211	
35.70	0.502	0.007	-0.141	
35.73	0.502	0.004	-0.057	
35.77	0.502	0.005	-0.017	
35.80	0.502	0.004	-0.028	
35.83	0.502	0.003	-0.040	
35.87	0.502	0.001	-0.030	
35.90	0.502	0.000	-0.012	
35.93	0.502	0.000	-0.002	
35.97	0.502	0.001	-0.017	
36.00	0.502	-0.001	-0.026	
36.03	0.502	-0.001	-0.030	
36.07	0.502	-0.003	-0.040	
36.10	0.502	-0.004	-0.031	
36.13	0.502	-0.005	-0.016	
36.17	0.502	-0.005	-0.009	
36.20	0.502	-0.005	-0.011	
36.23	0.501	-0.006	-0.018	
36.27	0.501	-0.007	-0.013	
36.30	0.501	-0.007	-0.003	
36.33	0.501	-0.006	-0.038	
36.37	0.501	-0.007	-0.125	
36.40	0.501	-0.013	-0.203	
36.43	0.500	-0.028	-0.074	
36.47	0.498	-0.026	0.253	
36.50	0.498	-0.006	0.421	
36.53	0.498	0.014	0.255	
36.57	0.499	0.016	-0.049	
36.60	0.499	0.003	-0.161	
36.63	0.499	-0.002	-0.077	
36.67	0.499	0.000	-0.018	
36.70	0.499	-0.001	0.000	
36.73	0.499	-0.000	0.014	
36.77	0.499	0.000	0.017	
36.80	0.499	0.001	0.025	
36.83	0.499	0.002	0.024	
36.87	0.499	0.002	0.016	
36.90	0.499	0.003	0.015	
36.93	0.499	0.003	0.023	
36.97	0.500	0.005	0.022	
37.00	0.500	0.005	0.011	
37.03	0.500	0.005	0.004	
37.07	0.500	0.005	0.001	
37.10	0.500	0.005	0.000	
37.13	0.500	0.005	-0.000	
37.17	0.501	0.005	-0.000	
37.20	0.501	0.005	0.000	
37.23	0.501	0.005	0.001	
37.27	0.501	0.005	0.007	
37.30	0.501	0.005	0.014	
37.33	0.501	0.006	0.021	
37.37	0.502	0.008	-0.004	
37.40	0.502	0.006	-0.033	
37.43	0.502	0.005	-0.037	
37.47	0.502	0.003	-0.033	
37.50	0.502	0.003	-0.024	
37.53	0.502	0.002	-0.028	
37.57	0.502	0.001	-0.028	
37.60	0.502	0.000	-0.027	
37.63	0.502	-0.001	-0.038	
37.67	0.502	-0.003	-0.045	
37.70	0.502	-0.004	-0.034	
37.73	0.502	-0.005	-0.015	
37.77	0.502	-0.005	-0.005	
37.80	0.502	-0.005	-0.002	
37.83	0.501	-0.005	-0.004	
37.87	0.501	-0.005	-0.010	
37.90	0.501	-0.006	-0.018	
37.93	0.501	-0.007	-0.011	
37.97	0.501	-0.007	0.011	
38.00	0.501	-0.006	0.019	
38.03	0.500	-0.005	0.017	
38.07	0.500	-0.005	0.019	
38.10	0.500	-0.004	0.027	
38.13	0.500	-0.002	0.011	
38.17	0.500	-0.004	-0.004	
38.20	0.500	-0.003	-0.003	
38.23	0.500	-0.003	-0.013	
38.27	0.499	-0.004	-0.004	
38.30	0.499	-0.004	0.023	
38.33	0.499	-0.003	0.040	
38.37	0.499	-0.001	0.033	
38.40	0.499	-0.000	0.016	
38.43	0.499	0.000	0.009	
38.47	0.499	0.000	0.012	
38.50	0.499	0.001	0.023	
38.53	0.499	0.002	0.026	
38.57	0.499	0.003	0.023	
38.60	0.499	0.003	0.027	
38.63	0.500	0.005	0.027	
38.67	0.500	0.005	0.022	
38.70	0.500	0.006	0.024	
38.73	0.500	0.007	0.022	
38.77	0.500	0.007	0.011	
38.80	0.500	0.007	0.015	
38.83	0.501	0.010	-0.010	
38.87	0.501	0.006	-0.037	
38.90	0.501	0.006	-0.023	
38.93	0.502	0.005	-0.014	
38.97	0.501	0.005	-0.013	
39.00	0.502	0.005	-0.023	
39.03	0.502	0.003	-0.022	
39.07	0.502	0.003	-0.011	
39.10	0.502	0.003	-0.005	
39.13	0.502	0.003	-0.006	
39.17	0.502	0.002	-0.015	
39.20	0.502	0.002	-0.033	
39.23	0.502	0.000	-0.041	
39.27	0.502	-0.002	-0.027	
39.30	0.502	-0.002	-0.009	
39.33	0.502	-0.001	-0.016	
39.37	0.502	-0.003	-0.034	
39.40	0.502	-0.004	-0.029	
39.43	0.502	-0.005	-0.018	
39.47	0.502	-0.005	-0.040	
39.50	0.501	-0.006	-0.109	
39.53	0.501	-0.009	-0.225	
39.57	0.501	-0.027	-0.161	
39.60	0.499	-0.029	0.145	
39.63	0.499	-0.012	0.325	
39.67	0.499	-0.002	0.322	
39.70	0.499	0.013	0.167	
39.73	0.500	0.013	-0.093	
39.77	0.500	0.001	-0.173	
39.80	0.500	-0.004	-0.093	
39.83	0.500	-0.005	-0.018	
39.87	0.499	-0.003	0.015	
39.90	0.499	-0.003	0.015	
39.93	0.499	-0.002	0.019	
39.97	0.499	-0.002	0.030	
40.00	0.499	-0.000	0.034	
40.03	0.499	0.001	0.015	
40.07	0.499	0.001	0.005	
40.10	0.499	0.001	0.017	
40.13	0.499	0.002	0.023	
40.17	0.499	0.003	0.020	
40.20	0.499	0.003	0.026	
40.23	0.500	0.004	0.026	
40.27	0.500	0.004	0.029	
40.30	0.500	0.007	0.004	
40.33	0.500	0.006	-0.049	
40.37	0.500	0.003	-0.063	
40.40	0.500	0.002	-0.062	
40.43	0.501	-0.007	0.088	
40.47	0.499	0.006	0.252	
40.50	0.501	0.022	0.098	
40.53	0.501	0.014	-0.083	
40.57	0.502	0.009	-0.094	
40.60	0.502	0.006	-0.057	
40.63	0.502	0.007	-0.035	
40.67	0.502	0.005	-0.048	
40.70	0.502	0.003	-0.070	
40.73	0.503	0.001	-0.097	
40.77	0.502	-0.003	-0.110	
40.80	0.503	-0.014	0.052	
40.83	0.501	0.000	0.220	
40.87	0.503	0.014	0.064	
40.90	0.502	0.003	-0.081	
40.93	0.503	0.001	-0.057	
40.97	0.502	0.000	-0.030	
41.00	0.503	0.001	-0.035	
41.03	0.503	-0.002	-0.056	
41.07	0.502	-0.003	-0.063	
41.10	0.502	-0.007	-0.052	
41.13	0.502	-0.007	-0.029	
41.17	0.502	-0.008	-0.038	
41.20	0.501	-0.009	-0.070	
41.23	0.501	-0.011	-0.123	
41.27	0.501	-0.023	-0.037	
41.30	0.499	-0.013	0.052	
41.33	0.501	-0.012	-0.032	
41.37	0.499	-0.022	0.031	
41.40	0.498	-0.012	0.130	
41.43	0.498	-0.009	0.140	
41.47	0.498	-0.004	0.182	
41.50	0.498	0.002	0.239	
41.53	0.498	0.017	0.150	
41.57	0.500	0.018	-0.103	
41.60	0.499	0.004	-0.208	
41.63	0.499	-0.000	-0.189	
41.67	0.499	-0.005	-0.198	
41.70	0.499	-0.017	-0.101	
41.73	0.498	-0.018	0.123	
41.77	0.498	-0.003	0.206	
41.80	0.498	0.002	0.135	
41.83	0.498	0.005	0.067	
41.87	0.498	0.005	0.024	
41.90	0.498	0.005	0.016	
41.93	0.499	0.006	0.022	
41.97	0.499	0.007	0.027	
42.00	0.499	0.007	0.051	
42.03	0.499	0.008	0.123	
42.07	0.499	0.015	0.191	
42.10	0.500	0.027	0.083	
42.13	0.502	0.025	-0.145	
42.17	0.502	0.011	-0.201	
42.20	0.502	0.007	-0.114	
42.23	0.502	0.005	-0.046	
42.27	0.502	0.005	-0.018	
42.30	0.502	0.005	-0.013	
42.33	0.503	0.004	-0.002	
42.37	0.503	0.004	0.017	
42.40	0.503	0.007	-0.016	
42.43	0.503	0.003	-0.056	
42.47	0.503	0.001	-0.048	
42.50	0.503	0.000	-0.033	
42.53	0.503	-0.001	-0.029	
42.57	0.503	-0.002	-0.028	
42.60	0.503	-0.003	-0.023	
42.63	0.503	-0.003	-0.027	
42.67	0.503	-0.005	-0.027	
42.70	0.503	-0.005	-0.024	
42.73	0.502	-0.006	-0.035	
42.77	0.502	-0.007	-0.068	
42.80	0.502	-0.009	-0.127	
42.83	0.502	-0.014	-0.202	
42.87	0.501	-0.028	-0.120	
42.90	0.500	-0.028	0.120	
42.93	0.499	-0.014	0.202	
42.97	0.499	-0.009	0.127	
43.00	0.499	-0.007	0.068	
43.03	0.499	-0.006	0.037	
43.07	0.498	-0.005	0.030	
43.10	0.498	-0.004	0.037	
43.13	0.498	-0.002	0.038	
43.17	0.498	-0.000	0.005	
43.20	0.498	-0.003	-0.006	
43.23	0.498	-0.002	0.020	
43.27	0.498	-0.001	0.023	
43.30	0.498	-0.000	0.014	
43.33	0.498	0.000	0.009	
43.37	0.498	0.000	0.012	
43.40	0.498	0.001	0.023	
43.43	0.498	0.002	0.026	
43.47	0.498	0.003	0.023	
43.50	0.498	0.003	0.027	
43.53	0.498	0.005	0.028	
43.57	0.498	0.005	0.032	
43.60	0.499	0.006	0.071	
43.63	0.499	0.009	0.137	
43.67	0.499	0.014	0.205	
43.70	0.499	0.028	0.113	
43.73	0.501	0.028	-0.135	
43.77	0.501	0.012	-0.204	
43.80	0.502	0.008	-0.098	
43.83	0.502	0.008	-0.028	
43.87	0.502	0.009	-0.043	
43.90	0.503	0.005	-0.063	
43.93	0.502	0.003	-0.037	
43.97	0.503	0.003	-0.020	
44.00	0.503	0.002	-0.018	
44.03	0.503	0.002	-0.033	
44.07	0.503	0.000	-0.041	
44.10	0.503	-0.002	-0.027	
44.13	0.503	-0.002	-0.008	
44.17	0.503	-0.001	-0.012	
44.20	0.503	-0.003	-0.023	
44.23	0.503	-0.004	-0.012	
44.27	0.502	-0.003	-0.005	
44.30	0.502	-0.003	-0.020	
44.33	0.502	-0.005	-0.030	
44.37	0.502	-0.006	-0.031	
44.40	0.502	-0.007	-0.027	
44.43	0.502	-0.007	-0.039	
44.47	0.501	-0.008	-0.094	
44.50	0.501	-0.013	-0.136	
44.53	0.501	-0.024	0.014	
44.57	0.499	-0.018	0.293	
44.60	0.499	0.006	0.281	
44.63	0.500	0.011	-0.007	
44.67	0.500	-0.001	-0.134	
44.70	0.500	-0.004	-0.079	
44.73	0.500	-0.005	-0.020	
44.77	0.499	-0.005	0.018	
44.80	0.500	-0.003	0.027	
44.83	0.499	-0.003	0.026	
44.87	0.499	-0.002	0.034	
44.90	0.499	-0.000	0.035	
44.93	0.499	0.001	0.014	
44.97	0.499	0.001	-0.004	
45.00	0.499	0.001	-0.024	
45.03	0.499	0.001	-0.083	
45.07	0.500	-0.003	-0.162	
45.10	0.499	-0.016	-0.092	
45.13	0.498	-0.015	0.115	
45.17	0.498	-0.003	0.187	
45.20	0.498	0.002	0.134	
45.23	0.498	0.005	0.083	
45.27	0.499	0.008	0.032	
45.30	0.499	0.006	0.039	
45.33	0.499	0.008	0.120	
45.37	0.499	0.013	0.202	
45.40	0.499	0.027	0.107	
45.43	0.502	0.026	-0.137	
45.47	0.502	0.012	-0.208	
45.50	0.502	0.007	-0.120	
45.53	0.502	0.005	-0.050	
45.57	0.502	0.005	-0.025	
45.60	0.502	0.004	-0.035	
45.63	0.503	0.003	-0.044	
45.67	0.502	0.001	-0.034	
45.70	0.503	0.000	-0.020	
45.73	0.502	-0.000	-0.020	
45.77	0.503	-0.001	-0.031	
45.80	0.502	-0.002	-0.038	
45.83	0.502	-0.004	-0.026	
45.87	0.502	-0.004	-0.022	
45.90	0.502	-0.005	-0.027	
45.93	0.502	-0.006	-0.009	
45.97	0.502	-0.005	-0.015	
46.00	0.501	-0.006	-0.047	
46.03	0.501	-0.007	-0.092	
46.07	0.501	-0.019	0.026	
46.10	0.499	-0.007	0.158	
46.13	0.501	0.005	-0.049	
46.17	0.501	-0.009	-0.265	
46.20	0.500	-0.026	-0.124	
46.23	0.498	-0.025	0.221	
46.27	0.498	-0.005	0.400	
46.30	0.498	0.014	0.241	
46.33	0.500	0.015	-0.063	
46.37	0.499	0.002	-0.170	
46.40	0.499	-0.002	-0.098	
46.43	0.499	-0.003	-0.040	
46.47	0.499	-0.004	0.006	
46.50	0.499	-0.002	0.033	
46.53	0.499	-0.001	0.030	
46.57	0.499	-0.000	0.015	
46.60	0.499	0.000	0.004	
46.63	0.499	0.000	-0.013	
46.67	0.499	-0.000	-0.043	
46.70	0.499	-0.002	-0.074	
46.73	0.499	-0.009	-0.013	
46.77	0.498	-0.009	0.185	
46.80	0.498	0.012	0.161	
46.83	0.500	0.007	0.002	
46.87	0.498	0.007	-0.014	
46.90	0.500	0.006	-0.011	
46.93	0.499	-0.001	0.160	
46.97	0.499	0.022	0.188	
47.00	0.501	0.023	-0.062	
47.03	0.501	0.011	-0.159	
47.07	0.501	0.007	-0.106	
47.10	0.502	0.005	-0.051	
47.13	0.502	0.005	-0.027	
47.17	0.502	0.003	-0.017	
47.20	0.502	0.003	-0.004	
47.23	0.502	0.004	-0.012	
47.27	0.502	0.003	-0.026	
47.30	0.502	0.001	-0.017	
47.33	0.502	0.002	-0.006	
47.37	0.502	0.001	0.001	
47.40	0.502	0.001	0.009	
47.43	0.502	0.004	-0.036	
47.47	0.503	-0.001	-0.075	
47.50	0.502	-0.004	-0.056	
47.53	0.502	-0.005	-0.055	
47.57	0.502	-0.005	-0.108	
47.60	0.502	-0.011	-0.162	
47.63	0.502	-0.023	-0.030	
47.67	0.500	-0.020	0.269	
47.70	0.499	0.006	0.278	
47.73	0.501	0.011	-0.053	
47.77	0.501	-0.003	-0.268	
47.80	0.501	-0.013	-0.299	
47.83	0.500	-0.029	-0.124	
47.87	0.498	-0.028	0.237	
47.90	0.498	-0.008	0.427	
47.93	0.498	0.013	0.265	
47.97	0.499	0.015	-0.056	
48.00	0.499	0.001	-0.170	
48.03	0.499	-0.003	-0.080	
48.07	0.499	-0.003	0.003	
48.10	0.499	-0.001	0.046	
48.13	0.499	0.002	0.025	
48.17	0.499	0.001	-0.009	
48.20	0.499	0.000	-0.006	
48.23	0.499	0.000	0.006	
48.27	0.499	0.001	0.022	
48.30	0.499	0.002	0.025	
48.33	0.499	0.003	0.019	
48.37	0.499	0.003	0.016	
48.40	0.499	0.004	0.006	
48.43	0.500	0.003	0.003	
48.47	0.499	0.003	0.017	
48.50	0.500	0.005	-0.004	
48.53	0.500	0.005	-0.082	
48.57	0.500	0.001	-0.177	
48.60	0.500	-0.013	-0.081	
48.63	0.499	-0.012	0.213	
48.67	0.499	0.006	0.374	
48.70	0.499	0.024	0.225	
48.73	0.501	0.026	-0.072	
48.77	0.501	0.012	-0.175	
48.80	0.501	0.008	-0.093	
48.83	0.502	0.008	-0.050	
48.87	0.502	0.006	-0.047	
48.90	0.502	0.005	-0.053	
48.93	0.502	0.002	-0.063	
48.97	0.502	0.000	-0.062	
49.00	0.502	-0.002	-0.067	
49.03	0.502	-0.004	-0.080	
49.07	0.502	-0.006	-0.096	
49.10	0.502	-0.017	0.051	
49.13	0.500	-0.004	0.217	
49.17	0.502	0.010	0.056	
49.20	0.502	-0.000	-0.115	
49.23	0.501	-0.005	-0.116	
49.27	0.501	-0.007	-0.127	
49.30	0.501	-0.010	-0.162	
49.33	0.501	-0.024	-0.024	
49.37	0.499	-0.021	0.308	
49.40	0.499	0.009	0.312	
49.43	0.500	0.013	-0.046	
49.47	0.500	-0.001	-0.244	
49.50	0.500	-0.011	-0.200	
49.53	0.500	-0.022	0.068	
49.57	0.498	-0.005	0.291	
49.60	0.500	0.013	0.096	
49.63	0.500	0.001	-0.103	
49.67	0.499	-0.003	-0.075	
49.70	0.499	-0.004	-0.012	
49.73	0.499	-0.003	0.034	
49.77	0.499	-0.001	0.032	
49.80	0.499	-0.000	0.016	
49.83	0.499	0.000	0.010	
49.87	0.499	0.000	0.015	
49.90	0.499	0.001	0.024	
49.93	0.499	0.003	-0.002	
49.97	0.499	0.003	-0.079	
50.00	0.499	-0.002	-0.145	
50.03	0.500	-0.015	0.008	
50.07	0.498	-0.009	0.341	
50.10	0.498	0.021	0.328	
50.13	0.500	0.025	-0.001	
50.17	0.500	0.012	-0.140	
50.20	0.500	0.009	-0.092	
50.23	0.501	0.007	-0.040	
50.27	0.501	0.007	-0.006	
50.30	0.501	0.008	-0.012	
50.33	0.501	0.006	-0.026	
50.37	0.501	0.005	-0.015	
50.40	0.502	0.005	-0.007	
50.43	0.502	0.005	-0.001	
50.47	0.502	0.005	-0.000	
50.50	0.502	0.005	-0.002	
50.53	0.502	0.005	-0.014	
50.57	0.502	0.005	-0.055	
50.60	0.503	0.003	-0.115	
50.63	0.503	-0.003	-0.146	
50.67	0.503	-0.015	0.030	
50.70	0.501	-0.002	0.220	
50.73	0.503	0.013	0.055	
50.77	0.503	0.002	-0.155	
50.80	0.503	-0.003	-0.227	
50.83	0.502	-0.011	-0.279	
50.87	0.502	-0.027	-0.151	
50.90	0.500	-0.028	0.154	
50.93	0.500	-0.012	0.326	
50.97	0.500	-0.002	0.340	
51.00	0.499	0.016	0.165	
51.03	0.501	0.015	-0.175	
51.07	0.501	-0.002	-0.327	
51.10	0.501	-0.012	-0.278	
51.13	0.500	-0.026	-0.041	
51.17	0.498	-0.021	0.333	
51.20	0.498	0.009	0.349	
51.23	0.500	0.014	0.030	
51.27	0.500	0.003	-0.123	
51.30	0.500	-0.001	-0.083	
51.33	0.499	-0.002	-0.017	
51.37	0.500	-0.001	0.008	
51.40	0.499	0.000	-0.026	
51.43	0.500	-0.001	-0.096	
51.47	0.499	-0.005	-0.183	
51.50	0.500	-0.019	-0.103	
51.53	0.498	-0.018	0.143	
51.57	0.498	-0.003	0.211	
51.60	0.498	0.001	0.146	
51.63	0.498	0.005	0.110	
51.67	0.498	0.007	0.105	
51.70	0.499	0.011	0.142	
51.73	0.499	0.015	0.203	
51.77	0.499	0.030	0.113	
51.80	0.501	0.029	-0.133	
51.83	0.501	0.014	-0.207	
51.87	0.502	0.009	-0.123	
51.90	0.502	0.008	-0.057	
51.93	0.502	0.007	-0.032	
51.97	0.502	0.006	-0.024	
52.00	0.503	0.005	-0.015	
52.03	0.503	0.005	-0.016	
52.07	0.503	0.005	-0.025	
52.10	0.503	0.003	-0.034	
52.13	0.503	0.003	-0.059	
52.17	0.503	0.000	-0.105	
52.20	0.504	-0.004	-0.141	
52.23	0.503	-0.016	-0.004	
52.27	0.502	-0.005	0.149	
52.30	0.503	-0.000	0.152	
52.33	0.502	0.004	0.147	
52.37	0.503	0.015	0.003	
52.40	0.503	0.005	-0.141	
52.43	0.504	-0.001	-0.127	
52.47	0.503	-0.004	-0.078	
52.50	0.503	-0.005	-0.038	
52.53	0.503	-0.006	-0.033	
52.57	0.503	-0.007	-0.048	
52.60	0.502	-0.009	-0.065	
52.63	0.502	-0.011	-0.079	
52.67	0.502	-0.020	0.060	
52.70	0.500	-0.008	0.208	
52.73	0.501	0.005	0.062	
52.77	0.501	-0.003	-0.104	
52.80	0.501	-0.008	-0.121	
52.83	0.501	-0.012	-0.091	
52.87	0.500	-0.019	0.080	
52.90	0.499	-0.007	0.238	
52.93	0.500	0.008	0.109	
52.97	0.500	0.001	-0.043	
53.00	0.500	-0.001	-0.040	
53.03	0.500	-0.002	-0.010	
53.07	0.500	-0.001	-0.001	
53.10	0.500	0.001	-0.071	
53.13	0.500	-0.005	-0.139	
53.17	0.500	-0.016	-0.010	
53.20	0.498	-0.011	0.243	
53.23	0.498	0.013	0.172	
53.27	0.500	0.006	-0.064	
53.30	0.499	-0.005	0.019	
53.33	0.499	0.011	0.040	
53.37	0.501	0.003	-0.033	
53.40	0.499	-0.003	0.179	
53.43	0.499	0.021	0.223	
53.47	0.501	0.024	-0.042	
53.50	0.501	0.011	-0.161	
53.53	0.502	0.007	-0.103	
53.57	0.502	0.005	-0.033	
53.60	0.502	0.006	0.008	
53.63	0.502	0.007	0.006	
53.67	0.502	0.007	-0.020	
53.70	0.502	0.005	-0.030	
53.73	0.503	0.004	-0.012	
53.77	0.503	0.004	0.013	
53.80	0.503	0.007	-0.017	
53.83	0.503	0.003	-0.060	
53.87	0.503	0.001	-0.055	
53.90	0.503	-0.000	-0.044	
53.93	0.503	-0.002	-0.033	
53.97	0.503	-0.003	-0.024	
54.00	0.503	-0.003	-0.027	
54.03	0.503	-0.005	-0.024	
54.07	0.503	-0.005	-0.015	
54.10	0.503	-0.005	-0.015	
54.13	0.502	-0.006	-0.020	
54.17	0.502	-0.007	-0.015	
54.20	0.502	-0.007	0.000	
54.23	0.502	-0.006	-0.000	
54.27	0.501	-0.007	-0.000	
54.30	0.501	-0.007	0.014	
54.33	0.501	-0.006	0.015	
54.37	0.501	-0.005	0.002	
54.40	0.501	-0.006	-0.003	
54.43	0.501	-0.007	0.015	
54.47	0.500	-0.006	0.051	
54.50	0.500	-0.001	0.030	
54.53	0.500	-0.003	-0.018	
54.57	0.500	-0.004	-0.017	
54.60	0.500	-0.004	0.007	
54.63	0.500	-0.003	0.022	
54.67	0.500	-0.003	0.026	
54.70	0.499	-0.002	0.038	
54.73	0.500	0.000	0.045	
54.77	0.499	0.002	0.034	
54.80	0.500	0.002	0.016	
54.83	0.500	0.003	0.010	
54.87	0.500	0.003	0.016	
54.90	0.500	0.003	0.033	
54.93	0.500	0.005	0.040	
54.97	0.500	0.007	0.023	
55.00	0.501	0.007	-0.003	
55.03	0.501	0.006	-0.006	
55.07	0.501	0.006	0.009	
55.10	0.501	0.007	0.014	
55.13	0.501	0.007	0.003	
55.17	0.501	0.007	0.007	
55.20	0.502	0.008	-0.004	
55.23	0.502	0.006	-0.019	
55.27	0.502	0.007	-0.026	
55.30	0.503	0.005	-0.040	
55.33	0.502	0.003	-0.032	
55.37	0.503	0.003	-0.019	
55.40	0.503	0.002	-0.016	
55.43	0.503	0.002	-0.023	
55.47	0.503	0.001	-0.022	
55.50	0.503	0.000	-0.012	
55.53	0.503	0.000	-0.009	
55.57	0.503	-0.000	-0.016	
55.60	0.503	-0.001	-0.034	
55.63	0.503	-0.003	-0.044	
55.67	0.503	-0.004	-0.034	
55.70	0.503	-0.005	-0.020	
55.73	0.502	-0.005	-0.016	
55.77	0.502	-0.006	-0.022	
55.80	0.502	-0.007	-0.016	
55.83	0.502	-0.007	0.002	
55.87	0.501	-0.007	0.014	
55.90	0.501	-0.005	-0.007	
55.93	0.501	-0.007	-0.029	
55.97	0.501	-0.009	-0.007	
56.00	0.501	-0.008	0.015	
56.03	0.500	-0.006	0.002	
56.07	0.500	-0.007	-0.031	
56.10	0.500	-0.009	-0.050	
56.13	0.500	-0.010	-0.049	
56.17	0.499	-0.019	0.119	
56.20	0.498	-0.003	0.275	
56.23	0.499	0.013	0.086	
56.27	0.499	0.003	-0.120	
56.30	0.499	-0.002	-0.157	
56.33	0.499	-0.007	-0.159	
56.37	0.499	-0.018	0.018	
56.40	0.497	-0.012	0.335	
56.43	0.497	0.016	0.320	
56.47	0.499	0.020	0.007	
56.50	0.499	0.009	-0.120	
56.53	0.500	0.005	-0.055	
56.57	0.499	0.006	0.015	
56.60	0.500	0.009	0.004	
56.63	0.500	0.006	-0.025	
56.67	0.500	0.006	-0.009	
56.70	0.501	0.006	0.012	
56.73	0.501	0.007	0.020	
56.77	0.501	0.008	0.011	
56.80	0.501	0.008	0.003	
56.83	0.502	0.008	-0.003	
56.87	0.502	0.008	-0.011	
56.90	0.502	0.007	-0.023	
56.93	0.502	0.006	-0.027	
56.97	0.502	0.005	-0.027	
57.00	0.502	0.004	-0.038	
57.03	0.503	0.003	-0.049	
57.07	0.503	0.001	-0.045	
57.10	0.503	-0.000	-0.038	
57.13	0.503	-0.002	-0.030	
57.17	0.503	-0.003	-0.018	
57.20	0.502	-0.003	-0.009	
57.23	0.502	-0.004	0.009	
57.27	0.502	-0.002	0.021	
57.30	0.502	-0.000	-0.015	
57.33	0.502	-0.004	-0.040	
57.37	0.502	-0.005	-0.025	
57.40	0.502	-0.005	-0.012	
57.43	0.502	-0.005	-0.006	
57.47	0.502	-0.005	-0.012	
57.50	0.501	-0.006	-0.022	
57.53	0.501	-0.007	-0.021	
57.57	0.501	-0.008	-0.007	
57.60	0.501	-0.008	0.006	
57.63	0.500	-0.007	0.017	
57.67	0.500	-0.006	0.012	
57.70	0.500	-0.006	-0.006	
57.73	0.500	-0.007	-0.003	
57.77	0.499	-0.007	0.023	
57.80	0.499	-0.005	0.040	
57.83	0.499	-0.003	0.033	
57.87	0.499	-0.003	0.018	
57.90	0.499	-0.003	0.020	
57.93	0.499	-0.002	0.038	
57.97	0.499	-0.001	0.066	
58.00	0.499	0.004	0.044	
58.03	0.499	0.003	0.002	
58.07	0.499	0.003	-0.002	
58.10	0.499	0.003	0.005	
58.13	0.499	0.003	0.012	
58.17	0.500	0.005	-0.023	
58.20	0.500	0.003	-0.104	
58.23	0.500	-0.001	-0.191	
58.27	0.500	-0.015	-0.102	
58.30	0.498	-0.015	0.181	
58.33	0.498	0.001	0.339	
58.37	0.499	0.013	0.320	
58.40	0.499	0.028	0.138	
58.43	0.501	0.025	-0.128	
58.47	0.501	0.012	-0.207	
58.50	0.502	0.007	-0.135	
58.53	0.501	0.004	-0.049	
58.57	0.502	0.005	0.000	
58.60	0.502	0.005	0.011	
58.63	0.502	0.005	0.012	
58.67	0.502	0.006	0.006	
58.70	0.502	0.007	-0.037	
58.73	0.503	0.003	-0.077	
58.77	0.503	0.000	-0.067	
58.80	0.503	-0.002	-0.038	
58.83	0.502	-0.002	-0.011	
58.87	0.503	-0.001	-0.018	
58.90	0.502	-0.003	-0.038	
58.93	0.502	-0.005	-0.041	
58.97	0.502	-0.006	-0.038	
59.00	0.502	-0.007	-0.035	
59.03	0.502	-0.008	-0.049	
59.07	0.502	-0.009	-0.097	
59.10	0.501	-0.013	-0.138	
59.13	0.501	-0.024	-0.014	
59.17	0.499	-0.022	0.285	
59.20	0.499	0.004	0.325	
59.23	0.500	0.012	0.034	
59.27	0.500	0.001	-0.127	
59.30	0.500	-0.004	-0.085	
59.33	0.500	-0.005	-0.019	
59.37	0.499	-0.004	0.028	
59.40	0.500	-0.001	0.011	
59.43	0.500	-0.003	-0.006	
59.47	0.499	-0.003	0.010	
59.50	0.499	-0.002	0.013	
59.53	0.499	-0.001	-0.014	
59.57	0.499	-0.002	-0.059	
59.60	0.499	-0.006	-0.059	
59.63	0.499	-0.013	0.106	
59.67	0.497	0.002	0.250	
59.70	0.499	0.015	0.097	
59.73	0.499	0.007	-0.048	
59.77	0.500	0.006	-0.041	
59.80	0.500	0.005	-0.020	
59.83	0.500	0.005	0.001	
59.87	0.500	0.005	0.009	
59.90	0.500	0.006	0.014	
59.93	0.500	0.007	0.001	
59.97	0.501	0.007	-0.036	
60.00	0.501	0.003	-0.069	
