Vernier Format 2
1.7.txt 1/28/2019 19:54:35
Run 1
Time	Position	Velocity	Acceleration	
T	P	V	A	
s	m	m/s	m/s^2	

0.00	0.503	-0.007	0.079	
0.03	0.502	-0.003	0.050	
0.07	0.503	-0.003	0.021	
0.10	0.502	-0.003	0.007	
0.13	0.502	-0.003	-0.001	
0.17	0.502	-0.003	-0.004	
0.20	0.502	-0.003	-0.008	
0.23	0.502	-0.004	-0.001	
0.27	0.502	-0.002	-0.013	
0.30	0.502	-0.004	-0.038	
0.33	0.502	-0.005	-0.068	
0.37	0.502	-0.007	-0.136	
0.40	0.501	-0.013	-0.200	
0.43	0.501	-0.027	-0.080	
0.47	0.499	-0.026	0.229	
0.50	0.499	-0.007	0.378	
0.53	0.499	0.013	0.148	
0.57	0.500	0.009	-0.223	
0.60	0.500	-0.017	-0.180	
0.63	0.498	-0.017	0.233	
0.67	0.498	0.012	0.313	
0.70	0.500	0.018	0.013	
0.73	0.500	0.006	-0.155	
0.77	0.500	0.000	-0.135	
0.80	0.500	-0.001	-0.129	
0.83	0.500	-0.005	-0.187	
0.87	0.500	-0.019	-0.114	
0.90	0.498	-0.020	0.160	
0.93	0.498	-0.004	0.336	
0.97	0.498	0.007	0.357	
1.00	0.498	0.024	0.217	
1.03	0.500	0.028	-0.091	
1.07	0.501	0.012	-0.223	
1.10	0.501	0.006	-0.151	
1.13	0.501	0.002	-0.054	
1.17	0.501	0.003	0.022	
1.20	0.501	0.006	0.024	
1.23	0.501	0.005	0.003	
1.27	0.501	0.005	-0.003	
1.30	0.501	0.005	-0.007	
1.33	0.502	0.005	-0.012	
1.37	0.502	0.005	-0.022	
1.40	0.502	0.003	-0.022	
1.43	0.502	0.003	-0.012	
1.47	0.502	0.003	-0.008	
1.50	0.502	0.002	-0.013	
1.53	0.502	0.002	-0.027	
1.57	0.502	0.000	-0.037	
1.60	0.502	-0.001	-0.041	
1.63	0.502	-0.002	-0.037	
1.67	0.502	-0.004	-0.013	
1.70	0.502	-0.003	0.003	
1.73	0.502	-0.003	-0.003	
1.77	0.502	-0.003	-0.009	
1.80	0.502	-0.004	0.000	
1.83	0.501	-0.004	0.021	
1.87	0.502	-0.001	-0.004	
1.90	0.502	-0.004	-0.035	
1.93	0.501	-0.005	-0.031	
1.97	0.501	-0.005	-0.055	
2.00	0.501	-0.007	-0.121	
2.03	0.501	-0.012	-0.203	
2.07	0.501	-0.026	-0.118	
2.10	0.499	-0.027	0.171	
2.13	0.498	-0.010	0.336	
2.17	0.498	0.001	0.324	
2.20	0.498	0.016	0.168	
2.23	0.500	0.016	-0.094	
2.27	0.500	0.003	-0.177	
2.30	0.500	-0.001	-0.104	
2.33	0.499	-0.003	-0.035	
2.37	0.500	-0.002	0.006	
2.40	0.499	-0.002	0.024	
2.43	0.499	0.000	0.009	
2.47	0.499	0.000	-0.037	
2.50	0.500	-0.002	-0.066	
2.53	0.499	-0.012	0.085	
2.57	0.498	0.003	0.218	
2.60	0.500	0.016	0.009	
2.63	0.500	0.005	-0.225	
2.67	0.500	-0.013	-0.088	
2.70	0.498	-0.009	0.275	
2.73	0.499	0.019	0.299	
2.77	0.500	0.023	-0.007	
2.80	0.501	0.011	-0.152	
2.83	0.501	0.006	-0.117	
2.87	0.501	0.003	-0.051	
2.90	0.501	0.003	0.002	
2.93	0.501	0.005	0.016	
2.97	0.501	0.005	0.006	
3.00	0.502	0.005	-0.007	
3.03	0.502	0.005	-0.021	
3.07	0.502	0.003	-0.022	
3.10	0.502	0.003	-0.012	
3.13	0.502	0.003	-0.008	
3.17	0.502	0.002	-0.012	
3.20	0.502	0.002	-0.023	
3.23	0.502	0.001	-0.027	
3.27	0.502	0.000	-0.025	
3.30	0.502	-0.001	-0.031	
3.33	0.502	-0.002	-0.031	
3.37	0.502	-0.004	-0.012	
3.40	0.502	-0.002	-0.015	
3.43	0.502	-0.004	-0.027	
3.47	0.502	-0.005	-0.015	
3.50	0.502	-0.005	-0.008	
3.53	0.501	-0.005	-0.010	
3.57	0.501	-0.005	-0.044	
3.60	0.501	-0.007	-0.112	
3.63	0.501	-0.011	-0.191	
3.67	0.501	-0.025	-0.108	
3.70	0.499	-0.024	0.120	
3.73	0.499	-0.011	0.194	
3.77	0.498	-0.007	0.150	
3.80	0.498	-0.004	0.157	
3.83	0.498	0.000	0.228	
3.87	0.498	0.017	0.154	
3.90	0.500	0.018	-0.100	
3.93	0.499	0.004	-0.186	
3.97	0.500	-0.001	-0.102	
4.00	0.499	-0.002	-0.022	
4.03	0.499	-0.001	0.015	
4.07	0.499	-0.000	0.021	
4.10	0.499	0.000	0.030	
4.13	0.499	0.001	0.045	
4.17	0.499	0.005	0.023	
4.20	0.500	0.003	-0.006	
4.23	0.500	0.003	0.000	
4.27	0.500	0.003	0.013	
4.30	0.500	0.004	0.014	
4.33	0.500	0.005	0.000	
4.37	0.500	0.004	0.004	
4.40	0.500	0.005	0.012	
4.43	0.500	0.005	0.006	
4.47	0.501	0.005	-0.001	
4.50	0.501	0.005	-0.010	
4.53	0.501	0.005	-0.019	
4.57	0.501	0.003	-0.016	
4.60	0.501	0.003	-0.004	
4.63	0.501	0.004	-0.011	
4.67	0.502	0.003	-0.023	
4.70	0.501	0.001	-0.011	
4.73	0.502	0.002	-0.004	
4.77	0.502	0.002	-0.015	
4.80	0.502	0.001	-0.019	
4.83	0.502	0.000	-0.013	
4.87	0.502	0.000	-0.035	
4.90	0.502	-0.001	-0.098	
4.93	0.502	-0.004	-0.204	
4.97	0.502	-0.020	-0.127	
5.00	0.500	-0.021	0.182	
5.03	0.500	-0.004	0.363	
5.07	0.500	0.015	0.210	
5.10	0.502	0.015	-0.102	
5.13	0.501	-0.000	-0.201	
5.17	0.501	-0.004	-0.117	
5.20	0.501	-0.006	-0.056	
5.23	0.501	-0.007	-0.017	
5.27	0.500	-0.007	0.011	
5.30	0.500	-0.006	0.022	
5.33	0.500	-0.005	0.021	
5.37	0.500	-0.005	0.022	
5.40	0.500	-0.003	0.013	
5.43	0.500	-0.003	-0.006	
5.47	0.499	-0.004	-0.003	
5.50	0.499	-0.004	0.022	
5.53	0.499	-0.003	0.036	
5.57	0.499	-0.001	0.024	
5.60	0.499	-0.001	0.004	
5.63	0.499	-0.002	0.008	
5.67	0.499	-0.001	0.034	
5.70	0.499	0.002	0.019	
5.73	0.499	0.001	-0.006	
5.77	0.499	0.000	0.005	
5.80	0.499	0.001	0.027	
5.83	0.499	0.003	0.039	
5.87	0.499	0.004	0.023	
5.90	0.499	0.004	-0.003	
5.93	0.500	0.003	-0.006	
5.97	0.500	0.003	0.013	
6.00	0.500	0.005	0.022	
6.03	0.500	0.005	0.021	
6.07	0.500	0.006	0.021	
6.10	0.500	0.007	0.008	
6.13	0.501	0.007	-0.021	
6.17	0.501	0.005	-0.036	
6.20	0.501	0.003	-0.022	
6.23	0.501	0.003	0.003	
6.27	0.501	0.004	0.006	
6.30	0.501	0.004	-0.012	
6.33	0.502	0.003	-0.020	
6.37	0.501	0.003	-0.012	
6.40	0.502	0.002	-0.005	
6.43	0.502	0.002	0.008	
6.47	0.502	0.004	-0.020	
6.50	0.502	0.001	-0.075	
6.53	0.502	-0.001	-0.098	
6.57	0.502	-0.005	-0.105	
6.60	0.502	-0.015	0.048	
6.63	0.500	-0.001	0.170	
6.67	0.502	0.009	-0.024	
6.70	0.502	-0.011	-0.029	
6.73	0.500	0.001	0.103	
6.77	0.502	0.010	-0.106	
6.80	0.502	-0.005	-0.336	
6.83	0.502	-0.024	-0.247	
6.87	0.499	-0.029	0.057	
6.90	0.499	-0.014	0.197	
6.93	0.499	-0.008	0.120	
6.97	0.499	-0.007	0.049	
7.00	0.498	-0.007	0.034	
7.03	0.498	-0.006	0.066	
7.07	0.498	-0.004	0.131	
7.10	0.498	0.001	0.218	
7.13	0.498	0.016	0.156	
7.17	0.500	0.018	-0.070	
7.20	0.499	0.006	-0.157	
7.23	0.500	0.003	-0.101	
7.27	0.500	-0.000	-0.039	
7.30	0.499	0.002	-0.023	
7.33	0.500	0.000	-0.060	
7.37	0.500	-0.003	-0.058	
7.40	0.500	-0.011	0.121	
7.43	0.498	0.006	0.261	
7.47	0.500	0.019	0.072	
7.50	0.500	0.009	-0.085	
7.53	0.500	0.006	-0.062	
7.57	0.500	0.005	-0.029	
7.60	0.501	0.005	-0.005	
7.63	0.501	0.005	-0.001	
7.67	0.501	0.005	0.000	
7.70	0.501	0.005	0.000	
7.73	0.501	0.005	-0.008	
7.77	0.501	0.005	-0.035	
7.80	0.502	0.004	-0.071	
7.83	0.502	0.000	-0.082	
7.87	0.502	-0.009	0.080	
7.90	0.500	0.005	0.244	
7.93	0.502	0.020	0.088	
7.97	0.502	0.011	-0.076	
8.00	0.503	0.009	-0.105	
8.03	0.503	0.003	-0.106	
8.07	0.503	0.001	-0.067	
8.10	0.503	-0.000	-0.046	
8.13	0.503	-0.002	-0.029	
8.17	0.503	-0.002	-0.013	
8.20	0.503	-0.003	-0.008	
8.23	0.503	-0.003	-0.009	
8.27	0.503	-0.003	-0.015	
8.30	0.503	-0.004	-0.011	
8.33	0.502	-0.004	-0.008	
8.37	0.502	-0.005	-0.009	
8.40	0.502	-0.005	-0.001	
8.43	0.502	-0.004	-0.015	
8.47	0.502	-0.005	-0.039	
8.50	0.502	-0.007	-0.062	
8.53	0.501	-0.009	-0.104	
8.57	0.501	-0.012	-0.154	
8.60	0.501	-0.025	-0.046	
8.63	0.499	-0.022	0.218	
8.67	0.499	0.002	0.173	
8.70	0.500	-0.003	-0.056	
8.73	0.499	-0.016	0.071	
8.77	0.498	-0.003	0.313	
8.80	0.498	0.016	0.197	
8.83	0.500	0.018	-0.112	
8.87	0.500	0.002	-0.283	
8.90	0.500	-0.006	-0.277	
8.93	0.500	-0.020	-0.137	
8.97	0.498	-0.020	0.123	
9.00	0.498	-0.006	0.220	
9.03	0.498	0.001	0.152	
9.07	0.498	0.003	0.115	
9.10	0.498	0.006	0.140	
9.13	0.499	0.010	0.211	
9.17	0.498	0.025	0.134	
9.20	0.501	0.025	-0.115	
9.23	0.501	0.011	-0.202	
9.27	0.501	0.006	-0.125	
9.30	0.501	0.004	-0.044	
9.33	0.501	0.005	0.003	
9.37	0.501	0.005	0.013	
9.40	0.502	0.005	0.018	
9.43	0.502	0.006	0.022	
9.47	0.502	0.008	-0.001	
9.50	0.502	0.006	-0.026	
9.53	0.502	0.005	-0.026	
9.57	0.503	0.005	-0.030	
9.60	0.503	0.003	-0.027	
9.63	0.503	0.003	-0.020	
9.67	0.503	0.002	-0.020	
9.70	0.503	0.001	-0.016	
9.73	0.503	0.001	-0.023	
9.77	0.503	-0.000	-0.037	
9.80	0.503	-0.002	-0.031	
9.83	0.503	-0.002	-0.019	
9.87	0.503	-0.003	-0.016	
9.90	0.503	-0.003	-0.023	
9.93	0.502	-0.005	-0.022	
9.97	0.502	-0.005	-0.012	
10.00	0.502	-0.005	-0.008	
10.03	0.502	-0.005	-0.008	
10.07	0.502	-0.006	-0.011	
10.10	0.502	-0.007	0.002	
10.13	0.501	-0.006	0.019	
10.17	0.501	-0.005	0.016	
10.20	0.501	-0.004	-0.015	
10.23	0.501	-0.003	-0.122	
10.27	0.501	-0.011	-0.222	
10.30	0.501	-0.025	-0.110	
10.33	0.499	-0.024	0.161	
10.37	0.499	-0.009	0.304	
10.40	0.499	-0.000	0.311	
10.43	0.498	0.015	0.176	
10.47	0.500	0.016	-0.077	
10.50	0.500	0.004	-0.154	
10.53	0.500	0.001	-0.090	
10.57	0.500	-0.000	-0.069	
10.60	0.500	-0.001	-0.108	
10.63	0.500	-0.006	-0.175	
10.67	0.500	-0.018	-0.093	
10.70	0.498	-0.018	0.141	
10.73	0.498	-0.003	0.230	
10.77	0.498	0.003	0.182	
10.80	0.499	0.006	0.187	
10.83	0.498	0.013	0.232	
10.87	0.499	0.027	0.121	
10.90	0.501	0.026	-0.112	
10.93	0.501	0.014	-0.197	
10.97	0.501	0.007	-0.135	
11.00	0.501	0.005	-0.060	
11.03	0.502	0.005	-0.026	
11.07	0.502	0.005	-0.021	
11.10	0.502	0.003	-0.012	
11.13	0.502	0.003	0.007	
11.17	0.502	0.004	0.007	
11.20	0.502	0.004	-0.013	
11.23	0.503	0.003	-0.022	
11.27	0.502	0.003	-0.022	
11.30	0.503	0.002	-0.026	
11.33	0.503	0.001	-0.024	
11.37	0.503	0.000	-0.016	
11.40	0.503	-0.000	-0.019	
11.43	0.503	-0.001	-0.031	
11.47	0.503	-0.002	-0.039	
11.50	0.503	-0.004	-0.035	
11.53	0.502	-0.004	-0.068	
11.57	0.502	-0.007	-0.145	
11.60	0.502	-0.013	-0.210	
11.63	0.502	-0.026	-0.116	
11.67	0.500	-0.027	0.132	
11.70	0.500	-0.011	0.201	
11.73	0.500	-0.007	0.094	
11.77	0.499	-0.007	0.027	
11.80	0.499	-0.007	0.011	
11.83	0.499	-0.006	0.013	
11.87	0.499	-0.007	0.031	
11.90	0.498	-0.005	0.081	
11.93	0.498	-0.002	0.141	
11.97	0.498	0.003	0.202	
12.00	0.498	0.017	0.107	
12.03	0.500	0.016	-0.125	
12.07	0.500	0.002	-0.176	
12.10	0.499	-0.001	-0.078	
12.13	0.500	-0.001	-0.019	
12.17	0.499	-0.001	-0.005	
12.20	0.500	-0.001	0.005	
12.23	0.499	-0.000	0.016	
12.27	0.500	0.000	0.019	
12.30	0.499	0.001	0.026	
12.33	0.500	0.002	0.025	
12.37	0.499	0.002	0.022	
12.40	0.500	0.003	0.031	
12.43	0.500	0.004	0.049	
12.47	0.500	0.008	0.033	
12.50	0.500	0.006	0.008	
12.53	0.500	0.007	0.001	
12.57	0.501	0.007	-0.017	
12.60	0.501	0.006	-0.019	
12.63	0.501	0.005	-0.011	
12.67	0.501	0.005	-0.004	
12.70	0.501	0.005	-0.002	
12.73	0.501	0.005	-0.005	
12.77	0.502	0.005	-0.015	
12.80	0.502	0.004	-0.033	
12.83	0.502	0.003	-0.040	
12.87	0.502	0.001	-0.023	
12.90	0.502	0.001	0.003	
12.93	0.502	0.002	0.006	
12.97	0.502	0.002	-0.013	
13.00	0.502	0.001	-0.022	
13.03	0.502	0.000	-0.020	
13.07	0.502	-0.001	-0.020	
13.10	0.502	-0.002	-0.013	
13.13	0.502	-0.002	-0.001	
13.17	0.502	-0.000	-0.026	
13.20	0.502	-0.004	-0.045	
13.23	0.502	-0.005	-0.026	
13.27	0.502	-0.005	-0.012	
13.30	0.501	-0.005	-0.006	
13.33	0.501	-0.005	-0.012	
13.37	0.501	-0.006	-0.022	
13.40	0.501	-0.007	-0.021	
13.43	0.501	-0.008	-0.006	
13.47	0.501	-0.008	0.011	
13.50	0.500	-0.007	0.032	
13.53	0.500	-0.005	0.041	
13.57	0.500	-0.003	0.026	
13.60	0.500	-0.003	0.005	
13.63	0.500	-0.004	0.006	
13.67	0.500	-0.003	0.016	
13.70	0.499	-0.003	0.019	
13.73	0.499	-0.002	0.025	
13.77	0.499	-0.001	0.023	
13.80	0.499	-0.000	0.014	
13.83	0.499	0.000	0.015	
13.87	0.499	0.000	0.026	
13.90	0.499	0.001	0.041	
13.93	0.499	0.005	0.014	
13.97	0.500	0.003	-0.030	
14.00	0.500	0.001	-0.054	
14.03	0.500	0.001	-0.106	
14.07	0.500	-0.004	-0.181	
14.10	0.500	-0.017	-0.094	
14.13	0.498	-0.016	0.142	
14.17	0.498	-0.001	0.210	
14.20	0.498	0.004	0.125	
14.23	0.499	0.005	0.064	
14.27	0.499	0.006	0.064	
14.30	0.499	0.009	0.091	
14.33	0.499	0.012	0.112	
14.37	0.500	0.021	0.008	
14.40	0.501	0.011	-0.070	
14.43	0.500	0.010	0.021	
14.47	0.502	0.019	-0.042	
14.50	0.502	0.009	-0.141	
14.53	0.502	0.004	-0.107	
14.57	0.502	0.001	-0.053	
14.60	0.502	0.001	-0.005	
14.63	0.502	0.003	-0.018	
14.67	0.502	0.000	-0.045	
14.70	0.502	-0.002	-0.037	
14.73	0.502	-0.002	-0.019	
14.77	0.502	-0.003	-0.009	
14.80	0.502	-0.003	-0.008	
14.83	0.502	-0.003	-0.012	
14.87	0.502	-0.004	-0.005	
14.90	0.501	-0.003	-0.005	
14.93	0.502	-0.003	-0.027	
14.97	0.501	-0.005	-0.045	
15.00	0.501	-0.007	-0.064	
15.03	0.501	-0.008	-0.106	
15.07	0.501	-0.012	-0.184	
15.10	0.500	-0.025	-0.133	
15.13	0.499	-0.027	0.101	
15.17	0.498	-0.015	0.251	
15.20	0.498	-0.006	0.267	
15.23	0.498	0.001	0.282	
15.27	0.498	0.017	0.159	
15.30	0.499	0.018	-0.097	
15.33	0.499	0.004	-0.174	
15.37	0.499	-0.000	-0.077	
15.40	0.499	0.001	-0.013	
15.43	0.499	0.001	0.001	
15.47	0.499	0.002	-0.033	
15.50	0.500	0.000	-0.108	
15.53	0.499	-0.005	-0.150	
15.57	0.500	-0.017	0.002	
15.60	0.498	-0.012	0.287	
15.63	0.498	0.016	0.217	
15.67	0.500	0.017	-0.195	
15.70	0.500	-0.011	-0.259	
15.73	0.498	-0.015	0.080	
15.77	0.498	0.000	0.299	
15.80	0.498	0.011	0.314	
15.83	0.499	0.026	0.152	
15.87	0.501	0.026	-0.124	
15.90	0.501	0.011	-0.211	
15.93	0.501	0.005	-0.116	
15.97	0.501	0.005	-0.032	
16.00	0.501	0.005	0.008	
16.03	0.502	0.006	0.023	
16.07	0.502	0.006	0.029	
16.10	0.502	0.009	-0.012	
16.13	0.502	0.006	-0.059	
16.17	0.502	0.003	-0.055	
16.20	0.503	0.002	-0.044	
16.23	0.502	0.001	-0.029	
16.27	0.503	0.000	-0.017	
16.30	0.502	-0.000	-0.016	
16.33	0.503	-0.001	-0.024	
16.37	0.502	-0.002	-0.028	
16.40	0.502	-0.003	-0.032	
16.43	0.502	-0.003	-0.070	
16.47	0.502	-0.006	-0.135	
16.50	0.502	-0.011	-0.203	
16.53	0.502	-0.025	-0.117	
16.57	0.500	-0.024	0.108	
16.60	0.500	-0.012	0.170	
16.63	0.499	-0.008	0.101	
16.67	0.499	-0.007	0.061	
16.70	0.499	-0.005	0.043	
16.73	0.499	-0.004	0.023	
16.77	0.499	-0.004	0.010	
16.80	0.499	-0.003	-0.004	
16.83	0.499	-0.006	0.031	
16.87	0.498	-0.003	0.132	
16.90	0.498	0.003	0.211	
16.93	0.498	0.018	0.088	
16.97	0.500	0.016	-0.229	
17.00	0.500	-0.003	-0.390	
17.03	0.500	-0.021	-0.222	
17.07	0.498	-0.022	0.101	
17.10	0.498	-0.007	0.224	
17.13	0.498	-0.001	0.158	
17.17	0.498	0.002	0.120	
17.20	0.498	0.004	0.151	
17.23	0.498	0.010	0.231	
17.27	0.498	0.025	0.141	
17.30	0.500	0.027	-0.155	
17.33	0.500	0.010	-0.314	
17.37	0.501	-0.000	-0.264	
17.40	0.501	-0.013	-0.040	
17.43	0.499	-0.009	0.304	
17.47	0.499	0.019	0.313	
17.50	0.501	0.024	-0.028	
17.53	0.501	0.011	-0.227	
17.57	0.502	0.005	-0.260	
17.60	0.502	-0.012	-0.081	
17.63	0.500	-0.009	0.282	
17.67	0.501	0.019	0.295	
17.70	0.502	0.023	-0.025	
17.73	0.503	0.010	-0.175	
17.77	0.503	0.005	-0.145	
17.80	0.503	0.003	-0.155	
17.83	0.503	-0.002	-0.221	
17.87	0.503	-0.018	-0.116	
17.90	0.501	-0.018	0.201	
17.93	0.501	0.000	0.375	
17.97	0.501	0.019	0.214	
18.00	0.503	0.020	-0.110	
18.03	0.503	0.004	-0.237	
18.07	0.503	-0.003	-0.159	
18.10	0.503	-0.006	-0.082	
18.13	0.503	-0.007	-0.033	
18.17	0.502	-0.008	0.000	
18.20	0.502	-0.007	0.028	
18.23	0.502	-0.006	0.049	
18.27	0.502	-0.002	0.006	
18.30	0.502	-0.004	-0.075	
18.33	0.501	-0.008	-0.123	
18.37	0.501	-0.012	-0.148	
18.40	0.501	-0.024	0.008	
18.43	0.499	-0.019	0.332	
18.47	0.499	0.010	0.321	
18.50	0.501	0.014	-0.007	
18.53	0.500	0.002	-0.145	
18.57	0.501	-0.002	-0.098	
18.60	0.500	-0.004	-0.032	
18.63	0.500	-0.003	0.010	
18.67	0.500	-0.003	0.022	
18.70	0.500	-0.002	0.026	
18.73	0.500	-0.001	0.027	
18.77	0.500	0.000	0.023	
18.80	0.500	0.001	0.027	
18.83	0.500	0.002	0.029	
18.87	0.500	0.003	0.028	
18.90	0.500	0.003	0.033	
18.93	0.500	0.005	0.009	
18.97	0.501	0.006	-0.059	
19.00	0.501	0.001	-0.100	
19.03	0.501	-0.009	0.065	
19.07	0.499	0.005	0.232	
19.10	0.501	0.019	0.077	
19.13	0.502	0.010	-0.083	
19.17	0.502	0.007	-0.072	
19.20	0.502	0.005	-0.040	
19.23	0.502	0.005	-0.019	
19.27	0.502	0.005	-0.024	
19.30	0.502	0.003	-0.025	
19.33	0.502	0.003	-0.019	
19.37	0.502	0.002	-0.016	
19.40	0.503	0.001	-0.005	
19.43	0.502	0.002	-0.001	
19.47	0.503	0.002	-0.019	
19.50	0.503	0.000	-0.030	
19.53	0.503	-0.000	-0.033	
19.57	0.503	-0.002	-0.029	
19.60	0.503	-0.003	-0.018	
19.63	0.502	-0.003	-0.009	
19.67	0.502	-0.004	0.009	
19.70	0.502	-0.002	0.020	
19.73	0.502	-0.000	-0.019	
19.77	0.502	-0.004	-0.051	
19.80	0.502	-0.005	-0.043	
19.83	0.502	-0.007	-0.022	
19.87	0.501	-0.007	0.005	
19.90	0.501	-0.006	0.007	
19.93	0.501	-0.006	-0.008	
19.97	0.501	-0.007	-0.007	
20.00	0.501	-0.007	0.013	
20.03	0.501	-0.006	0.022	
20.07	0.500	-0.005	0.022	
20.10	0.500	-0.005	0.026	
20.13	0.500	-0.003	0.023	
20.17	0.500	-0.003	0.012	
20.20	0.500	-0.003	0.008	
20.23	0.500	-0.002	0.012	
20.27	0.500	-0.002	0.023	
20.30	0.500	-0.001	0.024	
20.33	0.500	-0.000	0.020	
20.37	0.500	0.000	0.017	
20.40	0.500	0.001	-0.006	
20.43	0.500	0.003	-0.101	
20.47	0.500	-0.004	-0.204	
20.50	0.500	-0.018	-0.113	
20.53	0.498	-0.017	0.119	
20.57	0.498	-0.004	0.217	
20.60	0.498	0.002	0.197	
20.63	0.498	0.007	0.186	
20.67	0.499	0.012	0.211	
20.70	0.499	0.026	0.121	
20.73	0.501	0.026	-0.114	
20.77	0.501	0.012	-0.188	
20.80	0.501	0.008	-0.116	
20.83	0.501	0.006	-0.060	
20.87	0.502	0.005	-0.028	
20.90	0.502	0.005	-0.027	
20.93	0.502	0.003	-0.024	
20.97	0.502	0.003	-0.015	
21.00	0.502	0.002	-0.013	
21.03	0.502	0.002	-0.014	
21.07	0.502	0.001	-0.005	
21.10	0.502	0.001	0.010	
21.13	0.502	0.004	-0.026	
21.17	0.503	-0.001	-0.056	
21.20	0.502	-0.002	-0.033	
21.23	0.502	-0.003	-0.014	
21.27	0.502	-0.003	-0.004	
21.30	0.502	-0.003	-0.005	
21.33	0.502	-0.003	-0.011	
21.37	0.502	-0.003	-0.022	
21.40	0.502	-0.005	-0.024	
21.43	0.502	-0.005	-0.021	
21.47	0.501	-0.005	-0.053	
21.50	0.501	-0.007	-0.127	
21.53	0.501	-0.012	-0.215	
21.57	0.501	-0.027	-0.121	
21.60	0.499	-0.027	0.175	
21.63	0.499	-0.010	0.331	
21.67	0.498	-0.001	0.325	
21.70	0.498	0.015	0.173	
21.73	0.500	0.015	-0.091	
21.77	0.500	0.002	-0.159	
21.80	0.500	-0.001	-0.068	
21.83	0.500	0.000	-0.026	
21.87	0.500	-0.001	-0.020	
21.90	0.500	-0.001	-0.045	
21.93	0.500	-0.003	-0.103	
21.97	0.499	-0.006	-0.172	
22.00	0.500	-0.019	-0.103	
22.03	0.498	-0.020	0.153	
22.07	0.498	-0.004	0.280	
22.10	0.498	0.004	0.231	
22.13	0.498	0.017	0.009	
22.17	0.500	0.005	-0.209	
22.20	0.498	-0.011	-0.043	
22.23	0.498	-0.001	0.214	
22.27	0.498	0.010	0.288	
22.30	0.499	0.025	0.150	
22.33	0.501	0.024	-0.111	
22.37	0.501	0.011	-0.187	
22.40	0.501	0.007	-0.109	
22.43	0.501	0.005	-0.041	
22.47	0.501	0.005	-0.007	
22.50	0.501	0.005	0.005	
22.53	0.502	0.005	0.010	
22.57	0.502	0.006	0.010	
22.60	0.502	0.007	-0.023	
22.63	0.502	0.004	-0.048	
22.67	0.502	0.003	-0.037	
22.70	0.502	0.002	-0.034	
22.73	0.502	0.001	-0.029	
22.77	0.502	0.000	-0.023	
22.80	0.502	-0.001	-0.027	
22.83	0.502	-0.002	-0.027	
22.87	0.502	-0.003	-0.022	
22.90	0.502	-0.003	-0.022	
22.93	0.502	-0.004	-0.013	
22.97	0.502	-0.004	0.007	
23.00	0.502	-0.003	0.007	
23.03	0.502	-0.003	-0.012	
23.07	0.501	-0.005	-0.018	
23.10	0.501	-0.005	-0.012	
23.13	0.501	-0.005	-0.012	
23.17	0.501	-0.005	-0.035	
23.20	0.501	-0.007	-0.064	
23.23	0.501	-0.010	-0.068	
23.27	0.500	-0.018	0.100	
23.30	0.499	-0.002	0.239	
23.33	0.500	0.010	0.061	
23.37	0.500	0.000	-0.086	
23.40	0.500	-0.003	-0.055	
23.43	0.500	-0.003	-0.015	
23.47	0.500	-0.003	0.004	
23.50	0.500	-0.003	0.007	
23.53	0.500	-0.002	0.012	
23.57	0.499	-0.002	0.023	
23.60	0.500	-0.001	0.026	
23.63	0.499	0.000	0.023	
23.67	0.500	0.001	0.026	
23.70	0.499	0.002	0.018	
23.73	0.500	0.003	-0.020	
23.77	0.500	0.002	-0.080	
23.80	0.500	-0.002	-0.131	
23.83	0.500	-0.014	0.004	
23.87	0.498	-0.009	0.312	
23.90	0.498	0.019	0.307	
23.93	0.501	0.022	-0.000	
23.97	0.500	0.010	-0.122	
24.00	0.501	0.009	-0.092	
24.03	0.501	0.006	-0.065	
24.07	0.501	0.005	-0.038	
24.10	0.501	0.003	-0.019	
24.13	0.501	0.003	0.005	
24.17	0.502	0.004	0.006	
24.20	0.502	0.004	-0.013	
24.23	0.502	0.003	-0.022	
24.27	0.502	0.003	-0.021	
24.30	0.502	0.002	-0.023	
24.33	0.502	0.001	-0.017	
24.37	0.502	0.001	-0.005	
24.40	0.502	0.001	-0.015	
24.43	0.502	-0.000	-0.034	
24.47	0.502	-0.002	-0.030	
24.50	0.502	-0.002	-0.019	
24.53	0.502	-0.003	-0.016	
24.57	0.502	-0.003	-0.022	
24.60	0.502	-0.005	-0.016	
24.63	0.502	-0.005	-0.001	
24.67	0.501	-0.004	0.007	
24.70	0.501	-0.003	-0.020	
24.73	0.501	-0.006	-0.042	
24.77	0.501	-0.007	-0.047	
24.80	0.501	-0.007	-0.101	
24.83	0.500	-0.011	-0.180	
24.87	0.500	-0.025	-0.095	
24.90	0.498	-0.024	0.169	
24.93	0.498	-0.009	0.314	
24.97	0.498	0.000	0.328	
25.00	0.498	0.017	0.183	
25.03	0.500	0.018	-0.099	
25.07	0.500	0.004	-0.192	
25.10	0.499	-0.001	-0.114	
25.13	0.500	-0.003	-0.044	
25.17	0.499	-0.003	-0.005	
25.20	0.499	-0.002	0.010	
25.23	0.499	-0.002	0.023	
25.27	0.499	-0.001	0.027	
25.30	0.499	0.000	0.026	
25.33	0.499	0.001	0.035	
25.37	0.499	0.002	0.040	
25.40	0.499	0.004	0.022	
25.43	0.499	0.004	-0.013	
25.47	0.500	0.005	-0.081	
25.50	0.500	-0.000	-0.142	
25.53	0.500	-0.012	-0.007	
25.57	0.499	-0.008	0.286	
25.60	0.499	0.018	0.288	
25.63	0.501	0.022	-0.005	
25.67	0.501	0.011	-0.144	
25.70	0.501	0.006	-0.108	
25.73	0.501	0.005	-0.061	
25.77	0.501	0.003	-0.030	
25.80	0.501	0.003	-0.013	
25.83	0.501	0.003	-0.004	
25.87	0.501	0.003	-0.002	
25.90	0.502	0.003	-0.004	
25.93	0.501	0.002	-0.011	
25.97	0.502	0.002	-0.022	
26.00	0.502	0.001	-0.022	
26.03	0.502	0.000	-0.011	
26.07	0.502	0.000	-0.002	
26.10	0.502	0.000	-0.001	
26.13	0.502	0.000	-0.008	
26.17	0.502	0.000	-0.034	
26.20	0.502	-0.003	-0.038	
26.23	0.501	-0.003	-0.023	
26.27	0.502	-0.003	-0.033	
26.30	0.501	-0.005	-0.038	
26.33	0.501	-0.007	-0.023	
26.37	0.501	-0.007	0.003	
26.40	0.501	-0.006	0.007	
26.43	0.500	-0.006	-0.008	
26.47	0.500	-0.007	-0.007	
26.50	0.500	-0.007	0.013	
26.53	0.500	-0.006	0.022	
26.57	0.500	-0.005	0.022	
26.60	0.500	-0.005	0.026	
26.63	0.499	-0.003	0.023	
26.67	0.499	-0.003	0.012	
26.70	0.499	-0.003	0.009	
26.73	0.499	-0.002	0.014	
26.77	0.499	-0.002	0.029	
26.80	0.499	-0.000	0.037	
26.83	0.499	0.001	0.037	
26.87	0.499	0.003	0.015	
26.90	0.499	0.001	0.001	
26.93	0.499	0.002	0.008	
26.97	0.499	0.002	0.005	
27.00	0.499	0.003	0.005	
27.03	0.500	0.003	0.002	
27.07	0.499	0.003	-0.026	
27.10	0.500	0.003	-0.104	
27.13	0.500	-0.002	-0.203	
27.17	0.500	-0.017	-0.116	
27.20	0.498	-0.017	0.179	
27.23	0.498	0.000	0.342	
27.27	0.498	0.010	0.341	
27.30	0.499	0.027	0.174	
27.33	0.501	0.027	-0.131	
27.37	0.501	0.011	-0.237	
27.40	0.501	0.005	-0.151	
27.43	0.501	0.003	-0.065	
27.47	0.501	0.002	-0.015	
27.50	0.501	0.002	0.018	
27.53	0.501	0.003	0.035	
27.57	0.502	0.006	-0.015	
27.60	0.502	0.003	-0.069	
27.63	0.502	-0.001	-0.055	
27.67	0.502	-0.002	-0.014	
27.70	0.502	-0.001	0.001	
27.73	0.502	-0.001	-0.010	
27.77	0.502	-0.002	-0.013	
27.80	0.502	-0.002	-0.013	
27.83	0.501	-0.001	-0.060	
27.87	0.502	-0.004	-0.148	
27.90	0.501	-0.011	-0.218	
27.93	0.501	-0.025	-0.091	
27.97	0.499	-0.024	0.220	
28.00	0.499	-0.005	0.349	
28.03	0.499	0.012	0.117	
28.07	0.501	0.009	-0.271	
28.10	0.500	-0.020	-0.279	
28.13	0.498	-0.024	0.088	
28.17	0.498	-0.007	0.271	
28.20	0.498	0.009	0.059	
28.23	0.500	-0.003	-0.174	
28.27	0.498	-0.016	-0.037	
28.30	0.498	-0.008	0.204	
28.33	0.497	0.002	0.312	
28.37	0.498	0.020	0.195	
28.40	0.499	0.022	-0.100	
28.43	0.500	0.006	-0.210	
28.47	0.499	0.000	-0.119	
28.50	0.499	0.000	-0.060	
28.53	0.499	0.000	-0.098	
28.57	0.500	-0.004	-0.185	
28.60	0.499	-0.018	-0.084	
28.63	0.498	-0.018	0.235	
28.67	0.498	0.001	0.425	
28.70	0.498	0.023	0.263	
28.73	0.500	0.025	-0.080	
28.77	0.500	0.010	-0.237	
28.80	0.500	0.003	-0.220	
28.83	0.500	-0.002	-0.231	
28.87	0.500	-0.016	-0.116	
28.90	0.499	-0.017	0.181	
28.93	0.499	0.000	0.368	
28.97	0.499	0.014	0.348	
29.00	0.499	0.029	0.149	
29.03	0.501	0.028	-0.146	
29.07	0.502	0.012	-0.239	
29.10	0.502	0.005	-0.139	
29.13	0.502	0.004	-0.062	
29.17	0.502	0.003	-0.033	
29.20	0.502	0.002	-0.032	
29.23	0.502	0.001	-0.048	
29.27	0.502	-0.001	-0.045	
29.30	0.502	-0.002	-0.023	
29.33	0.502	-0.003	-0.008	
29.37	0.502	-0.003	-0.003	
29.40	0.502	-0.003	-0.009	
29.43	0.502	-0.003	-0.045	
29.47	0.502	-0.004	-0.115	
29.50	0.501	-0.009	-0.198	
29.53	0.502	-0.023	-0.122	
29.57	0.499	-0.023	0.115	
29.60	0.500	-0.009	0.190	
29.63	0.499	-0.005	0.115	
29.67	0.499	-0.002	0.033	
29.70	0.499	-0.004	-0.017	
29.73	0.499	-0.005	-0.014	
29.77	0.499	-0.005	-0.007	
29.80	0.499	-0.005	-0.001	
29.83	0.499	-0.005	0.002	
29.87	0.498	-0.005	0.014	
29.90	0.498	-0.005	0.060	
29.93	0.498	-0.003	0.147	
29.97	0.498	0.004	0.232	
30.00	0.498	0.020	0.106	
30.03	0.500	0.019	-0.218	
30.07	0.500	-0.000	-0.363	
30.10	0.500	-0.019	-0.153	
30.13	0.498	-0.016	0.195	
30.17	0.498	0.009	0.174	
30.20	0.500	0.002	-0.023	
30.23	0.498	-0.006	0.078	
30.27	0.498	0.013	0.048	
30.30	0.500	0.002	-0.053	
30.33	0.498	-0.005	0.184	
30.37	0.498	0.020	0.249	
30.40	0.500	0.025	-0.013	
30.43	0.501	0.014	-0.162	
30.47	0.501	0.007	-0.139	
30.50	0.501	0.005	-0.075	
30.53	0.501	0.003	-0.027	
30.57	0.501	0.003	0.008	
30.60	0.501	0.005	0.017	
30.63	0.501	0.005	0.006	
30.67	0.502	0.005	-0.007	
30.70	0.502	0.005	-0.021	
30.73	0.502	0.003	-0.022	
30.77	0.502	0.003	-0.012	
30.80	0.502	0.003	-0.009	
30.83	0.502	0.002	-0.016	
30.87	0.502	0.002	-0.033	
30.90	0.502	0.000	-0.041	
30.93	0.502	-0.002	-0.027	
30.97	0.502	-0.002	-0.008	
31.00	0.502	-0.001	-0.014	
31.03	0.502	-0.003	-0.024	
31.07	0.502	-0.004	-0.008	
31.10	0.502	-0.004	0.018	
31.13	0.502	-0.001	-0.006	
31.17	0.502	-0.004	-0.037	
31.20	0.501	-0.005	-0.029	
31.23	0.502	-0.006	-0.021	
31.27	0.501	-0.007	-0.002	
31.30	0.501	-0.006	0.010	
31.33	0.501	-0.005	0.006	
31.37	0.501	-0.005	-0.004	
31.40	0.500	-0.005	-0.031	
31.43	0.500	-0.007	-0.061	
31.47	0.500	-0.009	-0.074	
31.50	0.500	-0.017	0.046	
31.53	0.498	-0.005	0.122	
31.57	0.500	0.003	-0.088	
31.60	0.500	-0.019	-0.081	
31.63	0.498	-0.017	0.276	
31.67	0.497	0.012	0.325	
31.70	0.499	0.018	0.023	
31.73	0.499	0.006	-0.133	
31.77	0.499	0.002	-0.092	
31.80	0.499	0.001	-0.053	
31.83	0.499	0.002	-0.095	
31.87	0.500	-0.004	-0.156	
31.90	0.500	-0.016	-0.004	
31.93	0.498	-0.012	0.335	
31.97	0.498	0.019	0.316	
32.00	0.500	0.024	-0.101	
32.03	0.500	0.006	-0.353	
32.07	0.500	-0.014	-0.223	
32.10	0.499	-0.015	0.113	
32.13	0.499	0.000	0.293	
32.17	0.499	0.009	0.294	
32.20	0.499	0.024	0.152	
32.23	0.501	0.024	-0.103	
32.27	0.501	0.011	-0.190	
32.30	0.501	0.006	-0.128	
32.33	0.502	0.003	-0.066	
32.37	0.501	0.003	-0.027	
32.40	0.502	0.002	-0.016	
32.43	0.502	0.001	0.002	
32.47	0.502	0.002	0.014	
32.50	0.502	0.003	0.006	
32.53	0.502	0.003	-0.023	
32.57	0.502	0.001	-0.044	
32.60	0.502	-0.000	-0.041	
32.63	0.502	-0.002	-0.035	
32.67	0.502	-0.003	-0.033	
32.70	0.502	-0.003	-0.068	
32.73	0.502	-0.006	-0.132	
32.77	0.502	-0.011	-0.203	
32.80	0.501	-0.024	-0.135	
32.83	0.500	-0.026	0.086	
32.87	0.499	-0.013	0.169	
32.90	0.499	-0.009	0.105	
32.93	0.499	-0.008	0.051	
32.97	0.499	-0.007	0.033	
33.00	0.498	-0.006	0.037	
33.03	0.498	-0.005	0.067	
33.07	0.498	-0.003	0.142	
33.10	0.498	0.003	0.223	
33.13	0.498	0.018	0.141	
33.17	0.500	0.018	-0.093	
33.20	0.499	0.005	-0.164	
33.23	0.499	0.003	-0.111	
33.27	0.500	-0.001	-0.066	
33.30	0.499	-0.002	-0.012	
33.33	0.499	-0.001	0.004	
33.37	0.499	-0.001	0.002	
33.40	0.499	-0.001	0.012	
33.43	0.499	0.000	0.027	
33.47	0.499	0.001	0.019	
33.50	0.499	0.001	0.014	
33.53	0.499	0.002	0.011	
33.57	0.499	0.003	-0.025	
33.60	0.500	0.002	-0.090	
33.63	0.500	-0.002	-0.175	
33.67	0.500	-0.015	-0.107	
33.70	0.498	-0.015	0.129	
33.73	0.498	-0.001	0.217	
33.77	0.498	0.004	0.174	
33.80	0.499	0.008	0.161	
33.83	0.499	0.013	0.184	
33.87	0.499	0.025	0.102	
33.90	0.501	0.025	-0.109	
33.93	0.501	0.013	-0.207	
33.97	0.502	0.005	-0.154	
34.00	0.501	0.003	-0.077	
34.03	0.502	0.002	-0.038	
34.07	0.502	0.001	-0.019	
34.10	0.502	0.001	-0.004	
34.13	0.502	0.001	-0.011	
34.17	0.502	0.000	-0.023	
34.20	0.502	-0.001	-0.011	
34.23	0.502	-0.001	-0.004	
34.27	0.502	-0.001	-0.017	
34.30	0.502	-0.002	-0.023	
34.33	0.501	-0.003	-0.022	
34.37	0.502	-0.003	-0.026	
34.40	0.501	-0.005	-0.023	
34.43	0.501	-0.005	-0.011	
34.47	0.501	-0.005	-0.004	
34.50	0.501	-0.005	0.000	
34.53	0.501	-0.005	0.006	
34.57	0.501	-0.005	0.011	
34.60	0.500	-0.004	0.015	
34.63	0.500	-0.003	-0.008	
34.67	0.500	-0.006	-0.014	
34.70	0.500	-0.005	0.008	
34.73	0.500	-0.004	0.005	
34.77	0.500	-0.005	0.003	
34.80	0.500	-0.004	0.016	
34.83	0.499	-0.003	0.023	
34.87	0.499	-0.003	0.022	
34.90	0.499	-0.002	0.026	
34.93	0.499	-0.001	0.023	
34.97	0.499	-0.000	0.012	
35.00	0.499	0.000	0.008	
35.03	0.499	0.000	0.012	
35.07	0.499	0.001	0.022	
35.10	0.499	0.002	0.021	
35.13	0.499	0.002	0.002	
35.17	0.499	0.003	-0.039	
35.20	0.500	0.001	-0.109	
35.23	0.499	-0.004	-0.180	
35.27	0.500	-0.017	-0.086	
35.30	0.498	-0.015	0.157	
35.33	0.498	0.001	0.207	
35.37	0.498	0.003	0.142	
35.40	0.498	0.007	0.157	
35.43	0.499	0.011	0.208	
35.47	0.499	0.026	0.122	
35.50	0.501	0.026	-0.120	
35.53	0.501	0.011	-0.202	
35.57	0.501	0.007	-0.127	
35.60	0.501	0.005	-0.068	
35.63	0.502	0.003	-0.035	
35.67	0.501	0.003	-0.024	
35.70	0.502	0.002	-0.027	
35.73	0.502	0.001	-0.027	
35.77	0.502	0.000	-0.023	
35.80	0.502	-0.001	-0.026	
35.83	0.502	-0.002	-0.023	
35.87	0.501	-0.002	-0.011	
35.90	0.502	-0.003	-0.003	
35.93	0.501	-0.003	0.005	
35.97	0.501	-0.002	0.010	
36.00	0.501	-0.002	0.010	
36.03	0.501	-0.000	-0.021	
36.07	0.501	-0.004	-0.041	
36.10	0.501	-0.005	-0.019	
36.13	0.501	-0.005	-0.003	
36.17	0.501	-0.004	-0.009	
36.20	0.501	-0.005	-0.022	
36.23	0.500	-0.006	-0.007	
36.27	0.500	-0.006	0.008	
36.30	0.500	-0.005	0.007	
36.33	0.500	-0.005	0.007	
36.37	0.500	-0.005	0.012	
36.40	0.500	-0.005	0.022	
36.43	0.499	-0.003	0.023	
36.47	0.499	-0.003	0.016	
36.50	0.499	-0.002	0.019	
36.53	0.499	-0.002	0.030	
36.57	0.499	-0.000	0.034	
36.60	0.499	0.001	0.018	
36.63	0.499	0.001	0.014	
36.67	0.499	0.001	0.031	
36.70	0.499	0.003	0.014	
36.73	0.499	0.006	-0.093	
36.77	0.500	-0.001	-0.221	
36.80	0.500	-0.017	-0.129	
36.83	0.498	-0.017	0.172	
36.87	0.498	0.000	0.336	
36.90	0.498	0.010	0.331	
36.93	0.498	0.027	0.159	
36.97	0.501	0.026	-0.141	
37.00	0.501	0.010	-0.250	
37.03	0.501	0.005	-0.220	
37.07	0.501	-0.002	-0.199	
37.10	0.501	-0.015	-0.002	
37.13	0.499	-0.009	0.342	
37.17	0.500	0.021	0.335	
37.20	0.502	0.025	0.006	
37.23	0.502	0.013	-0.154	
37.27	0.502	0.008	-0.134	
37.30	0.502	0.005	-0.089	
37.33	0.502	0.003	-0.044	
37.37	0.503	0.002	-0.000	
37.40	0.502	0.003	0.024	
37.43	0.503	0.006	-0.023	
37.47	0.503	0.001	-0.064	
37.50	0.503	-0.001	-0.040	
37.53	0.503	-0.001	-0.025	
37.57	0.503	-0.001	-0.037	
37.60	0.503	-0.004	-0.034	
37.63	0.502	-0.004	-0.011	
37.67	0.503	-0.004	-0.008	
37.70	0.502	-0.005	-0.013	
37.73	0.502	-0.005	-0.007	
37.77	0.502	-0.005	-0.003	
37.80	0.502	-0.005	-0.001	
37.83	0.502	-0.005	-0.000	
37.87	0.502	-0.005	-0.001	
37.90	0.501	-0.005	-0.004	
37.93	0.501	-0.005	-0.010	
37.97	0.501	-0.006	-0.019	
38.00	0.501	-0.007	-0.018	
38.03	0.500	-0.007	-0.020	
38.07	0.500	-0.007	-0.040	
38.10	0.500	-0.009	-0.043	
38.13	0.500	-0.017	0.120	
38.17	0.498	-0.002	0.275	
38.20	0.500	0.015	0.084	
38.23	0.500	0.004	-0.129	
38.27	0.500	-0.000	-0.185	
38.30	0.500	-0.007	-0.237	
38.33	0.500	-0.022	-0.108	
38.37	0.498	-0.021	0.197	
38.40	0.498	-0.004	0.375	
38.43	0.498	0.008	0.396	
38.47	0.498	0.029	0.216	
38.50	0.501	0.029	-0.126	
38.53	0.501	0.012	-0.244	
38.57	0.501	0.005	-0.148	
38.60	0.501	0.004	-0.074	
38.63	0.501	0.004	-0.081	
38.67	0.501	-0.000	-0.113	
38.70	0.501	-0.012	0.065	
38.73	0.499	0.003	0.260	
38.77	0.502	0.019	0.107	
38.80	0.502	0.010	-0.066	
38.83	0.502	0.008	-0.081	
38.87	0.502	0.004	-0.059	
38.90	0.502	0.004	-0.041	
38.93	0.502	0.003	-0.081	
38.97	0.502	0.000	-0.154	
39.00	0.503	-0.007	-0.205	
39.03	0.502	-0.022	-0.020	
39.07	0.500	-0.016	0.341	
39.10	0.500	0.015	0.329	
39.13	0.502	0.019	-0.030	
39.17	0.502	0.004	-0.202	
39.20	0.502	-0.002	-0.196	
39.23	0.502	-0.007	-0.194	
39.27	0.502	-0.013	-0.186	
39.30	0.501	-0.026	0.001	
39.33	0.500	-0.020	0.333	
39.37	0.499	0.009	0.324	
39.40	0.501	0.014	-0.006	
39.43	0.501	0.001	-0.162	
39.47	0.501	-0.005	-0.129	
39.50	0.500	-0.006	-0.113	
39.53	0.500	-0.007	-0.186	
39.57	0.500	-0.024	-0.091	
39.60	0.498	-0.023	0.243	
39.63	0.498	-0.003	0.419	
39.67	0.498	0.018	0.247	
39.70	0.500	0.018	-0.074	
39.73	0.500	0.004	-0.183	
39.77	0.500	0.000	-0.114	
39.80	0.500	-0.002	-0.048	
39.83	0.500	-0.002	-0.001	
39.87	0.500	-0.001	0.010	
39.90	0.500	-0.001	0.019	
39.93	0.499	0.000	0.031	
39.97	0.500	0.001	0.023	
40.00	0.500	0.001	0.026	
40.03	0.500	0.003	0.038	
40.07	0.500	0.004	0.030	
40.10	0.500	0.005	0.016	
40.13	0.500	0.005	0.012	
40.17	0.500	0.005	0.015	
40.20	0.500	0.006	0.022	
40.23	0.501	0.008	0.001	
40.27	0.501	0.006	-0.018	
40.30	0.501	0.006	-0.008	
40.33	0.501	0.006	0.000	
40.37	0.501	0.006	-0.013	
40.40	0.502	0.005	-0.033	
40.43	0.502	0.003	-0.029	
40.47	0.502	0.003	-0.015	
40.50	0.502	0.003	-0.009	
40.53	0.502	0.002	-0.012	
40.57	0.502	0.002	-0.019	
40.60	0.502	0.001	-0.016	
40.63	0.502	0.001	-0.005	
40.67	0.502	0.001	-0.015	
40.70	0.502	-0.000	-0.031	
40.73	0.502	-0.002	-0.023	
40.77	0.502	-0.002	-0.007	
40.80	0.502	-0.001	-0.011	
40.83	0.502	-0.003	-0.017	
40.87	0.502	-0.004	0.003	
40.90	0.502	-0.002	0.017	
40.93	0.502	-0.000	-0.019	
40.97	0.502	-0.004	-0.049	
41.00	0.502	-0.005	-0.046	
41.03	0.502	-0.007	-0.059	
41.07	0.501	-0.007	-0.114	
41.10	0.501	-0.012	-0.200	
41.13	0.501	-0.027	-0.106	
41.17	0.499	-0.026	0.179	
41.20	0.499	-0.010	0.331	
41.23	0.499	0.000	0.335	
41.27	0.498	0.017	0.180	
41.30	0.500	0.017	-0.106	
41.33	0.500	0.002	-0.185	
41.37	0.500	-0.001	-0.092	
41.40	0.500	-0.001	-0.033	
41.43	0.500	-0.002	-0.005	
41.47	0.500	-0.002	0.015	
41.50	0.500	-0.001	0.024	
41.53	0.500	0.000	0.028	
41.57	0.500	0.001	0.037	
41.60	0.500	0.003	0.038	
41.63	0.500	0.005	0.001	
41.67	0.500	0.002	-0.013	
41.70	0.500	0.003	0.008	
41.73	0.500	0.003	0.019	
41.77	0.500	0.004	0.017	
41.80	0.501	0.005	0.001	
41.83	0.500	0.004	0.004	
41.87	0.501	0.005	0.012	
41.90	0.501	0.005	0.007	
41.93	0.501	0.005	0.003	
41.97	0.501	0.005	0.001	
42.00	0.501	0.005	0.000	
42.03	0.501	0.005	-0.001	
42.07	0.502	0.005	-0.005	
42.10	0.502	0.005	-0.015	
42.13	0.502	0.004	-0.033	
42.17	0.502	0.003	-0.044	
42.20	0.502	0.001	-0.031	
42.23	0.502	0.000	-0.006	
42.27	0.502	0.000	0.016	
42.30	0.502	0.001	0.027	
42.33	0.502	0.004	-0.011	
42.37	0.503	0.001	-0.055	
42.40	0.502	-0.002	-0.044	
42.43	0.502	-0.002	-0.025	
42.47	0.502	-0.003	-0.018	
42.50	0.502	-0.003	-0.023	
42.53	0.502	-0.005	-0.022	
42.57	0.502	-0.005	-0.011	
42.60	0.502	-0.005	-0.004	
42.63	0.502	-0.005	-0.002	
42.67	0.501	-0.005	-0.004	
42.70	0.501	-0.005	-0.010	
42.73	0.501	-0.006	-0.018	
42.77	0.501	-0.007	-0.011	
42.80	0.500	-0.007	0.011	
42.83	0.500	-0.006	0.018	
42.87	0.500	-0.005	0.012	
42.90	0.500	-0.005	0.010	
42.93	0.500	-0.005	0.023	
42.97	0.500	-0.004	0.048	
43.00	0.499	-0.002	0.066	
43.03	0.500	0.002	0.034	
43.07	0.500	0.001	-0.002	
43.10	0.500	0.000	0.001	
43.13	0.500	0.001	0.012	
43.17	0.500	0.002	0.010	
43.20	0.500	0.002	-0.006	
43.23	0.500	0.001	-0.003	
43.27	0.500	0.001	0.019	
43.30	0.500	0.002	0.030	
43.33	0.500	0.004	0.014	
43.37	0.500	0.003	0.000	
43.40	0.500	0.003	0.005	
43.43	0.500	0.004	0.001	
43.47	0.501	0.003	-0.000	
43.50	0.500	0.003	0.015	
43.53	0.501	0.005	0.019	
43.57	0.501	0.005	0.011	
43.60	0.501	0.005	0.005	
43.63	0.501	0.005	0.008	
43.67	0.501	0.005	0.014	
43.70	0.501	0.006	0.021	
43.73	0.502	0.008	-0.005	
43.77	0.502	0.006	-0.037	
43.80	0.502	0.005	-0.048	
43.83	0.502	0.003	-0.052	
43.87	0.502	0.001	-0.039	
43.90	0.502	0.000	-0.027	
43.93	0.502	-0.001	-0.027	
43.97	0.502	-0.002	-0.023	
44.00	0.502	-0.002	-0.012	
44.03	0.502	-0.003	-0.008	
44.07	0.502	-0.003	-0.012	
44.10	0.502	-0.003	-0.022	
44.13	0.502	-0.005	-0.022	
44.17	0.502	-0.005	-0.011	
44.20	0.501	-0.005	-0.004	
44.23	0.501	-0.005	-0.001	
44.27	0.501	-0.005	-0.000	
44.30	0.501	-0.005	-0.003	
44.33	0.501	-0.005	-0.024	
44.37	0.501	-0.006	-0.071	
44.40	0.500	-0.008	-0.120	
44.43	0.501	-0.018	-0.029	
44.47	0.499	-0.019	0.263	
44.50	0.498	0.008	0.308	
44.53	0.500	0.015	0.004	
44.57	0.500	0.002	-0.145	
44.60	0.500	-0.003	-0.087	
44.63	0.500	-0.003	-0.019	
44.67	0.500	-0.003	0.013	
44.70	0.499	-0.002	0.025	
44.73	0.500	-0.001	0.024	
44.77	0.499	-0.000	0.014	
44.80	0.500	0.000	0.007	
44.83	0.499	0.001	-0.018	
44.87	0.500	0.001	-0.083	
44.90	0.500	-0.003	-0.172	
44.93	0.500	-0.016	-0.111	
44.97	0.498	-0.016	0.104	
45.00	0.498	-0.004	0.202	
45.03	0.498	0.001	0.188	
45.07	0.498	0.006	0.196	
45.10	0.498	0.012	0.235	
45.13	0.499	0.028	0.114	
45.17	0.501	0.025	-0.140	
45.20	0.501	0.011	-0.202	
45.23	0.501	0.007	-0.119	
45.27	0.501	0.005	-0.054	
45.30	0.502	0.005	-0.030	
45.33	0.501	0.003	-0.019	
45.37	0.502	0.003	-0.001	
45.40	0.502	0.003	0.013	
45.43	0.502	0.004	0.006	
45.47	0.502	0.004	-0.022	
45.50	0.502	0.003	-0.041	
45.53	0.502	0.001	-0.037	
45.57	0.502	0.000	-0.027	
45.60	0.502	-0.001	-0.028	
45.63	0.502	-0.002	-0.026	
45.67	0.502	-0.003	-0.016	
45.70	0.502	-0.003	-0.012	
45.73	0.502	-0.004	-0.003	
45.77	0.502	-0.002	-0.019	
45.80	0.502	-0.004	-0.061	
45.83	0.501	-0.006	-0.086	
45.87	0.501	-0.010	-0.089	
45.90	0.501	-0.019	0.077	
45.93	0.499	-0.005	0.238	
45.97	0.501	0.009	0.079	
46.00	0.501	-0.000	-0.078	
46.03	0.500	-0.003	-0.060	
46.07	0.500	-0.005	-0.017	
46.10	0.500	-0.003	0.004	
46.13	0.500	-0.003	-0.008	
46.17	0.500	-0.004	-0.007	
46.20	0.500	-0.004	0.013	
46.23	0.500	-0.003	0.022	
46.27	0.500	-0.003	0.021	
46.30	0.499	-0.002	0.023	
46.33	0.500	-0.001	0.015	
46.37	0.499	-0.001	0.004	
46.40	0.500	-0.001	0.019	
46.43	0.499	-0.000	0.055	
46.47	0.499	0.004	0.035	
46.50	0.500	0.003	-0.031	
46.53	0.500	0.002	-0.086	
46.57	0.500	-0.002	-0.126	
46.60	0.500	-0.013	0.024	
46.63	0.498	-0.007	0.332	
46.67	0.499	0.021	0.307	
46.70	0.501	0.025	-0.023	
46.73	0.501	0.012	-0.167	
46.77	0.501	0.007	-0.117	
46.80	0.501	0.005	-0.052	
46.83	0.501	0.004	-0.003	
46.87	0.501	0.005	0.016	
46.90	0.502	0.006	-0.004	
46.93	0.502	0.005	-0.030	
46.97	0.502	0.003	-0.029	
47.00	0.502	0.003	-0.014	
47.03	0.502	0.003	-0.004	
47.07	0.502	0.003	0.005	
47.10	0.502	0.003	0.010	
47.13	0.502	0.003	0.010	
47.17	0.503	0.005	-0.026	
47.20	0.503	0.001	-0.055	
47.23	0.503	-0.000	-0.049	
47.27	0.503	-0.002	-0.037	
47.30	0.502	-0.003	-0.025	
47.33	0.503	-0.003	-0.027	
47.37	0.502	-0.005	-0.023	
47.40	0.502	-0.005	-0.012	
47.43	0.502	-0.005	-0.010	
47.47	0.502	-0.005	-0.020	
47.50	0.502	-0.006	-0.063	
47.53	0.502	-0.009	-0.126	
47.57	0.501	-0.013	-0.186	
47.60	0.501	-0.026	-0.092	
47.63	0.499	-0.026	0.173	
47.67	0.499	-0.010	0.308	
47.70	0.499	-0.000	0.270	
47.73	0.499	0.014	0.054	
47.77	0.500	0.009	-0.281	
47.80	0.500	-0.019	-0.229	
47.83	0.498	-0.020	0.188	
47.87	0.498	0.003	0.374	
47.90	0.498	0.019	0.162	
47.93	0.500	0.017	-0.153	
47.97	0.500	0.001	-0.250	
48.00	0.500	-0.012	-0.029	
48.03	0.498	0.000	0.184	
48.07	0.500	0.013	0.079	
48.10	0.500	0.005	-0.043	
48.13	0.500	0.004	-0.019	
48.17	0.500	0.004	0.003	
48.20	0.500	0.005	0.006	
48.23	0.500	0.006	-0.028	
48.27	0.500	0.005	-0.104	
48.30	0.501	-0.001	-0.159	
48.33	0.501	-0.013	0.003	
48.37	0.499	-0.008	0.339	
48.40	0.499	0.022	0.338	
48.43	0.502	0.027	-0.014	
48.47	0.502	0.012	-0.176	
48.50	0.502	0.007	-0.114	
48.53	0.502	0.006	-0.040	
48.57	0.502	0.007	-0.034	
48.60	0.503	0.004	-0.049	
48.63	0.503	0.003	-0.033	
48.67	0.503	0.002	-0.023	
48.70	0.503	0.001	-0.010	
48.73	0.503	0.002	-0.011	
48.77	0.503	0.001	-0.033	
48.80	0.503	-0.001	-0.030	
48.83	0.503	-0.002	-0.004	
48.87	0.503	-0.001	0.003	
48.90	0.503	-0.001	-0.013	
48.93	0.503	-0.002	-0.022	
48.97	0.503	-0.003	-0.018	
49.00	0.503	-0.003	-0.016	
49.03	0.502	-0.004	-0.005	
49.07	0.502	-0.003	-0.001	
49.10	0.502	-0.003	-0.019	
49.13	0.502	-0.005	-0.028	
49.17	0.502	-0.006	-0.023	
49.20	0.502	-0.007	-0.005	
49.23	0.501	-0.006	0.016	
49.27	0.501	-0.003	-0.034	
49.30	0.501	-0.007	-0.119	
49.33	0.501	-0.011	-0.185	
49.37	0.501	-0.024	-0.108	
49.40	0.499	-0.025	0.160	
49.43	0.499	-0.010	0.321	
49.47	0.499	0.000	0.338	
49.50	0.499	0.018	0.189	
49.53	0.500	0.019	-0.131	
49.57	0.500	0.003	-0.268	
49.60	0.500	-0.005	-0.215	
49.63	0.500	-0.016	-0.035	
49.67	0.498	-0.005	0.098	
49.70	0.500	-0.003	0.071	
49.73	0.498	-0.009	0.229	
49.77	0.499	0.016	0.259	
49.80	0.500	0.021	-0.017	
49.83	0.501	0.009	-0.138	
49.87	0.500	0.005	-0.075	
49.90	0.501	0.005	-0.010	
49.93	0.501	0.006	0.013	
49.97	0.501	0.007	-0.015	
50.00	0.501	0.004	-0.032	
50.03	0.501	0.004	-0.003	
50.07	0.502	0.005	0.011	
50.10	0.502	0.005	0.009	
50.13	0.502	0.005	0.003	
50.17	0.502	0.005	-0.003	
50.20	0.502	0.005	-0.011	
50.23	0.502	0.005	-0.023	
50.27	0.503	0.003	-0.026	
50.30	0.502	0.003	-0.023	
50.33	0.503	0.002	-0.027	
50.37	0.503	0.001	-0.027	
50.40	0.503	0.000	-0.023	
50.43	0.503	-0.001	-0.026	
50.47	0.503	-0.002	-0.022	
50.50	0.502	-0.002	-0.006	
50.53	0.503	-0.002	0.006	
50.57	0.502	-0.002	0.010	
50.60	0.502	-0.000	-0.018	
50.63	0.502	-0.004	-0.033	
50.67	0.502	-0.004	-0.008	
50.70	0.502	-0.003	-0.000	
50.73	0.502	-0.003	-0.013	
50.77	0.502	-0.005	-0.018	
50.80	0.502	-0.005	-0.010	
50.83	0.502	-0.005	-0.004	
50.87	0.501	-0.005	-0.000	
50.90	0.501	-0.005	0.003	
50.93	0.501	-0.005	0.006	
50.97	0.501	-0.005	0.004	
51.00	0.501	-0.004	-0.032	
51.03	0.501	-0.006	-0.079	
51.07	0.500	-0.009	-0.109	
51.10	0.500	-0.019	-0.009	
51.13	0.498	-0.009	0.072	
51.17	0.500	-0.007	0.014	
51.20	0.498	-0.016	0.161	
51.23	0.498	-0.000	0.358	
51.27	0.498	0.019	0.250	
51.30	0.500	0.024	-0.053	
51.33	0.500	0.009	-0.192	
51.37	0.500	0.004	-0.123	
51.40	0.500	0.001	-0.036	
51.43	0.500	0.003	0.019	
51.47	0.501	0.004	0.017	
51.50	0.501	0.004	-0.003	
51.53	0.501	0.003	-0.007	
51.57	0.501	0.003	0.008	
51.60	0.501	0.004	0.008	
51.63	0.501	0.004	-0.008	
51.67	0.501	0.003	-0.007	
51.70	0.501	0.003	0.011	
51.73	0.502	0.005	0.014	
51.77	0.502	0.005	-0.000	
51.80	0.502	0.005	-0.015	
51.83	0.502	0.003	-0.014	
51.87	0.502	0.003	0.001	
51.90	0.502	0.004	0.002	
51.93	0.502	0.003	-0.002	
51.97	0.502	0.003	0.002	
52.00	0.503	0.005	-0.030	
52.03	0.503	0.001	-0.056	
52.07	0.503	-0.000	-0.049	
52.10	0.503	-0.002	-0.037	
52.13	0.502	-0.003	-0.025	
52.17	0.503	-0.003	-0.027	
52.20	0.502	-0.005	-0.023	
52.23	0.502	-0.005	-0.012	
52.27	0.502	-0.005	-0.010	
52.30	0.502	-0.005	-0.019	
52.33	0.502	-0.006	-0.055	
52.37	0.502	-0.009	-0.091	
52.40	0.501	-0.012	-0.116	
52.43	0.501	-0.021	-0.015	
52.47	0.499	-0.011	0.058	
52.50	0.501	-0.011	-0.025	
52.53	0.499	-0.019	0.042	
52.57	0.499	-0.009	0.131	
52.60	0.498	-0.006	0.129	
52.63	0.498	-0.002	0.156	
52.67	0.498	0.001	0.227	
52.70	0.498	0.018	0.146	
52.73	0.500	0.018	-0.114	
52.77	0.500	0.004	-0.194	
52.80	0.500	-0.001	-0.106	
52.83	0.499	-0.002	-0.023	
52.87	0.500	-0.001	0.014	
52.90	0.499	-0.000	0.014	
52.93	0.500	0.000	0.014	
52.97	0.499	0.001	0.015	
53.00	0.500	0.002	-0.016	
53.03	0.500	0.001	-0.088	
53.07	0.500	-0.003	-0.162	
53.10	0.500	-0.015	-0.070	
53.13	0.498	-0.015	0.224	
53.17	0.498	0.003	0.403	
53.20	0.499	0.023	0.248	
53.23	0.500	0.025	-0.065	
53.27	0.501	0.011	-0.181	
53.30	0.501	0.006	-0.092	
53.33	0.501	0.008	-0.038	
53.37	0.501	0.006	-0.035	
53.40	0.501	0.005	-0.034	
53.43	0.502	0.003	-0.028	
53.47	0.501	0.003	-0.013	
53.50	0.502	0.003	-0.009	
53.53	0.502	0.002	-0.012	
53.57	0.502	0.002	-0.022	
53.60	0.502	0.001	-0.022	
53.63	0.502	0.000	-0.011	
53.67	0.502	0.000	-0.005	
53.70	0.502	0.000	-0.005	
53.73	0.502	-0.000	-0.012	
53.77	0.502	-0.001	-0.023	
53.80	0.502	-0.002	-0.026	
53.83	0.502	-0.003	-0.023	
53.87	0.502	-0.003	-0.026	
53.90	0.502	-0.005	-0.022	
53.93	0.501	-0.005	-0.006	
53.97	0.501	-0.005	0.003	
54.00	0.501	-0.004	-0.011	
54.03	0.501	-0.004	-0.064	
54.07	0.501	-0.009	-0.097	
54.10	0.501	-0.018	0.057	
54.13	0.499	-0.005	0.211	
54.17	0.500	0.008	0.074	
54.20	0.500	-0.001	-0.066	
54.23	0.500	-0.003	-0.052	
54.27	0.500	-0.003	-0.046	
54.30	0.500	-0.004	-0.064	
54.33	0.500	-0.008	-0.064	
54.37	0.499	-0.015	0.080	
54.40	0.498	-0.003	0.214	
54.43	0.499	0.010	0.090	
54.47	0.499	0.003	-0.045	
54.50	0.499	0.001	-0.046	
54.53	0.499	0.000	-0.024	
54.57	0.499	0.000	-0.001	
54.60	0.499	0.000	0.012	
54.63	0.499	0.001	0.028	
54.67	0.499	0.002	0.031	
54.70	0.499	0.003	-0.001	
54.73	0.500	0.004	-0.092	
54.77	0.500	-0.001	-0.202	
54.80	0.500	-0.016	-0.124	
54.83	0.498	-0.017	0.161	
54.87	0.498	-0.000	0.323	
54.90	0.499	0.010	0.317	
54.93	0.499	0.025	0.160	
54.97	0.501	0.025	-0.121	
55.00	0.501	0.010	-0.201	
55.03	0.501	0.006	-0.116	
55.07	0.501	0.004	-0.060	
55.10	0.501	0.003	-0.032	
55.13	0.501	0.003	-0.023	
55.17	0.502	0.002	-0.026	
55.20	0.501	0.001	-0.023	
55.23	0.502	0.000	-0.012	
55.27	0.501	0.000	-0.008	
55.30	0.502	-0.000	-0.010	
55.33	0.501	-0.001	-0.012	
55.37	0.502	-0.002	0.003	
55.40	0.501	-0.001	0.028	
55.43	0.501	0.002	0.003	
55.47	0.502	-0.000	-0.041	
55.50	0.501	-0.002	-0.045	
55.53	0.501	-0.004	-0.031	
55.57	0.501	-0.003	-0.053	
55.60	0.501	-0.005	-0.129	
55.63	0.501	-0.011	-0.184	
55.67	0.501	-0.025	-0.018	
55.70	0.499	-0.020	0.317	
55.73	0.499	0.008	0.313	
55.77	0.500	0.012	-0.001	
55.80	0.500	0.001	-0.141	
55.83	0.500	-0.004	-0.095	
55.87	0.500	-0.005	-0.028	
55.90	0.499	-0.005	0.015	
55.93	0.499	-0.003	0.026	
55.97	0.499	-0.003	0.029	
56.00	0.499	-0.002	0.037	
56.03	0.499	0.000	0.038	
56.07	0.499	0.002	0.004	
56.10	0.499	-0.000	-0.010	
56.13	0.499	0.000	0.009	
56.17	0.499	0.001	0.005	
56.20	0.499	0.001	0.002	
56.23	0.499	0.001	0.015	
56.27	0.499	0.002	0.018	
56.30	0.500	0.002	0.001	
56.33	0.499	0.003	-0.040	
56.37	0.500	0.001	-0.114	
56.40	0.500	-0.004	-0.193	
56.43	0.500	-0.018	-0.106	
56.47	0.498	-0.017	0.155	
56.50	0.498	-0.002	0.275	
56.53	0.498	0.006	0.260	
56.57	0.499	0.013	0.257	
56.60	0.499	0.027	0.119	
56.63	0.501	0.026	-0.134	
56.67	0.501	0.012	-0.203	
56.70	0.501	0.007	-0.110	
56.73	0.501	0.006	-0.039	
56.77	0.502	0.007	-0.042	
56.80	0.502	0.003	-0.064	
56.83	0.502	0.001	-0.041	
56.87	0.502	0.001	-0.015	
56.90	0.502	0.001	-0.018	
56.93	0.502	-0.000	-0.034	
56.97	0.502	-0.002	-0.029	
57.00	0.502	-0.002	-0.015	
57.03	0.502	-0.003	-0.006	
57.07	0.502	-0.003	-0.010	
57.10	0.501	-0.003	-0.045	
57.13	0.502	-0.004	-0.118	
57.17	0.501	-0.009	-0.199	
57.20	0.501	-0.024	-0.091	
57.23	0.499	-0.023	0.231	
57.27	0.499	-0.004	0.423	
57.30	0.499	0.017	0.271	
57.33	0.501	0.021	-0.101	
57.37	0.501	0.004	-0.330	
57.40	0.501	-0.007	-0.350	
57.43	0.501	-0.024	-0.179	
57.47	0.499	-0.024	0.139	
57.50	0.499	-0.009	0.300	
57.53	0.498	-0.000	0.316	
57.57	0.498	0.016	0.183	
57.60	0.500	0.017	-0.084	
57.63	0.500	0.004	-0.174	
57.67	0.500	-0.000	-0.088	
57.70	0.500	-0.001	-0.019	
57.73	0.500	0.000	0.005	
57.77	0.500	0.001	-0.013	
57.80	0.500	0.000	-0.052	
57.83	0.500	-0.003	-0.077	
57.87	0.500	-0.012	0.069	
57.90	0.498	0.003	0.195	
57.93	0.500	0.015	-0.011	
57.97	0.501	-0.007	-0.011	
58.00	0.498	0.005	0.193	
58.03	0.501	0.020	0.039	
58.07	0.501	0.009	-0.155	
58.10	0.501	0.004	-0.207	
58.13	0.501	-0.011	-0.056	
58.17	0.499	-0.001	0.152	
58.20	0.502	0.006	0.163	
58.23	0.500	0.010	0.150	
58.27	0.502	0.020	0.012	
58.30	0.502	0.011	-0.117	
58.33	0.502	0.007	-0.095	
58.37	0.502	0.004	-0.046	
58.40	0.503	0.005	-0.015	
58.43	0.503	0.004	-0.028	
58.47	0.503	0.003	-0.043	
58.50	0.503	0.001	-0.044	
58.53	0.503	0.000	-0.058	
58.57	0.503	-0.002	-0.088	
58.60	0.503	-0.006	-0.092	
58.63	0.503	-0.015	0.067	
58.67	0.501	-0.001	0.203	
58.70	0.503	0.010	0.048	
58.73	0.503	0.000	-0.084	
58.77	0.502	-0.002	-0.050	
58.80	0.502	-0.001	-0.044	
58.83	0.502	-0.004	-0.051	
58.87	0.502	-0.006	-0.024	
58.90	0.502	-0.006	-0.008	
58.93	0.502	-0.005	-0.039	
58.97	0.502	-0.007	-0.110	
59.00	0.501	-0.011	-0.184	
59.03	0.501	-0.025	-0.065	
59.07	0.499	-0.023	0.244	
59.10	0.499	-0.003	0.366	
59.13	0.499	0.014	0.120	
59.17	0.501	0.010	-0.263	
59.20	0.500	-0.017	-0.262	
59.23	0.499	-0.021	0.111	
59.27	0.498	-0.004	0.348	
59.30	0.498	0.015	0.248	
59.33	0.500	0.018	-0.035	
59.37	0.500	0.006	-0.152	
59.40	0.500	0.002	-0.090	
59.43	0.500	0.001	-0.047	
59.47	0.500	0.001	-0.077	
59.50	0.500	-0.001	-0.172	
59.53	0.500	-0.017	-0.081	
59.57	0.499	-0.015	0.210	
59.60	0.499	0.005	0.294	
59.63	0.499	0.019	0.023	
59.67	0.501	0.003	-0.167	
59.70	0.499	-0.008	0.051	
59.73	0.500	0.006	0.280	
59.77	0.499	0.023	0.192	
59.80	0.502	0.025	-0.082	
59.83	0.502	0.011	-0.200	
59.87	0.502	0.005	-0.121	
59.90	0.502	0.003	-0.028	
59.93	0.502	0.005	0.022	
59.97	0.502	0.006	0.044	
60.00	0.502	0.008	0.062	
