Vernier Format 2
1.8.txt 1/28/2019 19:55:59
Run 1
Time	Position	Velocity	Acceleration	
T	P	V	A	
s	m	m/s	m/s^2	

0.00	0.500	-0.003	0.052	
0.03	0.499	-0.001	0.033	
0.07	0.500	-0.000	0.015	
0.10	0.499	0.000	0.010	
0.13	0.500	0.000	0.016	
0.17	0.499	0.001	0.030	
0.20	0.500	0.002	0.036	
0.23	0.500	0.004	0.025	
0.27	0.500	0.004	0.026	
0.30	0.500	0.005	0.049	
0.33	0.500	0.009	0.022	
0.37	0.501	0.006	-0.015	
0.40	0.500	0.006	-0.007	
0.43	0.501	0.007	-0.010	
0.47	0.501	0.006	-0.017	
0.50	0.501	0.005	-0.018	
0.53	0.501	0.005	-0.022	
0.57	0.502	0.003	-0.016	
0.60	0.501	0.003	-0.004	
0.63	0.502	0.004	-0.011	
0.67	0.502	0.003	-0.023	
0.70	0.502	0.001	-0.011	
0.73	0.502	0.002	-0.004	
0.77	0.502	0.002	-0.017	
0.80	0.502	0.001	-0.023	
0.83	0.502	0.000	-0.021	
0.87	0.502	-0.001	-0.023	
0.90	0.502	-0.002	-0.014	
0.93	0.502	-0.002	0.006	
0.97	0.502	-0.001	0.009	
1.00	0.502	-0.001	0.006	
1.03	0.502	0.000	-0.019	
1.07	0.502	-0.002	-0.048	
1.10	0.502	-0.004	-0.041	
1.13	0.502	-0.005	-0.029	
1.17	0.501	-0.006	-0.024	
1.20	0.501	-0.007	-0.013	
1.23	0.501	-0.007	0.008	
1.27	0.501	-0.006	0.012	
1.30	0.500	-0.006	0.003	
1.33	0.500	-0.006	0.011	
1.37	0.500	-0.005	0.023	
1.40	0.500	-0.004	0.011	
1.43	0.500	-0.005	0.004	
1.47	0.500	-0.004	0.017	
1.50	0.499	-0.003	0.023	
1.53	0.500	-0.003	0.022	
1.57	0.499	-0.002	0.026	
1.60	0.499	-0.001	0.023	
1.63	0.499	-0.000	0.012	
1.67	0.499	0.000	0.006	
1.70	0.499	0.000	0.012	
1.73	0.499	0.000	0.025	
1.77	0.499	0.001	0.036	
1.80	0.499	0.005	-0.016	
1.83	0.500	0.002	-0.112	
1.87	0.500	-0.003	-0.189	
1.90	0.500	-0.015	-0.128	
1.93	0.498	-0.017	0.098	
1.97	0.498	-0.004	0.211	
2.00	0.498	0.003	0.161	
2.03	0.499	0.005	0.124	
2.07	0.499	0.009	0.142	
2.10	0.499	0.013	0.189	
2.13	0.499	0.026	0.097	
2.17	0.501	0.026	-0.141	
2.20	0.501	0.011	-0.224	
2.23	0.502	0.005	-0.138	
2.27	0.501	0.003	-0.057	
2.30	0.502	0.003	-0.018	
2.33	0.502	0.002	-0.013	
2.37	0.502	0.002	-0.022	
2.40	0.502	0.001	-0.023	
2.43	0.502	0.000	-0.014	
2.47	0.502	-0.000	-0.008	
2.50	0.502	-0.000	-0.005	
2.53	0.502	-0.001	0.006	
2.57	0.502	0.001	-0.004	
2.60	0.502	-0.000	-0.034	
2.63	0.502	-0.002	-0.042	
2.67	0.502	-0.004	-0.035	
2.70	0.501	-0.004	-0.061	
2.73	0.502	-0.006	-0.135	
2.77	0.501	-0.011	-0.213	
2.80	0.501	-0.026	-0.133	
2.83	0.499	-0.027	0.124	
2.87	0.499	-0.012	0.243	
2.90	0.499	-0.006	0.220	
2.93	0.499	-0.001	0.235	
2.97	0.498	0.013	0.141	
3.00	0.500	0.015	-0.096	
3.03	0.500	0.001	-0.176	
3.07	0.500	-0.003	-0.089	
3.10	0.499	-0.003	-0.021	
3.13	0.499	-0.003	0.007	
3.17	0.499	-0.002	0.018	
3.20	0.499	-0.002	0.032	
3.23	0.499	-0.000	0.044	
3.27	0.499	0.002	0.036	
3.30	0.499	0.002	0.033	
3.33	0.499	0.005	0.004	
3.37	0.500	0.003	-0.041	
3.40	0.499	0.001	-0.065	
3.43	0.500	-0.001	-0.105	
3.47	0.499	-0.004	-0.162	
3.50	0.500	-0.017	-0.051	
3.53	0.498	-0.014	0.220	
3.57	0.498	0.004	0.306	
3.60	0.498	0.018	0.090	
3.63	0.500	0.008	-0.085	
3.67	0.499	-0.004	0.125	
3.70	0.499	0.021	0.218	
3.73	0.501	0.025	-0.045	
3.77	0.501	0.012	-0.172	
3.80	0.501	0.007	-0.118	
3.83	0.501	0.005	-0.058	
3.87	0.501	0.005	-0.032	
3.90	0.502	0.003	-0.022	
3.93	0.502	0.003	-0.005	
3.97	0.502	0.003	0.006	
4.00	0.502	0.003	0.009	
4.03	0.502	0.005	-0.026	
4.07	0.502	0.001	-0.055	
4.10	0.502	-0.000	-0.048	
4.13	0.502	-0.002	-0.032	
4.17	0.502	-0.002	-0.010	
4.20	0.502	-0.002	0.002	
4.23	0.502	-0.002	0.007	
4.27	0.502	-0.001	-0.010	
4.30	0.502	-0.003	-0.036	
4.33	0.502	-0.004	-0.066	
4.37	0.501	-0.005	-0.137	
4.40	0.502	-0.011	-0.224	
4.43	0.501	-0.027	-0.127	
4.47	0.499	-0.026	0.127	
4.50	0.499	-0.012	0.204	
4.53	0.499	-0.007	0.118	
4.57	0.499	-0.005	0.042	
4.60	0.499	-0.005	0.003	
4.63	0.498	-0.006	-0.004	
4.67	0.498	-0.006	0.022	
4.70	0.498	-0.005	0.084	
4.73	0.498	-0.001	0.161	
4.77	0.498	0.004	0.241	
4.80	0.498	0.021	0.137	
4.83	0.500	0.020	-0.144	
4.87	0.499	0.006	-0.293	
4.90	0.500	-0.003	-0.313	
4.93	0.500	-0.020	-0.154	
4.97	0.498	-0.020	0.177	
5.00	0.498	-0.002	0.347	
5.03	0.498	0.009	0.327	
5.07	0.498	0.025	0.122	
5.10	0.500	0.022	-0.195	
5.13	0.500	0.004	-0.288	
5.17	0.500	-0.009	-0.065	
5.20	0.498	0.003	0.103	
5.23	0.501	0.012	-0.079	
5.27	0.501	-0.010	-0.073	
5.30	0.499	-0.007	0.276	
5.33	0.499	0.021	0.301	
5.37	0.501	0.026	-0.014	
5.40	0.501	0.012	-0.155	
5.43	0.502	0.008	-0.088	
5.47	0.502	0.008	-0.022	
5.50	0.502	0.009	-0.033	
5.53	0.503	0.005	-0.049	
5.57	0.502	0.005	-0.033	
5.60	0.503	0.004	-0.037	
5.63	0.503	0.002	-0.025	
5.67	0.503	0.002	-0.012	
5.70	0.503	0.002	-0.023	
5.73	0.503	0.000	-0.030	
5.77	0.503	-0.000	-0.030	
5.80	0.503	-0.002	-0.019	
5.83	0.503	-0.002	-0.001	
5.87	0.503	-0.001	-0.005	
5.90	0.503	-0.002	-0.016	
5.93	0.503	-0.003	-0.019	
5.97	0.503	-0.003	-0.025	
6.00	0.503	-0.005	-0.023	
6.03	0.502	-0.005	-0.012	
6.07	0.502	-0.005	-0.005	
6.10	0.502	-0.005	-0.005	
6.13	0.502	-0.005	-0.009	
6.17	0.502	-0.006	-0.011	
6.20	0.502	-0.007	0.002	
6.23	0.501	-0.006	0.023	
6.27	0.501	-0.003	-0.026	
6.30	0.501	-0.006	-0.122	
6.33	0.501	-0.011	-0.191	
6.37	0.501	-0.025	-0.065	
6.40	0.499	-0.022	0.248	
6.43	0.499	-0.004	0.415	
6.47	0.498	0.016	0.265	
6.50	0.500	0.019	-0.053	
6.53	0.500	0.005	-0.173	
6.57	0.500	0.002	-0.125	
6.60	0.500	0.000	-0.139	
6.63	0.500	-0.004	-0.200	
6.67	0.500	-0.020	-0.078	
6.70	0.499	-0.018	0.257	
6.73	0.498	0.003	0.432	
6.77	0.499	0.023	0.257	
6.80	0.501	0.025	-0.077	
6.83	0.501	0.010	-0.193	
6.87	0.501	0.005	-0.096	
6.90	0.501	0.005	-0.012	
6.93	0.501	0.006	0.023	
6.97	0.501	0.008	0.003	
7.00	0.502	0.006	-0.022	
7.03	0.502	0.005	-0.018	
7.07	0.502	0.005	-0.017	
7.10	0.502	0.005	-0.020	
7.13	0.502	0.003	-0.016	
7.17	0.502	0.003	-0.005	
7.20	0.503	0.004	-0.015	
7.23	0.503	0.002	-0.034	
7.27	0.503	0.001	-0.030	
7.30	0.503	0.000	-0.019	
7.33	0.503	-0.000	-0.016	
7.37	0.503	-0.001	-0.024	
7.40	0.503	-0.002	-0.026	
7.43	0.502	-0.003	-0.022	
7.47	0.503	-0.003	-0.022	
7.50	0.502	-0.004	-0.013	
7.53	0.502	-0.004	0.007	
7.57	0.502	-0.003	0.007	
7.60	0.502	-0.003	-0.010	
7.63	0.502	-0.005	-0.008	
7.67	0.502	-0.005	0.010	
7.70	0.501	-0.004	0.025	
7.73	0.501	-0.001	-0.008	
7.77	0.502	-0.004	-0.044	
7.80	0.501	-0.006	-0.025	
7.83	0.501	-0.006	-0.006	
7.87	0.501	-0.006	-0.003	
7.90	0.501	-0.006	0.010	
7.93	0.500	-0.005	0.023	
7.97	0.500	-0.004	0.011	
8.00	0.500	-0.005	0.004	
8.03	0.500	-0.004	0.017	
8.07	0.500	-0.003	0.023	
8.10	0.500	-0.003	0.022	
8.13	0.500	-0.002	0.027	
8.17	0.500	-0.001	0.026	
8.20	0.500	0.000	0.015	
8.23	0.500	0.001	-0.009	
8.27	0.500	0.000	-0.049	
8.30	0.500	-0.002	-0.078	
8.33	0.500	-0.012	0.050	
8.37	0.498	0.001	0.155	
8.40	0.500	0.012	-0.041	
8.43	0.500	-0.007	-0.082	
8.47	0.499	-0.009	0.225	
8.50	0.499	0.018	0.282	
8.53	0.501	0.023	0.000	
8.57	0.501	0.011	-0.146	
8.60	0.501	0.007	-0.103	
8.63	0.501	0.005	-0.046	
8.67	0.501	0.005	-0.020	
8.70	0.501	0.005	-0.019	
8.73	0.502	0.003	-0.012	
8.77	0.502	0.003	0.006	
8.80	0.502	0.004	0.003	
8.83	0.502	0.004	-0.023	
8.87	0.502	0.003	-0.041	
8.90	0.502	0.001	-0.037	
8.93	0.502	0.000	-0.027	
8.97	0.502	-0.001	-0.027	
9.00	0.502	-0.002	-0.023	
9.03	0.502	-0.002	-0.011	
9.07	0.502	-0.003	-0.003	
9.10	0.502	-0.003	0.005	
9.13	0.502	-0.002	0.010	
9.17	0.502	-0.002	0.010	
9.20	0.502	-0.000	-0.021	
9.23	0.502	-0.004	-0.040	
9.27	0.501	-0.005	-0.015	
9.30	0.501	-0.005	0.006	
9.33	0.501	-0.003	0.005	
9.37	0.501	-0.003	-0.022	
9.40	0.501	-0.005	-0.036	
9.43	0.501	-0.007	-0.021	
9.47	0.500	-0.007	0.008	
9.50	0.500	-0.006	0.020	
9.53	0.500	-0.005	0.018	
9.57	0.500	-0.005	0.016	
9.60	0.500	-0.004	0.005	
9.63	0.500	-0.005	0.001	
9.67	0.499	-0.004	0.019	
9.70	0.500	-0.003	0.030	
9.73	0.499	-0.002	0.034	
9.77	0.499	-0.001	0.032	
9.80	0.499	0.000	0.029	
9.83	0.499	0.001	0.037	
9.87	0.499	0.003	0.038	
9.90	0.500	0.005	0.001	
9.93	0.500	0.002	-0.017	
9.97	0.500	0.002	0.001	
10.00	0.500	0.003	0.008	
10.03	0.500	0.003	0.014	
10.07	0.500	0.004	0.005	
10.10	0.500	0.003	0.001	
10.13	0.500	0.003	0.015	
10.17	0.500	0.005	0.019	
10.20	0.501	0.005	0.010	
10.23	0.501	0.005	0.000	
10.27	0.501	0.005	-0.010	
10.30	0.501	0.005	-0.018	
10.33	0.501	0.003	-0.012	
10.37	0.501	0.003	0.007	
10.40	0.501	0.004	0.007	
10.43	0.501	0.004	-0.011	
10.47	0.502	0.003	-0.017	
10.50	0.502	0.003	-0.005	
10.53	0.502	0.003	0.002	
10.57	0.502	0.003	-0.002	
10.60	0.502	0.004	-0.044	
10.63	0.502	-0.001	-0.066	
10.67	0.502	-0.002	-0.038	
10.70	0.502	-0.003	-0.019	
10.73	0.502	-0.003	-0.014	
10.77	0.502	-0.003	-0.023	
10.80	0.502	-0.005	-0.021	
10.83	0.502	-0.005	-0.007	
10.87	0.501	-0.005	0.006	
10.90	0.501	-0.005	0.017	
10.93	0.501	-0.003	0.011	
10.97	0.501	-0.003	-0.011	
11.00	0.501	-0.005	-0.018	
11.03	0.501	-0.005	-0.010	
11.07	0.500	-0.005	-0.004	
11.10	0.500	-0.005	-0.001	
11.13	0.500	-0.005	0.000	
11.17	0.500	-0.005	0.002	
11.20	0.500	-0.005	0.011	
11.23	0.500	-0.005	0.026	
11.27	0.499	-0.004	0.045	
11.30	0.499	-0.000	0.026	
11.33	0.500	-0.002	0.001	
11.37	0.499	-0.002	0.012	
11.40	0.499	-0.001	0.016	
11.43	0.499	-0.000	0.011	
11.47	0.499	0.000	0.008	
11.50	0.499	0.000	0.012	
11.53	0.499	0.001	0.023	
11.57	0.499	0.002	0.026	
11.60	0.500	0.003	0.022	
11.63	0.499	0.003	0.022	
11.67	0.500	0.004	0.013	
11.70	0.500	0.004	-0.007	
11.73	0.500	0.003	-0.007	
11.77	0.500	0.003	0.012	
11.80	0.500	0.005	0.017	
11.83	0.500	0.005	0.007	
11.87	0.501	0.005	-0.003	
11.90	0.501	0.005	-0.010	
11.93	0.501	0.004	-0.002	
11.97	0.501	0.005	0.010	
12.00	0.501	0.005	0.010	
12.03	0.501	0.005	0.024	
12.07	0.501	0.008	0.007	
12.10	0.502	0.006	-0.030	
12.13	0.502	0.005	-0.044	
12.17	0.502	0.003	-0.050	
12.20	0.502	0.001	-0.036	
12.23	0.502	0.000	-0.021	
12.27	0.502	-0.000	-0.020	
12.30	0.502	-0.001	-0.031	
12.33	0.502	-0.002	-0.037	
12.37	0.502	-0.004	-0.022	
12.40	0.502	-0.004	-0.012	
12.43	0.502	-0.005	-0.009	
12.47	0.501	-0.005	0.003	
12.50	0.501	-0.004	-0.003	
12.53	0.501	-0.005	-0.012	
12.57	0.501	-0.005	-0.007	
12.60	0.501	-0.005	-0.004	
12.63	0.501	-0.005	-0.008	
12.67	0.500	-0.005	-0.034	
12.70	0.500	-0.006	-0.089	
12.73	0.500	-0.010	-0.149	
12.77	0.500	-0.021	-0.064	
12.80	0.498	-0.021	0.203	
12.83	0.498	-0.004	0.368	
12.87	0.498	0.014	0.229	
12.90	0.500	0.016	-0.057	
12.93	0.500	0.003	-0.163	
12.97	0.499	-0.001	-0.091	
13.00	0.499	-0.002	-0.018	
13.03	0.499	-0.001	0.015	
13.07	0.499	-0.000	0.014	
13.10	0.499	0.000	0.015	
13.13	0.499	0.001	0.023	
13.17	0.499	0.002	0.022	
13.20	0.500	0.002	0.012	
13.23	0.499	0.003	0.008	
13.27	0.500	0.003	0.011	
13.30	0.500	0.003	0.019	
13.33	0.500	0.004	0.014	
13.37	0.500	0.004	0.003	
13.40	0.500	0.004	0.014	
13.43	0.500	0.005	0.041	
13.47	0.500	0.009	0.011	
13.50	0.501	0.006	-0.034	
13.53	0.501	0.004	-0.021	
13.57	0.501	0.005	-0.006	
13.60	0.501	0.005	-0.007	
13.63	0.501	0.004	-0.001	
13.67	0.501	0.005	0.000	
13.70	0.502	0.004	-0.015	
13.73	0.502	0.003	-0.020	
13.77	0.502	0.003	-0.015	
13.80	0.502	0.002	-0.015	
13.83	0.502	0.002	-0.024	
13.87	0.502	0.001	-0.026	
13.90	0.502	0.000	-0.023	
13.93	0.502	-0.001	-0.026	
13.97	0.502	-0.002	-0.023	
14.00	0.502	-0.002	-0.013	
14.03	0.502	-0.003	-0.016	
14.07	0.502	-0.003	-0.050	
14.10	0.502	-0.004	-0.121	
14.13	0.501	-0.010	-0.185	
14.17	0.501	-0.022	-0.076	
14.20	0.500	-0.023	0.227	
14.23	0.499	-0.003	0.392	
14.27	0.499	0.016	0.220	
14.30	0.501	0.016	-0.088	
14.33	0.501	0.002	-0.197	
14.37	0.501	-0.002	-0.159	
14.40	0.501	-0.006	-0.165	
14.43	0.500	-0.011	-0.206	
14.47	0.500	-0.024	-0.126	
14.50	0.498	-0.025	0.111	
14.53	0.498	-0.012	0.217	
14.57	0.498	-0.005	0.149	
14.60	0.498	-0.002	0.056	
14.63	0.498	-0.003	0.022	
14.67	0.498	-0.002	0.064	
14.70	0.498	0.000	0.127	
14.73	0.498	0.004	0.208	
14.77	0.497	0.019	0.126	
14.80	0.499	0.021	-0.172	
14.83	0.499	0.004	-0.358	
14.87	0.500	-0.013	-0.241	
14.90	0.498	-0.018	0.091	
14.93	0.498	-0.003	0.305	
14.97	0.498	0.007	0.349	
15.00	0.498	0.025	0.224	
15.03	0.500	0.028	-0.081	
15.07	0.500	0.013	-0.198	
15.10	0.501	0.009	-0.149	
15.13	0.501	0.006	-0.146	
15.17	0.501	0.001	-0.161	
15.20	0.501	-0.011	-0.009	
15.23	0.500	-0.007	0.305	
15.27	0.500	0.021	0.291	
15.30	0.502	0.024	-0.037	
15.33	0.502	0.011	-0.187	
15.37	0.503	0.005	-0.133	
15.40	0.502	0.003	-0.056	
15.43	0.503	0.003	-0.015	
15.47	0.503	0.002	-0.004	
15.50	0.503	0.002	-0.002	
15.53	0.503	0.002	0.006	
15.57	0.503	0.004	-0.024	
15.60	0.503	0.001	-0.064	
15.63	0.503	-0.002	-0.059	
15.67	0.503	-0.003	-0.051	
15.70	0.503	-0.005	-0.040	
15.73	0.503	-0.006	-0.017	
15.77	0.502	-0.006	-0.009	
15.80	0.502	-0.006	-0.044	
15.83	0.502	-0.008	-0.082	
15.87	0.502	-0.011	-0.119	
15.90	0.502	-0.022	-0.012	
15.93	0.500	-0.011	0.084	
15.97	0.501	-0.008	-0.020	
16.00	0.500	-0.019	0.027	
16.03	0.499	-0.009	0.142	
16.07	0.499	-0.005	0.148	
16.10	0.499	0.000	0.134	
16.13	0.499	0.011	-0.055	
16.17	0.501	-0.003	-0.230	
16.20	0.499	-0.018	-0.059	
16.23	0.498	-0.007	0.119	
16.27	0.499	-0.001	0.086	
16.30	0.499	-0.001	0.032	
16.33	0.498	-0.001	0.006	
16.37	0.499	-0.002	0.007	
16.40	0.498	-0.000	0.018	
16.43	0.499	0.000	0.020	
16.47	0.498	0.001	0.030	
16.50	0.499	0.002	0.038	
16.53	0.498	0.003	0.045	
16.57	0.499	0.005	0.067	
16.60	0.499	0.007	0.094	
16.63	0.499	0.010	0.134	
16.67	0.499	0.021	0.050	
16.70	0.501	0.020	-0.183	
16.73	0.501	-0.003	-0.114	
16.77	0.500	0.005	0.126	
16.80	0.501	0.019	0.035	
16.83	0.502	0.009	-0.104	
16.87	0.502	0.005	-0.081	
16.90	0.502	0.003	-0.025	
16.93	0.502	0.004	0.020	
16.97	0.502	0.007	-0.003	
17.00	0.502	0.004	-0.037	
17.03	0.502	0.003	-0.032	
17.07	0.503	0.002	-0.029	
17.10	0.502	0.001	-0.018	
17.13	0.503	0.001	-0.005	
17.17	0.502	0.001	-0.015	
17.20	0.503	-0.000	-0.034	
17.23	0.502	-0.002	-0.030	
17.27	0.503	-0.002	-0.019	
17.30	0.502	-0.003	-0.016	
17.33	0.502	-0.003	-0.023	
17.37	0.502	-0.005	-0.024	
17.40	0.502	-0.005	-0.021	
17.43	0.502	-0.005	-0.050	
17.47	0.502	-0.007	-0.120	
17.50	0.501	-0.012	-0.207	
17.53	0.501	-0.026	-0.129	
17.57	0.499	-0.027	0.132	
17.60	0.499	-0.012	0.249	
17.63	0.499	-0.003	0.163	
17.67	0.499	-0.000	0.038	
17.70	0.499	-0.005	0.013	
17.73	0.499	-0.002	0.059	
17.77	0.499	0.000	0.075	
17.80	0.498	0.010	-0.072	
17.83	0.500	-0.004	-0.227	
17.87	0.498	-0.019	-0.030	
17.90	0.498	-0.007	0.224	
17.93	0.498	0.002	0.310	
17.97	0.498	0.020	0.188	
18.00	0.500	0.020	-0.092	
18.03	0.500	0.006	-0.180	
18.07	0.500	0.002	-0.091	
18.10	0.500	0.002	-0.020	
18.13	0.500	0.003	0.002	
18.17	0.500	0.003	-0.022	
18.20	0.500	0.002	-0.074	
18.23	0.500	-0.002	-0.122	
18.27	0.500	-0.012	-0.008	
18.30	0.499	-0.001	0.087	
18.33	0.500	0.001	0.020	
18.37	0.499	-0.007	0.115	
18.40	0.499	0.005	0.257	
18.43	0.499	0.022	0.121	
18.47	0.501	0.020	-0.180	
18.50	0.501	-0.005	-0.125	
18.53	0.500	0.004	0.121	
18.57	0.501	0.017	0.038	
18.60	0.502	0.009	-0.100	
18.63	0.502	0.004	-0.094	
18.67	0.502	0.001	-0.043	
18.70	0.502	0.002	-0.005	
18.73	0.502	0.002	-0.010	
18.77	0.502	0.002	-0.026	
18.80	0.502	0.000	-0.033	
18.83	0.502	-0.001	-0.016	
18.87	0.502	-0.001	-0.009	
18.90	0.502	-0.001	-0.026	
18.93	0.502	-0.003	-0.036	
18.97	0.502	-0.004	-0.016	
19.00	0.502	-0.004	0.012	
19.03	0.501	-0.003	0.011	
19.07	0.502	-0.001	-0.067	
19.10	0.502	-0.007	-0.155	
19.13	0.501	-0.011	-0.212	
19.17	0.501	-0.026	-0.123	
19.20	0.499	-0.026	0.120	
19.23	0.499	-0.011	0.199	
19.27	0.499	-0.007	0.119	
19.30	0.499	-0.005	0.053	
19.33	0.498	-0.005	0.025	
19.37	0.498	-0.004	0.022	
19.40	0.498	-0.004	0.057	
19.43	0.498	-0.001	0.132	
19.47	0.498	0.004	0.204	
19.50	0.498	0.018	0.091	
19.53	0.500	0.018	-0.226	
19.57	0.500	-0.002	-0.389	
19.60	0.499	-0.020	-0.212	
19.63	0.498	-0.020	0.088	
19.67	0.498	-0.006	0.185	
19.70	0.498	-0.003	0.131	
19.73	0.498	0.001	0.092	
19.77	0.498	0.004	0.052	
19.80	0.498	0.004	0.024	
19.83	0.498	0.005	-0.005	
19.87	0.498	0.003	-0.022	
19.90	0.498	0.002	0.020	
19.93	0.498	0.004	0.076	
19.97	0.498	0.007	0.133	
20.00	0.499	0.013	0.165	
20.03	0.499	0.024	0.031	
20.07	0.501	0.020	-0.212	
20.10	0.501	-0.002	-0.141	
20.13	0.500	0.005	0.086	
20.17	0.501	0.016	0.019	
20.20	0.501	0.007	-0.088	
20.23	0.501	0.004	-0.066	
20.27	0.502	0.003	-0.032	
20.30	0.501	0.003	-0.008	
20.33	0.502	0.003	-0.004	
20.37	0.502	0.002	-0.005	
20.40	0.502	0.002	-0.012	
20.43	0.502	0.001	-0.011	
20.47	0.502	0.002	-0.030	
20.50	0.502	-0.001	-0.042	
20.53	0.502	-0.002	-0.020	
20.57	0.502	-0.001	-0.024	
20.60	0.502	-0.003	-0.043	
20.63	0.502	-0.004	-0.065	
20.67	0.501	-0.007	-0.085	
20.70	0.501	-0.010	-0.087	
20.73	0.501	-0.019	0.076	
20.77	0.499	-0.005	0.229	
20.80	0.501	0.009	0.036	
20.83	0.501	-0.002	-0.185	
20.87	0.500	-0.010	-0.217	
20.90	0.500	-0.024	-0.028	
20.93	0.498	-0.018	0.313	
20.97	0.498	0.010	0.316	
21.00	0.500	0.014	0.011	
21.03	0.500	0.003	-0.138	
21.07	0.500	-0.001	-0.103	
21.10	0.500	-0.003	-0.067	
21.13	0.499	-0.005	-0.047	
21.17	0.499	-0.004	-0.054	
21.20	0.500	-0.014	0.079	
21.23	0.498	-0.000	0.228	
21.27	0.500	0.013	0.078	
21.30	0.499	0.004	-0.068	
21.33	0.500	0.002	-0.054	
21.37	0.499	0.001	-0.018	
21.40	0.500	0.002	-0.026	
21.43	0.499	0.001	-0.095	
21.47	0.500	-0.003	-0.178	
21.50	0.500	-0.016	-0.111	
21.53	0.498	-0.016	0.108	
21.57	0.498	-0.004	0.201	
21.60	0.498	0.003	0.142	
21.63	0.498	0.005	0.092	
21.67	0.499	0.006	0.106	
21.70	0.499	0.011	0.136	
21.73	0.499	0.021	0.021	
21.77	0.501	0.011	-0.064	
21.80	0.499	0.009	0.026	
21.83	0.501	0.018	-0.016	
21.87	0.501	0.011	-0.121	
21.90	0.502	0.005	-0.109	
21.93	0.501	0.003	-0.062	
21.97	0.502	0.002	-0.029	
22.00	0.502	0.001	-0.008	
22.03	0.502	0.002	-0.002	
22.07	0.502	0.002	-0.019	
22.10	0.502	0.000	-0.030	
22.13	0.502	-0.000	-0.033	
22.17	0.502	-0.002	-0.026	
22.20	0.502	-0.002	-0.013	
22.23	0.502	-0.003	-0.008	
22.27	0.501	-0.003	-0.012	
22.30	0.502	-0.003	-0.024	
22.33	0.501	-0.005	-0.031	
22.37	0.501	-0.005	-0.056	
22.40	0.501	-0.007	-0.119	
22.43	0.501	-0.011	-0.196	
22.47	0.501	-0.026	-0.109	
22.50	0.499	-0.025	0.145	
22.53	0.498	-0.010	0.247	
22.57	0.498	-0.002	0.172	
22.60	0.499	-0.001	0.132	
22.63	0.498	0.002	0.190	
22.67	0.498	0.016	0.136	
22.70	0.500	0.018	-0.084	
22.73	0.500	0.005	-0.177	
22.77	0.500	0.001	-0.127	
22.80	0.500	-0.002	-0.093	
22.83	0.500	-0.003	-0.104	
22.87	0.500	-0.007	-0.142	
22.90	0.500	-0.019	-0.027	
22.93	0.498	-0.015	0.226	
22.97	0.498	0.010	0.145	
23.00	0.500	0.000	-0.074	
23.03	0.498	-0.011	0.097	
23.07	0.498	0.004	0.323	
23.10	0.498	0.023	0.218	
23.13	0.500	0.025	-0.074	
23.17	0.500	0.011	-0.187	
23.20	0.501	0.006	-0.096	
23.23	0.500	0.006	-0.013	
23.27	0.501	0.009	-0.027	
23.30	0.501	0.005	-0.073	
23.33	0.501	0.002	-0.074	
23.37	0.501	0.000	-0.067	
23.40	0.501	-0.008	0.079	
23.43	0.500	0.005	0.215	
23.47	0.502	0.018	0.057	
23.50	0.502	0.009	-0.108	
23.53	0.502	0.004	-0.108	
23.57	0.502	0.001	-0.062	
23.60	0.502	0.000	-0.012	
23.63	0.502	0.001	0.012	
23.67	0.502	0.002	0.010	
23.70	0.502	0.002	-0.012	
23.73	0.502	0.001	-0.023	
23.77	0.502	0.000	-0.026	
23.80	0.502	-0.001	-0.036	
23.83	0.502	-0.003	-0.040	
23.87	0.502	-0.004	-0.017	
23.90	0.502	-0.004	0.013	
23.93	0.502	-0.003	0.019	
23.97	0.502	-0.001	-0.031	
24.00	0.502	-0.005	-0.078	
24.03	0.501	-0.007	-0.093	
24.07	0.502	-0.010	-0.105	
24.10	0.501	-0.021	0.044	
24.13	0.499	-0.007	0.179	
24.17	0.501	0.004	0.004	
24.20	0.501	-0.015	0.002	
24.23	0.499	-0.003	0.170	
24.27	0.500	0.010	0.017	
24.30	0.500	-0.000	-0.194	
24.33	0.500	-0.008	-0.276	
24.37	0.500	-0.025	-0.158	
24.40	0.498	-0.025	0.130	
24.43	0.498	-0.009	0.226	
24.47	0.498	-0.003	0.131	
24.50	0.498	-0.002	0.059	
24.53	0.498	-0.002	0.076	
24.57	0.498	0.001	0.156	
24.60	0.498	0.007	0.248	
24.63	0.498	0.024	0.168	
24.67	0.500	0.027	-0.121	
24.70	0.500	0.008	-0.226	
24.73	0.500	0.003	-0.103	
24.77	0.500	0.004	-0.014	
24.80	0.500	0.005	0.011	
24.83	0.500	0.005	0.008	
24.87	0.500	0.005	-0.001	
24.90	0.501	0.006	-0.035	
24.93	0.501	0.005	-0.112	
24.97	0.501	-0.001	-0.171	
25.00	0.501	-0.015	-0.001	
25.03	0.500	-0.009	0.342	
25.07	0.500	0.021	0.330	
25.10	0.502	0.026	-0.023	
25.13	0.502	0.011	-0.194	
25.17	0.502	0.005	-0.143	
25.20	0.502	0.003	-0.070	
25.23	0.502	0.002	-0.035	
25.27	0.502	0.001	-0.018	
25.30	0.502	0.000	0.003	
25.33	0.502	0.001	0.018	
25.37	0.502	0.003	-0.001	
25.40	0.503	0.001	-0.023	
25.43	0.502	0.000	-0.018	
25.47	0.503	-0.000	-0.017	
25.50	0.502	-0.001	-0.021	
25.53	0.503	-0.002	-0.019	
25.57	0.502	-0.002	-0.011	
25.60	0.502	-0.002	-0.024	
25.63	0.502	-0.004	-0.035	
25.67	0.502	-0.004	-0.047	
25.70	0.502	-0.005	-0.090	
25.73	0.502	-0.010	-0.121	
25.77	0.502	-0.021	0.020	
25.80	0.500	-0.009	0.161	
25.83	0.501	0.003	-0.029	
25.87	0.501	-0.018	-0.054	
25.90	0.499	-0.008	0.114	
25.93	0.501	-0.003	0.114	
25.97	0.499	0.000	0.086	
26.00	0.501	0.008	-0.100	
26.03	0.500	-0.014	-0.105	
26.07	0.498	-0.003	0.023	
26.10	0.501	-0.005	-0.024	
26.13	0.498	-0.012	0.099	
26.17	0.499	0.009	0.050	
26.20	0.500	-0.003	-0.114	
26.23	0.498	-0.013	0.060	
26.27	0.498	0.000	0.246	
26.30	0.498	0.015	0.145	
26.33	0.500	0.010	-0.006	
26.37	0.499	0.009	-0.018	
26.40	0.501	0.014	-0.120	
26.43	0.501	-0.006	-0.036	
26.47	0.499	0.006	0.177	
26.50	0.501	0.019	0.052	
26.53	0.501	0.010	-0.086	
26.57	0.501	0.007	-0.071	
26.60	0.501	0.005	-0.035	
26.63	0.502	0.005	-0.007	
26.67	0.502	0.005	0.001	
26.70	0.502	0.005	0.003	
26.73	0.502	0.005	-0.001	
26.77	0.502	0.006	-0.026	
26.80	0.503	0.003	-0.044	
26.83	0.503	0.002	-0.041	
26.87	0.503	0.001	-0.030	
26.90	0.503	0.000	-0.014	
26.93	0.503	0.000	-0.008	
26.97	0.503	-0.000	-0.011	
27.00	0.503	-0.001	-0.019	
27.03	0.503	-0.002	-0.015	
27.07	0.503	-0.002	-0.000	
27.10	0.502	-0.001	-0.004	
27.13	0.503	-0.002	-0.013	
27.17	0.502	-0.002	-0.011	
27.20	0.502	-0.003	-0.015	
27.23	0.502	-0.003	-0.023	
27.27	0.502	-0.005	-0.024	
27.30	0.502	-0.005	-0.021	
27.33	0.502	-0.005	-0.049	
27.37	0.501	-0.007	-0.109	
27.40	0.502	-0.012	-0.157	
27.43	0.501	-0.025	-0.014	
27.47	0.499	-0.018	0.264	
27.50	0.499	0.005	0.232	
27.53	0.501	0.001	0.067	
27.57	0.499	0.002	0.076	
27.60	0.500	0.011	-0.021	
27.63	0.501	0.001	-0.118	
27.67	0.500	-0.003	-0.069	
27.70	0.500	-0.003	-0.020	
27.73	0.500	-0.003	-0.001	
27.77	0.500	-0.002	-0.026	
27.80	0.500	-0.003	-0.095	
27.83	0.500	-0.008	-0.144	
27.87	0.500	-0.019	0.007	
27.90	0.498	-0.015	0.317	
27.93	0.498	0.013	0.301	
27.97	0.500	0.019	-0.068	
28.00	0.500	0.003	-0.266	
28.03	0.500	-0.013	-0.071	
28.07	0.498	-0.008	0.262	
28.10	0.499	0.020	0.180	
28.13	0.501	0.016	-0.186	
28.17	0.501	-0.008	-0.159	
28.20	0.499	-0.008	0.210	
28.23	0.499	0.018	0.286	
28.27	0.501	0.024	0.010	
28.30	0.501	0.013	-0.148	
28.33	0.502	0.007	-0.118	
28.37	0.502	0.005	-0.062	
28.40	0.502	0.005	-0.039	
28.43	0.502	0.003	-0.035	
28.47	0.502	0.002	-0.034	
28.50	0.502	0.001	-0.026	
28.53	0.502	0.000	-0.012	
28.57	0.502	0.000	-0.004	
28.60	0.502	0.000	-0.002	
28.63	0.502	0.000	-0.004	
28.67	0.502	-0.000	-0.010	
28.70	0.502	-0.001	-0.016	
28.73	0.502	-0.002	-0.011	
28.77	0.502	-0.002	0.003	
28.80	0.502	-0.000	-0.016	
28.83	0.502	-0.003	-0.027	
28.87	0.502	-0.003	-0.016	
28.90	0.502	-0.003	-0.030	
28.93	0.502	-0.005	-0.056	
28.97	0.502	-0.007	-0.082	
29.00	0.501	-0.010	-0.087	
29.03	0.501	-0.019	0.076	
29.07	0.499	-0.005	0.229	
29.10	0.501	0.009	0.034	
29.13	0.501	-0.002	-0.196	
29.17	0.501	-0.010	-0.260	
29.20	0.500	-0.025	-0.132	
29.23	0.498	-0.024	0.157	
29.27	0.498	-0.008	0.264	
29.30	0.498	-0.001	0.217	
29.33	0.498	0.003	0.229	
29.37	0.498	0.017	0.151	
29.40	0.500	0.019	-0.078	
29.43	0.500	0.006	-0.163	
29.47	0.500	0.002	-0.067	
29.50	0.500	0.004	-0.020	
29.53	0.500	0.003	-0.030	
29.57	0.500	0.001	-0.019	
29.60	0.500	0.001	0.006	
29.63	0.500	0.002	0.017	
29.67	0.500	0.002	0.011	
29.70	0.500	0.003	0.008	
29.73	0.500	0.003	0.012	
29.77	0.500	0.003	0.022	
29.80	0.501	0.005	0.022	
29.83	0.501	0.005	0.010	
29.87	0.501	0.005	0.000	
29.90	0.501	0.005	-0.010	
29.93	0.501	0.005	-0.019	
29.97	0.501	0.003	-0.015	
30.00	0.501	0.003	-0.001	
30.03	0.501	0.004	-0.005	
30.07	0.502	0.003	-0.014	
30.10	0.502	0.003	-0.012	
30.13	0.502	0.002	-0.011	
30.17	0.502	0.001	-0.002	
30.20	0.502	0.003	-0.015	
30.23	0.502	0.001	-0.036	
30.27	0.502	-0.000	-0.034	
30.30	0.502	-0.002	-0.023	
30.33	0.502	-0.002	-0.005	
30.37	0.502	-0.001	-0.012	
30.40	0.502	-0.003	-0.023	
30.43	0.502	-0.004	-0.008	
30.47	0.501	-0.003	0.003	
30.50	0.502	-0.003	-0.005	
30.53	0.501	-0.003	-0.020	
30.57	0.501	-0.005	-0.025	
30.60	0.501	-0.005	-0.018	
30.63	0.501	-0.006	-0.015	
30.67	0.501	-0.007	-0.001	
30.70	0.501	-0.006	0.011	
30.73	0.500	-0.005	0.008	
30.77	0.500	-0.005	0.010	
30.80	0.500	-0.005	0.022	
30.83	0.500	-0.004	0.044	
30.87	0.500	-0.002	0.056	
30.90	0.500	0.002	0.015	
30.93	0.500	-0.001	-0.018	
30.97	0.500	-0.002	-0.002	
31.00	0.500	-0.001	0.006	
31.03	0.500	-0.001	0.002	
31.07	0.500	-0.001	0.011	
31.10	0.499	0.000	0.023	
31.13	0.500	0.001	0.008	
31.17	0.500	0.000	-0.003	
31.20	0.500	0.000	0.004	
31.23	0.500	0.001	0.016	
31.27	0.500	0.002	0.014	
31.30	0.500	0.002	0.000	
31.33	0.500	0.001	0.005	
31.37	0.500	0.002	0.016	
31.40	0.500	0.003	0.020	
31.43	0.500	0.003	0.032	
31.47	0.500	0.005	0.037	
31.50	0.500	0.006	0.033	
31.53	0.501	0.008	0.004	
31.57	0.501	0.006	-0.022	
31.60	0.501	0.005	-0.019	
31.63	0.501	0.005	-0.022	
31.67	0.501	0.004	-0.034	
31.70	0.502	0.003	-0.041	
31.73	0.501	0.001	-0.026	
31.77	0.502	0.001	-0.005	
31.80	0.501	0.001	-0.006	
31.83	0.502	0.000	-0.016	
31.87	0.501	0.000	-0.018	
31.90	0.502	-0.001	-0.025	
31.93	0.501	-0.002	-0.020	
31.97	0.502	-0.002	-0.005	
32.00	0.501	-0.002	0.003	
32.03	0.501	-0.001	-0.008	
32.07	0.501	-0.003	-0.022	
32.10	0.501	-0.004	-0.010	
32.13	0.501	-0.003	0.003	
32.17	0.501	-0.003	-0.001	
32.20	0.501	-0.004	0.003	
32.23	0.501	-0.002	-0.011	
32.27	0.501	-0.004	-0.026	
32.30	0.500	-0.005	-0.015	
32.33	0.500	-0.005	-0.007	
32.37	0.500	-0.005	-0.001	
32.40	0.500	-0.005	0.004	
32.43	0.500	-0.005	0.011	
32.47	0.500	-0.005	0.022	
32.50	0.499	-0.003	0.022	
32.53	0.500	-0.003	0.012	
32.57	0.499	-0.003	0.009	
32.60	0.499	-0.002	0.015	
32.63	0.499	-0.002	0.030	
32.67	0.499	-0.000	0.034	
32.70	0.499	0.001	0.015	
32.73	0.499	0.001	0.001	
32.77	0.499	0.001	0.006	
32.80	0.499	0.001	0.003	
32.83	0.499	0.001	0.010	
32.87	0.499	0.001	0.036	
32.90	0.499	0.003	0.051	
32.93	0.500	0.007	0.010	
32.97	0.500	0.004	-0.035	
33.00	0.500	0.003	-0.049	
33.03	0.500	0.001	-0.063	
33.07	0.500	-0.001	-0.055	
33.10	0.500	-0.008	0.093	
33.13	0.499	0.005	0.228	
33.17	0.501	0.018	0.075	
33.20	0.501	0.009	-0.078	
33.23	0.501	0.006	-0.076	
33.27	0.501	0.005	-0.055	
33.30	0.501	0.003	-0.033	
33.33	0.501	0.003	-0.024	
33.37	0.501	0.002	-0.026	
33.40	0.501	0.001	-0.023	
33.43	0.501	0.000	-0.012	
33.47	0.501	0.000	-0.008	
33.50	0.501	-0.000	-0.010	
33.53	0.501	-0.001	-0.012	
33.57	0.501	-0.002	-0.002	
33.60	0.501	-0.001	0.012	
33.63	0.501	0.002	-0.049	
33.67	0.501	-0.003	-0.149	
33.70	0.501	-0.008	-0.221	
33.73	0.501	-0.023	-0.136	
33.77	0.499	-0.023	0.105	
33.80	0.499	-0.010	0.205	
33.83	0.499	-0.006	0.200	
33.87	0.499	-0.000	0.225	
33.90	0.498	0.015	0.083	
33.93	0.500	0.012	-0.197	
33.97	0.500	-0.012	-0.119	
34.00	0.498	-0.003	0.142	
34.03	0.500	0.011	0.060	
34.07	0.500	0.003	-0.090	
34.10	0.500	-0.001	-0.098	
34.13	0.500	-0.004	-0.084	
34.17	0.499	-0.005	-0.104	
34.20	0.500	-0.009	-0.163	
34.23	0.499	-0.021	-0.062	
34.27	0.498	-0.018	0.160	
34.30	0.498	-0.004	0.199	
34.33	0.498	0.001	0.101	
34.37	0.498	0.000	0.063	
34.40	0.498	0.001	0.116	
34.43	0.498	0.006	0.224	
34.47	0.498	0.022	0.161	
34.50	0.500	0.024	-0.110	
34.53	0.500	0.009	-0.244	
34.57	0.500	0.003	-0.226	
34.60	0.500	-0.004	-0.197	
34.63	0.500	-0.016	-0.003	
34.67	0.498	-0.011	0.338	
34.70	0.499	0.019	0.338	
34.73	0.500	0.024	-0.003	
34.77	0.501	0.011	-0.196	
34.80	0.501	0.005	-0.221	
34.83	0.501	-0.002	-0.210	
34.87	0.501	-0.015	-0.011	
34.90	0.499	-0.010	0.347	
34.93	0.499	0.021	0.345	
34.97	0.502	0.027	-0.030	
35.00	0.502	0.010	-0.208	
35.03	0.502	0.004	-0.150	
35.07	0.502	0.001	-0.070	
35.10	0.502	0.001	-0.034	
35.13	0.502	-0.000	-0.038	
35.17	0.502	-0.002	-0.027	
35.20	0.502	-0.002	-0.010	
35.23	0.502	-0.002	-0.009	
35.27	0.502	-0.001	-0.055	
35.30	0.502	-0.005	-0.119	
35.33	0.502	-0.010	-0.140	
35.37	0.501	-0.021	0.014	
35.40	0.500	-0.009	0.153	
35.43	0.501	-0.005	0.114	
35.47	0.499	-0.001	0.048	
35.50	0.501	0.006	-0.192	
35.53	0.501	-0.020	-0.263	
35.57	0.499	-0.025	0.032	
35.60	0.499	-0.013	0.231	
35.63	0.498	-0.004	0.276	
35.67	0.498	0.006	0.262	
35.70	0.498	0.018	0.105	
35.73	0.500	0.016	-0.134	
35.77	0.500	0.002	-0.181	
35.80	0.500	-0.001	-0.076	
35.83	0.500	-0.001	-0.013	
35.87	0.500	-0.000	-0.003	
35.90	0.500	0.000	-0.041	
35.93	0.500	-0.002	-0.114	
35.97	0.500	-0.006	-0.194	
36.00	0.500	-0.020	-0.109	
36.03	0.498	-0.020	0.138	
36.07	0.498	-0.004	0.215	
36.10	0.498	0.000	0.129	
36.13	0.498	0.001	0.105	
36.17	0.498	0.004	0.160	
36.20	0.498	0.011	0.235	
36.23	0.498	0.026	0.148	
36.27	0.500	0.026	-0.095	
36.30	0.501	0.014	-0.210	
36.33	0.501	0.007	-0.191	
36.37	0.501	0.003	-0.186	
36.40	0.501	-0.003	-0.186	
36.43	0.501	-0.016	-0.003	
36.47	0.500	-0.011	0.341	
36.50	0.499	0.019	0.344	
36.53	0.502	0.025	-0.012	
36.57	0.502	0.011	-0.218	
36.60	0.502	0.003	-0.209	
36.63	0.502	-0.002	-0.152	
36.67	0.502	-0.012	0.042	
36.70	0.500	0.001	0.213	
36.73	0.502	0.014	0.063	
36.77	0.502	0.005	-0.098	
36.80	0.502	0.001	-0.094	
36.83	0.502	-0.002	-0.058	
36.87	0.502	-0.002	-0.019	
36.90	0.502	-0.003	-0.003	
36.93	0.502	-0.002	0.003	
36.97	0.502	-0.002	0.002	
37.00	0.502	-0.002	-0.020	
37.03	0.502	-0.004	-0.055	
37.07	0.501	-0.004	-0.109	
37.10	0.502	-0.009	-0.192	
37.13	0.501	-0.023	-0.120	
37.17	0.500	-0.022	0.094	
37.20	0.499	-0.011	0.162	
37.23	0.499	-0.007	0.114	
37.27	0.499	-0.004	0.085	
37.30	0.499	-0.004	0.108	
37.33	0.499	-0.000	0.196	
37.37	0.499	0.015	0.130	
37.40	0.500	0.015	-0.111	
37.43	0.500	0.002	-0.217	
37.47	0.500	-0.003	-0.208	
37.50	0.500	-0.009	-0.230	
37.53	0.500	-0.023	-0.120	
37.57	0.498	-0.023	0.132	
37.60	0.498	-0.008	0.231	
37.63	0.498	-0.002	0.163	
37.67	0.498	0.001	0.100	
37.70	0.498	0.005	0.036	
37.73	0.498	0.003	-0.007	
37.77	0.498	0.003	-0.006	
37.80	0.498	0.003	0.006	
37.83	0.498	0.003	0.026	
37.87	0.498	0.004	0.055	
37.90	0.498	0.006	0.105	
37.93	0.499	0.009	0.181	
37.97	0.499	0.023	0.113	
38.00	0.501	0.023	-0.113	
38.03	0.501	0.009	-0.181	
38.07	0.501	0.006	-0.104	
38.10	0.501	0.004	-0.051	
38.13	0.501	0.003	-0.017	
38.17	0.501	0.003	0.006	
38.20	0.501	0.004	0.005	
38.23	0.501	0.004	-0.012	
38.27	0.502	0.003	-0.016	
38.30	0.502	0.002	0.006	
38.33	0.502	0.005	-0.009	
38.37	0.502	0.003	-0.049	
38.40	0.502	0.000	-0.056	
38.43	0.502	-0.002	-0.043	
38.47	0.502	-0.003	-0.027	
38.50	0.502	-0.003	-0.025	
38.53	0.502	-0.004	-0.022	
38.57	0.502	-0.004	-0.038	
38.60	0.501	-0.005	-0.109	
38.63	0.501	-0.010	-0.209	
38.67	0.501	-0.025	-0.136	
38.70	0.499	-0.025	0.113	
38.73	0.499	-0.011	0.207	
38.77	0.499	-0.006	0.135	
38.80	0.499	-0.003	0.053	
38.83	0.499	-0.003	-0.021	
38.87	0.499	-0.006	-0.028	
38.90	0.498	-0.008	0.061	
38.93	0.498	-0.003	0.165	
38.97	0.498	0.004	0.236	
39.00	0.498	0.019	0.145	
39.03	0.500	0.020	-0.128	
39.07	0.500	0.003	-0.218	
39.10	0.499	-0.001	-0.115	
39.13	0.500	-0.003	-0.034	
39.17	0.499	-0.002	0.007	
39.20	0.499	-0.001	-0.019	
39.23	0.499	-0.002	-0.093	
39.27	0.499	-0.006	-0.172	
39.30	0.499	-0.018	-0.096	
39.33	0.498	-0.018	0.131	
39.37	0.498	-0.004	0.205	
39.40	0.498	0.001	0.123	
39.43	0.498	0.003	0.054	
39.47	0.498	0.004	0.012	
39.50	0.498	0.003	0.028	
39.53	0.498	0.003	0.119	
39.57	0.498	0.009	0.224	
39.60	0.498	0.025	0.139	
39.63	0.500	0.025	-0.118	
39.67	0.501	0.010	-0.203	
39.70	0.500	0.006	-0.136	
39.73	0.501	0.005	-0.151	
39.77	0.501	-0.002	-0.191	
39.80	0.501	-0.015	-0.029	
39.83	0.499	-0.010	0.254	
39.87	0.499	0.015	0.174	
39.90	0.501	0.014	-0.215	
39.93	0.501	-0.013	-0.250	
39.97	0.500	-0.017	0.101	
40.00	0.499	-0.001	0.340	
40.03	0.500	0.018	0.221	
40.07	0.501	0.020	-0.093	
40.10	0.501	0.004	-0.212	
40.13	0.501	-0.001	-0.136	
40.17	0.501	-0.003	-0.071	
40.20	0.501	-0.005	-0.031	
40.23	0.501	-0.005	-0.007	
40.27	0.501	-0.005	0.013	
40.30	0.501	-0.004	0.032	
40.33	0.500	-0.002	0.036	
40.37	0.500	-0.000	-0.000	
40.40	0.500	-0.003	-0.022	
40.43	0.500	-0.003	-0.013	
40.47	0.500	-0.003	-0.018	
40.50	0.500	-0.004	-0.010	
40.53	0.500	-0.004	0.007	
40.57	0.500	-0.003	0.008	
40.60	0.500	-0.003	-0.008	
40.63	0.499	-0.004	-0.007	
40.67	0.499	-0.004	0.013	
40.70	0.499	-0.003	0.022	
40.73	0.499	-0.003	0.022	
40.77	0.499	-0.002	0.026	
40.80	0.499	-0.001	0.023	
40.83	0.499	-0.000	0.011	
40.87	0.499	0.000	-0.001	
40.90	0.499	0.000	-0.032	
40.93	0.499	-0.001	-0.092	
40.97	0.499	-0.004	-0.169	
41.00	0.499	-0.018	-0.093	
41.03	0.497	-0.017	0.148	
41.07	0.498	-0.001	0.206	
41.10	0.498	0.002	0.105	
41.13	0.498	0.004	0.034	
41.17	0.498	0.003	0.002	
41.20	0.498	0.003	0.011	
41.23	0.498	0.004	0.009	
41.27	0.498	0.004	-0.004	
41.30	0.499	0.003	0.000	
41.33	0.498	0.004	0.024	
41.37	0.499	0.006	0.045	
41.40	0.499	0.006	0.086	
41.43	0.499	0.008	0.183	
41.47	0.499	0.023	0.133	
41.50	0.501	0.025	-0.110	
41.53	0.501	0.011	-0.218	
41.57	0.501	0.004	-0.155	
41.60	0.501	0.001	-0.078	
41.63	0.501	0.000	-0.027	
41.67	0.501	-0.000	-0.011	
41.70	0.501	-0.000	-0.009	
41.73	0.501	-0.001	-0.001	
41.77	0.501	0.000	-0.012	
41.80	0.501	-0.002	-0.030	
41.83	0.501	-0.002	-0.028	
41.87	0.501	-0.003	-0.038	
41.90	0.501	-0.005	-0.068	
41.93	0.501	-0.007	-0.127	
41.97	0.501	-0.011	-0.201	
42.00	0.501	-0.026	-0.114	
42.03	0.498	-0.025	0.143	
42.07	0.498	-0.011	0.271	
42.10	0.498	-0.003	0.259	
42.13	0.498	0.005	0.242	
42.17	0.498	0.018	0.100	
42.20	0.500	0.016	-0.142	
42.23	0.500	0.001	-0.201	
42.27	0.500	-0.003	-0.096	
42.30	0.499	-0.003	-0.013	
42.33	0.499	-0.002	0.028	
42.37	0.499	-0.001	0.047	
42.40	0.499	0.002	0.023	
42.43	0.499	0.001	-0.010	
42.47	0.499	0.000	-0.009	
42.50	0.499	0.000	-0.002	
42.53	0.499	0.000	0.009	
42.57	0.499	0.001	0.013	
42.60	0.499	0.002	-0.022	
42.63	0.500	0.001	-0.103	
42.67	0.499	-0.004	-0.190	
42.70	0.500	-0.018	-0.111	
42.73	0.498	-0.017	0.131	
42.77	0.498	-0.002	0.201	
42.80	0.498	0.002	0.114	
42.83	0.498	0.003	0.060	
42.87	0.498	0.004	0.053	
42.90	0.499	0.005	0.088	
42.93	0.498	0.009	0.131	
42.97	0.499	0.020	0.025	
43.00	0.501	0.009	-0.049	
43.03	0.499	0.009	0.051	
43.07	0.501	0.020	-0.008	
43.10	0.501	0.012	-0.129	
43.13	0.501	0.005	-0.117	
43.17	0.501	0.003	-0.069	
43.20	0.502	0.002	-0.040	
43.23	0.501	0.001	-0.026	
43.27	0.502	0.000	-0.013	
43.30	0.501	0.000	-0.008	
43.33	0.502	-0.000	-0.012	
43.37	0.501	-0.001	-0.024	
43.40	0.502	-0.002	-0.035	
43.43	0.501	-0.003	-0.067	
43.47	0.501	-0.005	-0.140	
43.50	0.501	-0.011	-0.212	
43.53	0.501	-0.025	-0.091	
43.57	0.499	-0.024	0.197	
43.60	0.499	-0.006	0.300	
43.63	0.499	0.009	0.058	
43.67	0.501	-0.003	-0.179	
43.70	0.498	-0.017	-0.043	
43.73	0.498	-0.005	0.099	
43.77	0.499	-0.003	0.064	
43.80	0.498	-0.002	0.037	
43.83	0.498	-0.001	0.008	
43.87	0.498	-0.002	0.003	
43.90	0.498	-0.002	0.013	
43.93	0.498	0.000	0.001	
43.97	0.498	-0.002	0.000	
44.00	0.498	-0.002	0.067	
44.03	0.498	0.003	0.127	
44.07	0.498	0.006	0.171	
44.10	0.498	0.018	0.107	
44.13	0.500	0.020	-0.137	
44.17	0.500	0.005	-0.281	
44.20	0.500	-0.003	-0.291	
44.23	0.500	-0.018	-0.158	
44.27	0.498	-0.019	0.127	
44.30	0.498	-0.004	0.236	
44.33	0.498	0.003	0.161	
44.37	0.499	0.006	0.090	
44.40	0.499	0.008	0.049	
44.43	0.499	0.009	0.028	
44.47	0.499	0.007	0.082	
44.50	0.499	0.012	0.191	
44.53	0.500	0.027	0.104	
44.57	0.502	0.025	-0.151	
44.60	0.502	0.010	-0.227	
44.63	0.502	0.004	-0.131	
44.67	0.502	0.003	-0.054	
44.70	0.502	0.002	-0.021	
44.73	0.502	0.002	-0.024	
44.77	0.502	0.001	-0.022	
44.80	0.502	0.000	-0.011	
44.83	0.502	0.000	-0.004	
44.87	0.502	0.000	-0.002	
44.90	0.502	0.000	-0.004	
44.93	0.502	-0.000	-0.010	
44.97	0.502	-0.001	-0.016	
45.00	0.502	-0.002	-0.012	
45.03	0.502	-0.002	-0.002	
45.07	0.502	-0.000	-0.036	
45.10	0.502	-0.004	-0.089	
45.13	0.502	-0.006	-0.135	
45.17	0.502	-0.012	-0.171	
45.20	0.501	-0.024	-0.018	
45.23	0.500	-0.021	0.313	
45.27	0.499	0.008	0.320	
45.30	0.501	0.013	-0.013	
45.33	0.501	-0.000	-0.184	
45.37	0.501	-0.005	-0.192	
45.40	0.500	-0.010	-0.223	
45.43	0.500	-0.024	-0.136	
45.47	0.498	-0.025	0.102	
45.50	0.498	-0.011	0.194	
45.53	0.498	-0.007	0.138	
45.57	0.498	-0.004	0.124	
45.60	0.498	-0.001	0.166	
45.63	0.498	0.006	0.209	
45.67	0.498	0.018	0.109	
45.70	0.499	0.018	-0.095	
45.73	0.499	0.006	-0.146	
45.77	0.499	0.004	-0.088	
45.80	0.500	0.001	-0.046	
45.83	0.499	0.002	-0.044	
45.87	0.500	0.001	-0.110	
45.90	0.500	-0.004	-0.183	
45.93	0.500	-0.018	-0.071	
45.97	0.498	-0.016	0.221	
46.00	0.498	0.003	0.347	
46.03	0.498	0.019	0.163	
46.07	0.500	0.011	0.007	
46.10	0.499	0.011	0.047	
46.13	0.501	0.021	-0.046	
46.17	0.501	0.009	-0.146	
46.20	0.501	0.005	-0.096	
46.23	0.501	0.003	-0.040	
46.27	0.501	0.004	-0.017	
46.30	0.501	0.003	-0.014	
46.33	0.501	0.002	0.014	
46.37	0.501	0.003	0.040	
46.40	0.502	0.007	0.006	
46.43	0.502	0.004	-0.033	
46.47	0.502	0.003	-0.032	
46.50	0.502	0.002	-0.032	
46.53	0.502	0.001	-0.025	
46.57	0.502	0.000	-0.017	
46.60	0.502	-0.000	-0.023	
46.63	0.502	-0.001	-0.059	
46.67	0.502	-0.004	-0.097	
46.70	0.502	-0.007	-0.106	
46.73	0.502	-0.017	0.043	
46.77	0.500	-0.005	0.172	
46.80	0.501	0.008	-0.038	
46.83	0.501	-0.007	-0.238	
46.87	0.501	-0.022	-0.077	
46.90	0.499	-0.019	0.249	
46.93	0.499	0.009	0.198	
46.97	0.501	0.008	-0.204	
47.00	0.500	-0.019	-0.258	
47.03	0.499	-0.022	0.035	
47.07	0.498	-0.010	0.188	
47.10	0.498	-0.002	0.125	
47.13	0.499	-0.002	0.041	
47.17	0.498	-0.002	0.020	
47.20	0.498	-0.001	0.015	
47.23	0.498	-0.000	0.009	
47.27	0.498	-0.001	0.030	
47.30	0.498	-0.000	0.105	
47.33	0.498	0.004	0.209	
47.37	0.498	0.020	0.138	
47.40	0.500	0.020	-0.106	
47.43	0.500	0.006	-0.192	
47.47	0.500	0.002	-0.135	
47.50	0.500	0.000	-0.127	
47.53	0.500	-0.004	-0.146	
47.57	0.500	-0.016	0.013	
47.60	0.499	-0.011	0.346	
47.63	0.498	0.019	0.347	
47.67	0.501	0.025	0.002	
47.70	0.501	0.011	-0.162	
47.73	0.501	0.006	-0.095	
47.77	0.501	0.006	-0.014	
47.80	0.501	0.009	-0.025	
47.83	0.502	0.004	-0.053	
47.87	0.502	0.003	-0.032	
47.90	0.502	0.003	-0.014	
47.93	0.502	0.003	-0.003	
47.97	0.502	0.003	-0.001	
48.00	0.502	0.003	-0.001	
48.03	0.502	0.003	-0.004	
48.07	0.502	0.002	-0.011	
48.10	0.502	0.002	-0.023	
48.13	0.502	0.001	-0.026	
48.17	0.502	0.000	-0.022	
48.20	0.502	-0.001	-0.023	
48.23	0.502	-0.002	-0.017	
48.27	0.502	-0.002	-0.004	
48.30	0.502	-0.001	-0.013	
48.33	0.502	-0.003	-0.024	
48.37	0.502	-0.004	-0.008	
48.40	0.502	-0.004	0.018	
48.43	0.502	-0.001	-0.007	
48.47	0.502	-0.004	-0.046	
48.50	0.501	-0.005	-0.073	
48.53	0.502	-0.007	-0.136	
48.57	0.501	-0.013	-0.199	
48.60	0.501	-0.026	-0.105	
48.63	0.499	-0.026	0.137	
48.67	0.499	-0.011	0.220	
48.70	0.499	-0.005	0.133	
48.73	0.499	-0.003	0.058	
48.77	0.498	-0.004	0.065	
48.80	0.498	-0.001	0.139	
48.83	0.498	0.005	0.205	
48.87	0.498	0.018	0.113	
48.90	0.500	0.018	-0.122	
48.93	0.500	0.004	-0.197	
48.97	0.500	-0.000	-0.128	
49.00	0.500	-0.002	-0.116	
49.03	0.500	-0.005	-0.162	
49.07	0.500	-0.016	-0.113	
49.10	0.498	-0.019	0.096	
49.13	0.498	-0.005	0.196	
49.17	0.498	0.000	0.130	
49.20	0.498	0.002	0.077	
49.23	0.498	0.004	0.049	
49.27	0.499	0.005	0.040	
49.30	0.499	0.004	0.108	
49.33	0.499	0.010	0.221	
49.37	0.499	0.026	0.130	
49.40	0.501	0.025	-0.139	
49.43	0.501	0.010	-0.222	
49.47	0.501	0.004	-0.129	
49.50	0.501	0.003	-0.049	
49.53	0.501	0.003	-0.010	
49.57	0.502	0.003	-0.002	
49.60	0.501	0.003	-0.001	
49.63	0.502	0.003	-0.003	
49.67	0.502	0.002	-0.005	
49.70	0.502	0.002	-0.008	
49.73	0.502	0.001	-0.000	
49.77	0.502	0.003	-0.011	
49.80	0.502	0.001	-0.027	
49.83	0.502	0.000	-0.019	
49.87	0.502	-0.000	-0.018	
49.90	0.502	-0.001	-0.024	
49.93	0.502	-0.002	-0.027	
49.97	0.502	-0.003	-0.023	
50.00	0.502	-0.003	-0.026	
50.03	0.502	-0.005	-0.023	
50.07	0.502	-0.005	-0.011	
50.10	0.501	-0.005	-0.004	
50.13	0.501	-0.005	-0.001	
50.17	0.501	-0.005	-0.000	
50.20	0.501	-0.005	0.000	
50.23	0.501	-0.005	0.001	
50.27	0.501	-0.005	0.006	
50.30	0.500	-0.005	0.021	
50.33	0.500	-0.004	0.044	
50.37	0.500	-0.002	0.055	
50.40	0.500	0.002	0.011	
50.43	0.500	-0.001	-0.028	
50.47	0.500	-0.002	-0.017	
50.50	0.500	-0.002	0.001	
50.53	0.500	-0.002	0.017	
50.57	0.500	-0.001	0.015	
50.60	0.500	-0.001	0.001	
50.63	0.500	-0.001	0.005	
50.67	0.500	-0.000	0.015	
50.70	0.500	0.000	0.013	
50.73	0.500	0.000	0.007	
50.77	0.500	0.001	-0.031	
50.80	0.500	-0.001	-0.075	
50.83	0.500	-0.004	-0.099	
50.87	0.500	-0.013	0.013	
50.90	0.498	-0.002	0.118	
50.93	0.500	0.000	0.090	
50.97	0.499	-0.004	0.241	
51.00	0.499	0.021	0.253	
51.03	0.501	0.024	-0.029	
51.07	0.501	0.012	-0.151	
51.10	0.501	0.009	-0.130	
51.13	0.501	0.004	-0.087	
51.17	0.501	0.003	-0.036	
51.20	0.502	0.003	-0.016	
51.23	0.501	0.002	-0.013	
51.27	0.502	0.002	-0.019	
51.30	0.502	0.001	-0.016	
51.33	0.502	0.001	-0.004	
51.37	0.502	0.001	-0.011	
51.40	0.502	0.000	-0.023	
51.43	0.502	-0.001	-0.011	
51.47	0.502	-0.001	-0.003	
51.50	0.502	-0.001	-0.013	
51.53	0.502	-0.002	-0.013	
51.57	0.501	-0.002	-0.003	
51.60	0.502	-0.001	-0.010	
51.63	0.501	-0.003	-0.017	
51.67	0.501	-0.004	0.003	
51.70	0.501	-0.002	0.017	
51.73	0.501	-0.000	-0.019	
51.77	0.501	-0.004	-0.048	
51.80	0.501	-0.005	-0.036	
51.83	0.501	-0.007	-0.010	
51.87	0.500	-0.006	0.012	
51.90	0.501	-0.005	0.015	
51.93	0.500	-0.005	0.018	
51.97	0.500	-0.004	0.012	
52.00	0.500	-0.004	0.012	
52.03	0.500	-0.003	0.018	
52.07	0.500	-0.003	0.015	
52.10	0.500	-0.002	0.015	
52.13	0.500	-0.001	0.005	
52.17	0.500	-0.002	0.001	
52.20	0.499	-0.002	0.015	
52.23	0.500	-0.001	0.019	
52.27	0.499	-0.000	0.011	
52.30	0.500	0.000	0.006	
52.33	0.499	0.000	0.010	
52.37	0.500	0.000	0.017	
52.40	0.499	0.001	-0.001	
52.43	0.500	0.003	-0.093	
52.47	0.500	-0.003	-0.205	
52.50	0.500	-0.018	-0.113	
52.53	0.498	-0.018	0.176	
52.57	0.498	-0.001	0.341	
52.60	0.498	0.011	0.328	
52.63	0.499	0.025	0.153	
52.67	0.501	0.024	-0.117	
52.70	0.501	0.011	-0.199	
52.73	0.501	0.006	-0.128	
52.77	0.501	0.003	-0.057	
52.80	0.501	0.003	-0.013	
52.83	0.501	0.004	-0.017	
52.87	0.501	0.002	-0.034	
52.90	0.501	0.001	-0.028	
52.93	0.501	0.000	-0.009	
52.97	0.501	0.000	0.011	
53.00	0.501	0.001	0.027	
53.03	0.501	0.003	0.022	
53.07	0.502	0.004	-0.029	
53.10	0.502	-0.000	-0.051	
53.13	0.501	-0.001	-0.018	
53.17	0.502	-0.001	-0.004	
53.20	0.501	-0.001	-0.015	
53.23	0.502	-0.002	-0.024	
53.27	0.501	-0.003	-0.028	
53.30	0.501	-0.003	-0.054	
53.33	0.501	-0.006	-0.077	
53.37	0.501	-0.009	-0.068	
53.40	0.501	-0.016	0.079	
53.43	0.499	-0.003	0.209	
53.47	0.501	0.008	0.064	
53.50	0.501	-0.000	-0.067	
53.53	0.500	-0.002	-0.056	
53.57	0.500	-0.003	-0.038	
53.60	0.500	-0.004	-0.004	
53.63	0.500	-0.004	0.032	
53.67	0.500	-0.002	0.051	
53.70	0.500	0.002	0.015	
53.73	0.500	-0.001	-0.019	
53.77	0.500	-0.002	-0.012	
53.80	0.500	-0.001	-0.041	
53.83	0.500	-0.002	-0.114	
53.87	0.500	-0.008	-0.155	
53.90	0.500	-0.021	0.021	
53.93	0.498	-0.014	0.354	
53.97	0.498	0.016	0.309	
54.00	0.500	0.021	-0.121	
54.03	0.500	0.002	-0.386	
54.07	0.500	-0.019	-0.242	
54.10	0.498	-0.020	0.096	
54.13	0.498	-0.004	0.224	
54.17	0.498	0.001	0.179	
54.20	0.498	0.004	0.179	
54.23	0.498	0.010	0.213	
54.27	0.499	0.025	0.084	
54.30	0.501	0.023	-0.195	
54.33	0.501	-0.002	-0.123	
54.37	0.499	0.008	0.126	
54.40	0.501	0.022	0.017	
54.43	0.502	0.009	-0.111	
54.47	0.501	0.006	-0.051	
54.50	0.502	0.007	-0.007	
54.53	0.502	0.008	-0.022	
54.57	0.502	0.006	-0.053	
54.60	0.502	0.003	-0.051	
54.63	0.503	0.002	-0.046	
54.67	0.502	0.000	-0.043	
54.70	0.503	-0.001	-0.042	
54.73	0.502	-0.002	-0.038	
54.77	0.502	-0.004	-0.017	
54.80	0.502	-0.003	-0.009	
54.83	0.502	-0.003	-0.026	
54.87	0.502	-0.005	-0.036	
54.90	0.502	-0.007	-0.020	
54.93	0.501	-0.007	0.012	
54.97	0.501	-0.005	0.008	
55.00	0.501	-0.005	-0.046	
55.03	0.501	-0.005	-0.162	
55.07	0.501	-0.021	-0.115	
55.10	0.499	-0.022	0.182	
55.13	0.499	-0.004	0.335	
55.17	0.499	0.014	0.114	
55.20	0.501	0.010	-0.274	
55.23	0.500	-0.019	-0.293	
55.27	0.499	-0.022	0.024	
55.30	0.498	-0.009	0.165	
55.33	0.499	-0.004	0.114	
55.37	0.498	-0.002	0.055	
55.40	0.498	-0.002	0.028	
55.43	0.498	-0.001	0.018	
55.47	0.498	-0.001	0.014	
55.50	0.498	-0.001	0.060	
55.53	0.498	0.002	0.151	
55.57	0.498	0.008	0.237	
55.60	0.498	0.023	0.154	
55.63	0.500	0.024	-0.090	
55.67	0.500	0.013	-0.231	
55.70	0.501	0.004	-0.214	
55.73	0.501	-0.002	-0.138	
55.77	0.501	-0.011	0.078	
55.80	0.499	0.004	0.251	
55.83	0.501	0.019	0.082	
55.87	0.501	0.009	-0.072	
55.90	0.501	0.007	-0.052	
55.93	0.501	0.006	-0.035	
55.97	0.502	0.005	-0.027	
56.00	0.502	0.004	-0.012	
56.03	0.502	0.005	-0.004	
56.07	0.502	0.004	-0.016	
56.10	0.502	0.003	-0.019	
56.13	0.502	0.003	-0.011	
56.17	0.503	0.003	-0.008	
56.20	0.502	0.002	-0.010	
56.23	0.503	0.002	-0.018	
56.27	0.503	0.001	-0.018	
56.30	0.503	0.001	-0.022	
56.33	0.503	-0.001	-0.016	
56.37	0.503	-0.000	-0.001	
56.40	0.503	-0.000	-0.008	
56.43	0.503	-0.001	-0.020	
56.47	0.503	-0.002	-0.026	
56.50	0.502	-0.003	-0.022	
56.53	0.503	-0.003	-0.023	
56.57	0.502	-0.004	-0.016	
56.60	0.502	-0.005	-0.002	
56.63	0.502	-0.004	-0.013	
56.67	0.502	-0.005	-0.050	
56.70	0.502	-0.007	-0.087	
56.73	0.502	-0.010	-0.107	
56.77	0.501	-0.021	0.029	
56.80	0.499	-0.007	0.124	
56.83	0.501	0.002	-0.129	
56.87	0.501	-0.023	-0.204	
56.90	0.499	-0.026	0.078	
56.93	0.499	-0.011	0.218	
56.97	0.498	-0.004	0.166	
57.00	0.498	0.000	0.070	
57.03	0.498	-0.001	0.014	
57.07	0.498	-0.000	0.008	
57.10	0.498	-0.000	0.003	
57.13	0.498	-0.001	0.024	
57.17	0.498	-0.000	0.071	
57.20	0.498	0.003	0.111	
57.23	0.498	0.015	-0.050	
57.27	0.500	0.002	-0.237	
57.30	0.498	-0.014	-0.085	
57.33	0.498	-0.004	0.091	
57.37	0.498	-0.001	0.101	
57.40	0.498	0.003	0.060	
57.43	0.499	0.003	0.017	
57.47	0.498	0.003	0.018	
57.50	0.499	0.004	0.039	
57.53	0.499	0.005	0.081	
57.57	0.499	0.008	0.125	
57.60	0.499	0.020	0.010	
57.63	0.501	0.010	-0.124	
57.67	0.500	-0.003	0.087	
57.70	0.500	0.021	0.181	
57.73	0.502	0.023	-0.073	
57.77	0.502	0.009	-0.184	
57.80	0.502	0.004	-0.123	
57.83	0.502	0.002	-0.060	
57.87	0.502	0.002	-0.037	
57.90	0.502	0.000	-0.038	
57.93	0.502	-0.001	-0.041	
57.97	0.502	-0.002	-0.037	
58.00	0.502	-0.004	-0.012	
58.03	0.502	-0.003	0.006	
58.07	0.502	-0.003	0.003	
58.10	0.502	-0.003	-0.004	
58.13	0.502	-0.003	-0.011	
58.17	0.501	-0.004	-0.006	
58.20	0.501	-0.003	-0.030	
58.23	0.501	-0.004	-0.105	
58.27	0.501	-0.008	-0.210	
58.30	0.501	-0.024	-0.143	
58.33	0.499	-0.024	0.097	
58.37	0.499	-0.011	0.175	
58.40	0.499	-0.008	0.116	
58.43	0.499	-0.004	0.055	
58.47	0.499	-0.005	0.043	
58.50	0.498	-0.005	0.126	
58.53	0.498	0.001	0.228	
58.57	0.498	0.018	0.124	
58.60	0.500	0.018	-0.171	
58.63	0.500	-0.000	-0.275	
58.67	0.500	-0.014	-0.022	
58.70	0.498	-0.001	0.204	
58.73	0.500	0.014	0.038	
58.77	0.500	0.003	-0.180	
58.80	0.500	-0.005	-0.206	
58.83	0.500	-0.018	-0.006	
58.87	0.498	-0.011	0.345	
58.90	0.498	0.019	0.307	
58.93	0.500	0.021	-0.065	
58.97	0.500	0.007	-0.268	
59.00	0.500	-0.002	-0.297	
59.03	0.500	-0.017	-0.153	
59.07	0.499	-0.017	0.104	
59.10	0.499	-0.004	0.179	
59.13	0.499	-0.000	0.120	
59.17	0.499	0.003	0.079	
59.20	0.499	0.005	0.053	
59.23	0.499	0.005	0.068	
59.27	0.499	0.008	0.112	
59.30	0.499	0.011	0.173	
59.33	0.500	0.024	0.101	
59.37	0.501	0.025	-0.134	
59.40	0.502	0.009	-0.214	
59.43	0.502	0.004	-0.128	
59.47	0.502	0.002	-0.061	
59.50	0.502	0.002	-0.033	
59.53	0.502	0.000	-0.026	
59.57	0.502	-0.001	-0.009	
59.60	0.502	0.002	-0.051	
59.63	0.502	-0.003	-0.108	
59.67	0.502	-0.007	-0.106	
59.70	0.502	-0.017	0.064	
59.73	0.500	-0.003	0.226	
59.77	0.502	0.011	0.060	
59.80	0.501	0.000	-0.096	
59.83	0.501	-0.003	-0.074	
59.87	0.501	-0.003	-0.081	
59.90	0.501	-0.005	-0.178	
59.93	0.501	-0.012	-0.363	
59.97	0.501	-0.030	-0.525	
60.00	0.499	-0.053	-0.616	
