Vernier Format 2
1.9.txt 1/28/2019 19:57:15
Run 1
Time	Position	Velocity	Acceleration	
T	P	V	A	
s	m	m/s	m/s^2	

0.00	0.501	-0.011	-0.151	
0.03	0.501	-0.015	-0.146	
0.07	0.501	-0.027	-0.012	
0.10	0.498	-0.023	0.294	
0.13	0.499	-0.002	0.431	
0.17	0.498	0.017	0.233	
0.20	0.500	0.018	-0.089	
0.23	0.500	0.004	-0.210	
0.27	0.500	-0.007	-0.024	
0.30	0.499	0.003	0.139	
0.33	0.501	0.015	-0.022	
0.37	0.501	0.001	-0.170	
0.40	0.501	-0.010	-0.000	
0.43	0.499	0.003	0.151	
0.47	0.501	0.014	-0.016	
0.50	0.501	-0.006	-0.016	
0.53	0.499	0.005	0.166	
0.57	0.501	0.018	0.035	
0.60	0.501	0.007	-0.106	
0.63	0.502	0.003	-0.072	
0.67	0.501	0.003	-0.034	
0.70	0.502	0.002	-0.019	
0.73	0.502	0.001	0.005	
0.77	0.502	0.006	0.026	
0.80	0.502	0.004	0.017	
0.83	0.502	0.004	-0.010	
0.87	0.502	0.003	-0.018	
0.90	0.502	0.003	-0.008	
0.93	0.502	0.002	0.013	
0.97	0.502	0.005	-0.001	
1.00	0.503	0.003	-0.038	
1.03	0.503	0.001	-0.038	
1.07	0.503	0.000	-0.032	
1.10	0.503	-0.001	-0.035	
1.13	0.503	-0.002	-0.035	
1.17	0.502	-0.004	-0.015	
1.20	0.502	-0.003	-0.002	
1.23	0.502	-0.003	-0.013	
1.27	0.502	-0.004	-0.035	
1.30	0.502	-0.005	-0.066	
1.33	0.502	-0.008	-0.083	
1.37	0.502	-0.018	0.089	
1.40	0.500	-0.003	0.260	
1.43	0.502	0.013	0.081	
1.47	0.502	0.002	-0.102	
1.50	0.501	-0.002	-0.096	
1.53	0.502	-0.005	-0.047	
1.57	0.501	-0.005	0.020	
1.60	0.501	-0.001	0.015	
1.63	0.501	-0.003	-0.035	
1.67	0.501	-0.004	-0.071	
1.70	0.501	-0.007	-0.117	
1.73	0.501	-0.011	-0.142	
1.77	0.501	-0.023	0.033	
1.80	0.498	-0.017	0.373	
1.83	0.499	0.014	0.373	
1.87	0.500	0.021	0.033	
1.90	0.501	0.009	-0.140	
1.93	0.500	0.004	-0.107	
1.97	0.501	0.002	-0.051	
2.00	0.501	0.001	-0.010	
2.03	0.501	0.003	-0.018	
2.07	0.501	0.002	-0.070	
2.10	0.501	-0.002	-0.098	
2.13	0.501	-0.013	0.080	
2.17	0.499	0.003	0.259	
2.20	0.501	0.018	0.096	
2.23	0.501	0.008	-0.065	
2.27	0.501	0.006	-0.033	
2.30	0.502	0.007	-0.017	
2.33	0.502	0.006	-0.020	
2.37	0.502	0.005	-0.016	
2.40	0.502	0.005	-0.017	
2.43	0.502	0.005	-0.023	
2.47	0.503	0.003	-0.023	
2.50	0.502	0.003	-0.012	
2.53	0.503	0.003	-0.008	
2.57	0.503	0.002	-0.012	
2.60	0.503	0.002	-0.023	
2.63	0.503	0.001	-0.026	
2.67	0.503	0.000	-0.023	
2.70	0.503	-0.001	-0.026	
2.73	0.503	-0.002	-0.023	
2.77	0.503	-0.002	-0.012	
2.80	0.503	-0.003	-0.006	
2.83	0.502	-0.003	-0.002	
2.87	0.503	-0.003	-0.001	
2.90	0.502	-0.003	0.010	
2.93	0.502	-0.001	-0.012	
2.97	0.502	-0.004	-0.040	
3.00	0.502	-0.005	-0.029	
3.03	0.502	-0.006	-0.021	
3.07	0.502	-0.007	-0.002	
3.10	0.502	-0.006	0.009	
3.13	0.501	-0.005	-0.002	
3.17	0.501	-0.005	-0.040	
3.20	0.501	-0.007	-0.111	
3.23	0.501	-0.011	-0.187	
3.27	0.501	-0.025	-0.100	
3.30	0.499	-0.024	0.134	
3.33	0.499	-0.009	0.199	
3.37	0.499	-0.006	0.122	
3.40	0.498	-0.003	0.072	
3.43	0.498	-0.002	0.074	
3.47	0.498	0.000	0.122	
3.50	0.498	0.006	0.155	
3.53	0.498	0.017	0.033	
3.57	0.500	0.006	-0.057	
3.60	0.498	0.006	0.026	
3.63	0.500	0.017	-0.094	
3.67	0.501	-0.006	-0.067	
3.70	0.499	0.005	0.142	
3.73	0.501	0.017	0.032	
3.77	0.501	0.007	-0.099	
3.80	0.501	0.004	-0.104	
3.83	0.501	0.001	-0.096	
3.87	0.501	-0.002	-0.072	
3.90	0.501	-0.010	0.092	
3.93	0.500	0.005	0.238	
3.97	0.501	0.018	0.079	
4.00	0.502	0.009	-0.082	
4.03	0.502	0.006	-0.086	
4.07	0.502	0.003	-0.054	
4.10	0.502	0.003	-0.019	
4.13	0.502	0.003	-0.009	
4.17	0.502	0.002	-0.013	
4.20	0.502	0.002	-0.043	
4.23	0.502	-0.000	-0.072	
4.27	0.502	-0.002	-0.098	
4.30	0.502	-0.013	0.041	
4.33	0.500	-0.000	0.201	
4.37	0.502	0.012	0.050	
4.40	0.502	0.002	-0.095	
4.43	0.502	-0.001	-0.075	
4.47	0.502	-0.003	-0.038	
4.50	0.502	-0.003	-0.021	
4.53	0.502	-0.003	-0.057	
4.57	0.502	-0.005	-0.138	
4.60	0.502	-0.011	-0.222	
4.63	0.502	-0.026	-0.129	
4.67	0.499	-0.026	0.143	
4.70	0.499	-0.011	0.274	
4.73	0.499	-0.002	0.219	
4.77	0.499	0.010	-0.019	
4.80	0.501	-0.005	-0.182	
4.83	0.499	-0.018	0.072	
4.87	0.498	-0.001	0.334	
4.90	0.499	0.020	0.187	
4.93	0.500	0.018	-0.155	
4.97	0.500	0.002	-0.308	
5.00	0.500	-0.008	-0.268	
5.03	0.500	-0.022	-0.029	
5.07	0.498	-0.015	0.310	
5.10	0.498	0.013	0.252	
5.13	0.500	0.013	-0.098	
5.17	0.500	-0.008	-0.107	
5.20	0.498	0.000	0.035	
5.23	0.500	0.009	-0.141	
5.27	0.500	-0.013	-0.213	
5.30	0.498	-0.018	0.026	
5.33	0.498	-0.007	0.172	
5.37	0.498	-0.000	0.147	
5.40	0.498	0.002	0.116	
5.43	0.498	0.005	0.154	
5.47	0.499	0.011	0.225	
5.50	0.499	0.025	0.141	
5.53	0.501	0.026	-0.094	
5.57	0.501	0.013	-0.169	
5.60	0.501	0.011	-0.126	
5.63	0.502	0.006	-0.099	
5.67	0.501	0.004	-0.053	
5.70	0.502	0.003	-0.023	
5.73	0.502	0.003	-0.010	
5.77	0.502	0.002	-0.013	
5.80	0.502	0.002	-0.023	
5.83	0.502	0.001	-0.025	
5.87	0.502	0.000	-0.019	
5.90	0.502	-0.000	-0.016	
5.93	0.502	-0.001	-0.005	
5.97	0.502	-0.001	0.000	
6.00	0.502	-0.001	-0.013	
6.03	0.502	-0.002	-0.020	
6.07	0.502	-0.002	-0.042	
6.10	0.502	-0.003	-0.114	
6.13	0.502	-0.008	-0.198	
6.17	0.502	-0.022	-0.098	
6.20	0.500	-0.023	0.206	
6.23	0.499	-0.004	0.369	
6.27	0.500	0.014	0.204	
6.30	0.501	0.014	-0.087	
6.33	0.501	0.001	-0.189	
6.37	0.501	-0.004	-0.118	
6.40	0.501	-0.007	-0.040	
6.43	0.500	-0.006	0.007	
6.47	0.500	-0.005	0.017	
6.50	0.500	-0.005	0.025	
6.53	0.500	-0.003	0.023	
6.57	0.500	-0.003	0.012	
6.60	0.500	-0.003	0.005	
6.63	0.499	-0.003	0.005	
6.67	0.500	-0.002	0.011	
6.70	0.499	-0.002	0.023	
6.73	0.499	-0.001	0.024	
6.77	0.499	-0.000	0.022	
6.80	0.499	0.000	0.029	
6.83	0.499	0.001	0.041	
6.87	0.499	0.005	0.015	
6.90	0.500	0.003	-0.022	
6.93	0.500	0.001	-0.017	
6.97	0.500	0.002	-0.028	
7.00	0.500	0.001	-0.065	
7.03	0.500	-0.002	-0.100	
7.07	0.500	-0.012	0.019	
7.10	0.498	-0.001	0.163	
7.13	0.500	0.005	0.155	
7.17	0.499	0.009	0.105	
7.20	0.500	0.018	-0.111	
7.23	0.501	0.003	-0.317	
7.27	0.501	-0.015	-0.197	
7.30	0.499	-0.016	0.086	
7.33	0.499	-0.002	0.200	
7.37	0.499	0.002	0.163	
7.40	0.499	0.007	0.123	
7.43	0.500	0.016	-0.074	
7.47	0.501	0.001	-0.236	
7.50	0.500	-0.011	-0.093	
7.53	0.500	-0.004	0.048	
7.57	0.500	-0.002	0.047	
7.60	0.500	-0.002	0.061	
7.63	0.499	-0.000	0.128	
7.67	0.500	0.006	0.202	
7.70	0.499	0.020	0.099	
7.73	0.501	0.018	-0.158	
7.77	0.501	0.002	-0.257	
7.80	0.501	-0.003	-0.231	
7.83	0.501	-0.010	-0.232	
7.87	0.501	-0.024	-0.085	
7.90	0.499	-0.023	0.224	
7.93	0.499	0.002	0.241	
7.97	0.500	-0.001	0.092	
8.00	0.498	0.001	0.098	
8.03	0.500	0.011	-0.013	
8.07	0.500	0.000	-0.099	
8.10	0.499	-0.002	-0.035	
8.13	0.499	-0.000	-0.010	
8.17	0.500	-0.002	-0.008	
8.20	0.499	-0.002	0.005	
8.23	0.499	-0.001	-0.003	
8.27	0.499	-0.001	-0.049	
8.30	0.499	-0.003	-0.112	
8.33	0.499	-0.008	-0.171	
8.37	0.499	-0.019	-0.097	
8.40	0.497	-0.019	0.111	
8.43	0.498	-0.007	0.192	
8.47	0.497	-0.001	0.134	
8.50	0.498	0.001	0.071	
8.53	0.497	0.001	0.069	
8.57	0.498	0.004	0.108	
8.60	0.498	0.009	0.107	
8.63	0.498	0.019	-0.072	
8.67	0.500	0.004	-0.215	
8.70	0.498	-0.011	0.031	
8.73	0.498	0.005	0.308	
8.77	0.498	0.024	0.207	
8.80	0.500	0.025	-0.083	
8.83	0.500	0.012	-0.212	
8.87	0.501	0.005	-0.181	
8.90	0.501	0.001	-0.137	
8.93	0.501	-0.003	-0.106	
8.97	0.501	-0.013	0.082	
9.00	0.499	0.003	0.257	
9.03	0.501	0.018	0.078	
9.07	0.501	0.007	-0.103	
9.10	0.501	0.003	-0.089	
9.13	0.501	0.002	-0.074	
9.17	0.501	0.000	-0.094	
9.20	0.501	-0.004	-0.104	
9.23	0.501	-0.014	0.064	
9.27	0.500	-0.000	0.224	
9.30	0.501	0.014	0.058	
9.33	0.501	0.003	-0.106	
9.37	0.501	-0.000	-0.114	
9.40	0.501	-0.003	-0.155	
9.43	0.501	-0.008	-0.223	
9.47	0.501	-0.022	-0.147	
9.50	0.499	-0.026	0.139	
9.53	0.499	-0.009	0.327	
9.57	0.499	0.001	0.335	
9.60	0.499	0.018	0.176	
9.63	0.501	0.018	-0.109	
9.67	0.500	0.004	-0.206	
9.70	0.500	-0.002	-0.133	
9.73	0.500	-0.004	-0.057	
9.77	0.500	-0.004	-0.007	
9.80	0.500	-0.003	-0.023	
9.83	0.500	-0.004	-0.085	
9.87	0.500	-0.008	-0.131	
9.90	0.500	-0.020	0.009	
9.93	0.498	-0.015	0.311	
9.97	0.498	0.012	0.312	
10.00	0.499	0.017	0.015	
10.03	0.500	0.006	-0.120	
10.07	0.499	0.002	-0.070	
10.10	0.500	0.003	-0.028	
10.13	0.500	0.001	-0.008	
10.17	0.500	0.002	0.001	
10.20	0.500	0.003	-0.032	
10.23	0.500	0.001	-0.098	
10.27	0.500	-0.002	-0.187	
10.30	0.500	-0.017	-0.111	
10.33	0.498	-0.016	0.126	
10.37	0.499	-0.002	0.191	
10.40	0.499	0.002	0.108	
10.43	0.499	0.004	0.037	
10.47	0.499	0.003	0.002	
10.50	0.499	0.003	0.007	
10.53	0.499	0.004	0.012	
10.57	0.499	0.003	0.047	
10.60	0.499	0.005	0.128	
10.63	0.499	0.012	0.193	
10.67	0.500	0.024	0.095	
10.70	0.501	0.023	-0.131	
10.73	0.502	0.011	-0.252	
10.77	0.502	0.001	-0.233	
10.80	0.502	-0.004	-0.195	
10.83	0.502	-0.016	-0.060	
10.87	0.500	-0.006	0.026	
10.90	0.502	-0.007	-0.064	
10.93	0.500	-0.018	0.010	
10.97	0.500	-0.007	0.105	
11.00	0.500	-0.005	0.058	
11.03	0.500	-0.004	0.025	
11.07	0.499	-0.004	0.024	
11.10	0.499	-0.003	0.053	
11.13	0.499	-0.002	0.104	
11.17	0.499	0.002	0.183	
11.20	0.499	0.016	0.116	
11.23	0.501	0.016	-0.109	
11.27	0.500	0.003	-0.185	
11.30	0.501	-0.003	-0.094	
11.33	0.500	-0.003	-0.000	
11.37	0.500	0.001	0.003	
11.40	0.500	-0.002	-0.035	
11.43	0.500	-0.004	-0.027	
11.47	0.500	-0.003	-0.043	
11.50	0.500	-0.004	-0.109	
11.53	0.500	-0.009	-0.191	
11.57	0.500	-0.023	-0.107	
11.60	0.498	-0.022	0.142	
11.63	0.498	-0.007	0.221	
11.67	0.498	-0.002	0.131	
11.70	0.498	0.000	0.060	
11.73	0.498	0.001	0.033	
11.77	0.498	0.002	0.028	
11.80	0.498	0.003	0.024	
11.83	0.498	0.003	0.034	
11.87	0.498	0.005	0.040	
11.90	0.498	0.006	0.040	
11.93	0.499	0.008	0.012	
11.97	0.499	0.007	-0.029	
12.00	0.499	0.005	-0.040	
12.03	0.499	0.004	-0.024	
12.07	0.499	0.004	-0.013	
12.10	0.500	0.003	-0.010	
12.13	0.499	0.003	-0.000	
12.17	0.500	0.004	-0.010	
12.20	0.500	0.003	-0.018	
12.23	0.500	0.001	0.005	
12.27	0.500	0.003	0.035	
12.30	0.500	0.004	0.062	
12.33	0.500	0.006	0.107	
12.37	0.500	0.009	0.176	
12.40	0.500	0.023	0.097	
12.43	0.502	0.022	-0.146	
12.47	0.502	0.007	-0.225	
12.50	0.502	0.002	-0.137	
12.53	0.502	-0.001	-0.066	
12.57	0.502	-0.002	-0.027	
12.60	0.502	-0.002	-0.017	
12.63	0.502	-0.001	-0.072	
12.67	0.502	-0.007	-0.115	
12.70	0.502	-0.010	-0.094	
12.73	0.502	-0.019	0.082	
12.77	0.500	-0.005	0.251	
12.80	0.502	0.010	0.083	
12.83	0.501	0.000	-0.083	
12.87	0.501	-0.003	-0.061	
12.90	0.501	-0.003	-0.036	
12.93	0.501	-0.003	-0.060	
12.97	0.501	-0.006	-0.124	
13.00	0.501	-0.011	-0.187	
13.03	0.500	-0.024	-0.105	
13.07	0.499	-0.023	0.119	
13.10	0.498	-0.009	0.184	
13.13	0.499	-0.006	0.108	
13.17	0.498	-0.004	0.066	
13.20	0.498	-0.003	0.053	
13.23	0.498	-0.001	0.056	
13.27	0.498	0.002	0.027	
13.30	0.498	0.001	-0.004	
13.33	0.498	0.000	0.009	
13.37	0.498	0.001	0.038	
13.40	0.498	0.003	0.061	
13.43	0.498	0.006	0.058	
13.47	0.499	0.007	0.035	
13.50	0.499	0.007	0.037	
13.53	0.499	0.015	-0.088	
13.57	0.501	0.002	-0.225	
13.60	0.499	-0.012	-0.059	
13.63	0.499	-0.002	0.104	
13.67	0.499	0.003	0.082	
13.70	0.499	0.004	0.025	
13.73	0.499	0.003	-0.011	
13.77	0.500	0.003	-0.010	
13.80	0.499	0.002	0.005	
13.83	0.500	0.002	0.051	
13.87	0.500	0.004	0.147	
13.90	0.500	0.012	0.227	
13.93	0.500	0.026	0.115	
13.97	0.502	0.025	-0.142	
14.00	0.502	0.009	-0.227	
14.03	0.502	0.004	-0.143	
14.07	0.502	0.002	-0.082	
14.10	0.502	0.000	-0.055	
14.13	0.502	-0.002	-0.039	
14.17	0.502	-0.003	-0.026	
14.20	0.502	-0.003	-0.023	
14.23	0.502	-0.004	-0.013	
14.27	0.502	-0.004	0.007	
14.30	0.502	-0.003	0.007	
14.33	0.502	-0.003	-0.013	
14.37	0.501	-0.005	-0.027	
14.40	0.501	-0.005	-0.054	
14.43	0.501	-0.007	-0.113	
14.47	0.501	-0.011	-0.184	
14.50	0.501	-0.025	-0.093	
14.53	0.499	-0.023	0.133	
14.57	0.499	-0.010	0.211	
14.60	0.499	-0.004	0.174	
14.63	0.499	-0.001	0.172	
14.67	0.498	0.005	0.203	
14.70	0.499	0.018	0.099	
14.73	0.500	0.017	-0.126	
14.77	0.500	0.003	-0.191	
14.80	0.500	-0.001	-0.113	
14.83	0.500	-0.002	-0.065	
14.87	0.500	-0.004	-0.056	
14.90	0.500	-0.005	-0.057	
14.93	0.500	-0.014	0.101	
14.97	0.498	0.001	0.263	
15.00	0.500	0.016	0.093	
15.03	0.500	0.007	-0.112	
15.07	0.500	0.003	-0.164	
15.10	0.500	-0.003	-0.175	
15.13	0.500	-0.015	-0.018	
15.17	0.499	-0.009	0.223	
15.20	0.499	0.012	0.156	
15.23	0.501	0.005	-0.011	
15.27	0.499	-0.002	0.136	
15.30	0.499	0.019	0.169	
15.33	0.501	0.020	-0.064	
15.37	0.501	0.008	-0.155	
15.40	0.501	0.004	-0.091	
15.43	0.501	0.003	-0.023	
15.47	0.502	0.004	-0.001	
15.50	0.502	0.004	-0.019	
15.53	0.502	0.003	-0.030	
15.57	0.502	0.001	-0.015	
15.60	0.502	0.002	-0.005	
15.63	0.502	0.002	-0.016	
15.67	0.502	0.001	-0.022	
15.70	0.502	0.000	-0.015	
15.73	0.502	-0.000	-0.012	
15.77	0.502	-0.001	-0.001	
15.80	0.502	0.000	-0.012	
15.83	0.502	-0.002	-0.030	
15.87	0.502	-0.002	-0.026	
15.90	0.502	-0.003	-0.025	
15.93	0.502	-0.004	-0.013	
15.97	0.502	-0.004	0.007	
16.00	0.501	-0.003	0.008	
16.03	0.501	-0.003	-0.009	
16.07	0.501	-0.004	-0.015	
16.10	0.501	-0.004	-0.028	
16.13	0.501	-0.005	-0.064	
16.17	0.501	-0.008	-0.094	
16.20	0.501	-0.019	0.061	
16.23	0.499	-0.005	0.232	
16.27	0.500	0.009	0.086	
16.30	0.500	0.000	-0.059	
16.33	0.500	-0.002	-0.039	
16.37	0.500	-0.002	-0.003	
16.40	0.500	-0.001	0.030	
16.43	0.500	0.002	0.004	
16.47	0.500	-0.001	-0.021	
16.50	0.500	-0.002	0.002	
16.53	0.500	-0.001	0.016	
16.57	0.500	0.000	0.020	
16.60	0.500	0.001	0.026	
16.63	0.500	0.002	0.023	
16.67	0.500	0.002	0.011	
16.70	0.500	0.003	0.004	
16.73	0.500	0.003	0.001	
16.77	0.500	0.003	-0.001	
16.80	0.500	0.003	-0.007	
16.83	0.500	0.003	-0.032	
16.87	0.501	0.001	-0.063	
16.90	0.500	-0.002	-0.071	
16.93	0.501	-0.010	0.084	
16.97	0.499	0.003	0.245	
17.00	0.501	0.018	0.104	
17.03	0.501	0.010	-0.053	
17.07	0.501	0.009	-0.082	
17.10	0.502	0.004	-0.077	
17.13	0.501	0.003	-0.041	
17.17	0.502	0.003	-0.053	
17.20	0.502	0.001	-0.092	
17.23	0.502	-0.003	-0.141	
17.27	0.502	-0.015	-0.018	
17.30	0.500	-0.005	0.133	
17.33	0.502	-0.001	0.131	
17.37	0.500	0.003	0.133	
17.40	0.502	0.013	-0.004	
17.43	0.502	0.002	-0.123	
17.47	0.501	-0.001	-0.083	
17.50	0.502	-0.003	-0.047	
17.53	0.501	-0.003	-0.026	
17.57	0.501	-0.004	-0.014	
17.60	0.501	-0.005	0.010	
17.63	0.501	-0.003	0.019	
17.67	0.501	-0.003	0.021	
17.70	0.501	-0.000	-0.030	
17.73	0.501	-0.004	-0.108	
17.77	0.501	-0.009	-0.143	
17.80	0.501	-0.019	-0.016	
17.83	0.499	-0.010	0.133	
17.87	0.500	-0.006	0.160	
17.90	0.498	-0.000	0.182	
17.93	0.500	0.012	0.030	
17.97	0.500	0.002	-0.110	
18.00	0.500	-0.002	-0.063	
18.03	0.499	-0.002	-0.006	
18.07	0.500	-0.001	0.015	
18.10	0.499	-0.001	0.006	
18.13	0.500	-0.001	0.013	
18.17	0.499	0.000	0.027	
18.20	0.500	0.001	0.020	
18.23	0.499	0.001	0.020	
18.27	0.500	0.002	0.022	
18.30	0.500	0.003	-0.006	
18.33	0.500	0.004	-0.067	
18.37	0.500	-0.001	-0.104	
18.40	0.500	-0.011	0.060	
18.43	0.498	0.003	0.204	
18.47	0.500	0.016	0.018	
18.50	0.500	0.004	-0.162	
18.53	0.500	-0.009	0.004	
18.57	0.499	0.003	0.208	
18.60	0.501	0.018	0.072	
18.63	0.501	0.008	-0.084	
18.67	0.501	0.005	-0.057	
18.70	0.501	0.005	-0.021	
18.73	0.501	0.005	-0.012	
18.77	0.501	0.004	-0.025	
18.80	0.501	0.003	-0.026	
18.83	0.502	0.002	-0.001	
18.87	0.501	0.003	0.017	
18.90	0.502	0.005	-0.017	
18.93	0.502	0.001	-0.045	
18.97	0.502	0.000	-0.035	
19.00	0.502	-0.001	-0.030	
19.03	0.502	-0.002	-0.018	
19.07	0.502	-0.002	-0.005	
19.10	0.502	-0.001	-0.015	
19.13	0.502	-0.003	-0.030	
19.17	0.501	-0.004	-0.019	
19.20	0.501	-0.004	0.002	
19.23	0.501	-0.003	-0.002	
19.27	0.501	-0.003	-0.052	
19.30	0.501	-0.006	-0.122	
19.33	0.501	-0.011	-0.187	
19.37	0.501	-0.024	-0.100	
19.40	0.499	-0.023	0.155	
19.43	0.499	-0.008	0.287	
19.47	0.499	-0.001	0.303	
19.50	0.498	0.015	0.201	
19.53	0.500	0.019	-0.082	
19.57	0.500	0.003	-0.190	
19.60	0.500	-0.001	-0.099	
19.63	0.500	-0.001	-0.038	
19.67	0.500	-0.002	-0.006	
19.70	0.500	-0.002	0.018	
19.73	0.500	-0.000	0.030	
19.77	0.500	0.000	0.033	
19.80	0.500	0.002	0.025	
19.83	0.500	0.002	0.003	
19.87	0.500	0.003	-0.040	
19.90	0.500	0.001	-0.112	
19.93	0.500	-0.004	-0.184	
19.97	0.500	-0.018	-0.063	
20.00	0.498	-0.016	0.257	
20.03	0.499	0.005	0.418	
20.07	0.499	0.024	0.248	
20.10	0.501	0.026	-0.067	
20.13	0.501	0.012	-0.185	
20.17	0.501	0.008	-0.129	
20.20	0.501	0.004	-0.066	
20.23	0.501	0.004	-0.024	
20.27	0.502	0.003	-0.015	
20.30	0.501	0.003	-0.011	
20.33	0.502	0.004	-0.058	
20.37	0.502	0.001	-0.139	
20.40	0.502	-0.006	-0.178	
20.43	0.502	-0.019	-0.004	
20.47	0.500	-0.013	0.340	
20.50	0.500	0.017	0.341	
20.53	0.502	0.022	-0.015	
20.57	0.502	0.008	-0.206	
20.60	0.502	0.000	-0.166	
20.63	0.502	-0.002	-0.112	
20.67	0.502	-0.004	-0.122	
20.70	0.502	-0.009	-0.146	
20.73	0.502	-0.021	0.017	
20.77	0.500	-0.015	0.349	
20.80	0.500	0.016	0.315	
20.83	0.502	0.018	-0.050	
20.87	0.502	0.004	-0.231	
20.90	0.502	-0.003	-0.255	
20.93	0.501	-0.011	-0.264	
20.97	0.501	-0.026	-0.112	
21.00	0.499	-0.025	0.191	
21.03	0.499	-0.007	0.299	
21.07	0.499	0.009	0.042	
21.10	0.501	-0.005	-0.179	
21.13	0.499	-0.019	-0.001	
21.17	0.498	-0.006	0.209	
21.20	0.498	0.009	0.077	
21.23	0.500	-0.000	-0.086	
21.27	0.498	-0.012	0.087	
21.30	0.498	0.011	0.126	
21.33	0.500	0.013	-0.197	
21.37	0.500	-0.014	-0.214	
21.40	0.498	-0.017	0.159	
21.43	0.498	0.004	0.329	
21.47	0.498	0.020	0.094	
21.50	0.500	0.015	-0.253	
21.53	0.500	-0.012	-0.190	
21.57	0.498	-0.012	0.238	
21.60	0.498	0.017	0.327	
21.63	0.500	0.025	0.024	
21.67	0.501	0.012	-0.143	
21.70	0.500	0.007	-0.097	
21.73	0.501	0.007	-0.046	
21.77	0.501	0.006	-0.021	
21.80	0.501	0.005	-0.009	
21.83	0.501	0.005	-0.007	
21.87	0.502	0.005	-0.011	
21.90	0.502	0.005	-0.019	
21.93	0.502	0.003	-0.014	
21.97	0.502	0.003	0.005	
22.00	0.502	0.004	0.006	
22.03	0.502	0.004	-0.001	
22.07	0.502	0.005	-0.026	
22.10	0.503	0.002	-0.040	
22.13	0.502	0.001	-0.016	
22.17	0.503	0.001	-0.012	
22.20	0.502	0.000	-0.017	
22.23	0.503	0.000	-0.019	
22.27	0.502	-0.001	-0.025	
22.30	0.503	-0.002	-0.023	
22.33	0.502	-0.002	-0.011	
22.37	0.502	-0.003	-0.004	
22.40	0.502	-0.003	-0.002	
22.43	0.502	-0.003	-0.004	
22.47	0.502	-0.003	-0.011	
22.50	0.502	-0.003	-0.021	
22.53	0.502	-0.005	-0.015	
22.57	0.502	-0.005	0.003	
22.60	0.501	-0.004	0.018	
22.63	0.501	-0.002	-0.002	
22.67	0.501	-0.004	-0.031	
22.70	0.501	-0.005	-0.057	
22.73	0.501	-0.007	-0.110	
22.77	0.501	-0.011	-0.151	
22.80	0.501	-0.023	-0.014	
22.83	0.499	-0.019	0.275	
22.87	0.499	0.007	0.253	
22.90	0.500	0.003	0.068	
22.93	0.499	0.004	0.040	
22.97	0.500	0.011	-0.086	
23.00	0.500	-0.001	-0.186	
23.03	0.500	-0.013	0.006	
23.07	0.498	-0.001	0.209	
23.10	0.500	0.014	0.083	
23.13	0.500	0.005	-0.074	
23.17	0.500	0.002	-0.057	
23.20	0.500	0.000	-0.010	
23.23	0.500	0.001	0.028	
23.27	0.500	0.005	-0.014	
23.30	0.500	0.002	-0.077	
23.33	0.500	-0.002	-0.081	
23.37	0.501	-0.011	0.094	
23.40	0.499	0.005	0.255	
23.43	0.501	0.019	0.078	
23.47	0.501	0.009	-0.100	
23.50	0.501	0.005	-0.091	
23.53	0.501	0.003	-0.043	
23.57	0.501	0.003	-0.006	
23.60	0.501	0.003	0.005	
23.63	0.502	0.004	-0.007	
23.67	0.502	0.003	-0.023	
23.70	0.502	0.001	-0.012	
23.73	0.502	0.002	-0.007	
23.77	0.502	0.002	-0.021	
23.80	0.502	0.000	-0.021	
23.83	0.502	-0.001	0.007	
23.87	0.502	0.001	0.029	
23.90	0.502	0.004	-0.013	
23.93	0.502	-0.001	-0.045	
23.97	0.502	-0.002	-0.025	
24.00	0.502	-0.001	-0.021	
24.03	0.502	-0.003	-0.025	
24.07	0.502	-0.004	-0.012	
24.10	0.501	-0.003	-0.004	
24.13	0.502	-0.003	-0.016	
24.17	0.501	-0.005	-0.019	
24.20	0.501	-0.005	-0.011	
24.23	0.501	-0.005	-0.005	
24.27	0.501	-0.005	-0.010	
24.30	0.501	-0.005	-0.044	
24.33	0.501	-0.007	-0.110	
24.37	0.500	-0.011	-0.181	
24.40	0.500	-0.025	-0.085	
24.43	0.498	-0.023	0.166	
24.47	0.498	-0.007	0.247	
24.50	0.498	-0.003	0.224	
24.53	0.498	0.004	0.258	
24.57	0.498	0.020	0.141	
24.60	0.500	0.020	-0.123	
24.63	0.500	0.004	-0.204	
24.67	0.500	-0.000	-0.103	
24.70	0.500	-0.001	-0.026	
24.73	0.500	-0.000	0.002	
24.77	0.500	0.000	0.006	
24.80	0.500	0.000	0.004	
24.83	0.500	0.001	-0.012	
24.87	0.500	0.000	-0.046	
24.90	0.500	-0.002	-0.070	
24.93	0.500	-0.011	0.059	
24.97	0.498	0.003	0.152	
25.00	0.500	0.013	-0.068	
25.03	0.500	-0.010	-0.101	
25.07	0.498	-0.007	0.167	
25.10	0.499	0.017	0.095	
25.13	0.501	0.003	-0.067	
25.17	0.499	-0.005	0.149	
25.20	0.499	0.020	0.203	
25.23	0.501	0.022	-0.061	
25.27	0.501	0.009	-0.177	
25.30	0.501	0.004	-0.122	
25.33	0.502	0.001	-0.048	
25.37	0.501	0.002	-0.010	
25.40	0.502	0.002	-0.016	
25.43	0.502	0.001	-0.019	
25.47	0.502	0.000	-0.011	
25.50	0.502	0.000	-0.008	
25.53	0.502	-0.000	-0.012	
25.57	0.502	-0.001	-0.023	
25.60	0.502	-0.002	-0.024	
25.63	0.501	-0.003	-0.014	
25.67	0.502	-0.003	-0.013	
25.70	0.501	-0.003	-0.027	
25.73	0.501	-0.002	-0.091	
25.77	0.501	-0.009	-0.162	
25.80	0.501	-0.020	-0.047	
25.83	0.499	-0.011	0.081	
25.87	0.501	-0.009	0.080	
25.90	0.499	-0.013	0.228	
25.93	0.499	0.011	0.229	
25.97	0.500	0.013	-0.035	
26.00	0.500	0.001	-0.131	
26.03	0.500	-0.002	-0.079	
26.07	0.500	-0.003	-0.029	
26.10	0.500	-0.003	-0.004	
26.13	0.500	-0.003	-0.000	
26.17	0.500	-0.003	0.001	
26.20	0.499	-0.003	0.004	
26.23	0.500	-0.002	0.013	
26.27	0.499	-0.002	0.029	
26.30	0.499	-0.000	0.037	
26.33	0.499	0.001	0.034	
26.37	0.499	0.003	0.009	
26.40	0.500	0.001	-0.006	
26.43	0.499	0.001	0.015	
26.47	0.500	0.002	0.026	
26.50	0.500	0.004	0.005	
26.53	0.500	0.003	-0.039	
26.57	0.500	0.002	-0.092	
26.60	0.500	-0.002	-0.146	
26.63	0.500	-0.014	-0.036	
26.67	0.499	-0.011	0.237	
26.70	0.499	0.013	0.222	
26.73	0.501	0.009	0.031	
26.77	0.499	0.009	-0.036	
26.80	0.501	0.013	-0.200	
26.83	0.501	-0.011	-0.140	
26.87	0.499	-0.010	0.235	
26.90	0.499	0.017	0.286	
26.93	0.501	0.022	0.002	
26.97	0.501	0.010	-0.137	
27.00	0.501	0.007	-0.117	
27.03	0.502	0.003	-0.087	
27.07	0.502	0.001	-0.046	
27.10	0.502	0.000	-0.020	
27.13	0.502	0.000	-0.010	
27.17	0.502	-0.000	-0.013	
27.20	0.502	-0.001	-0.023	
27.23	0.502	-0.002	-0.026	
27.27	0.501	-0.003	-0.022	
27.30	0.502	-0.003	-0.023	
27.33	0.501	-0.004	-0.018	
27.37	0.501	-0.005	-0.012	
27.40	0.501	-0.004	-0.052	
27.43	0.501	-0.007	-0.127	
27.47	0.501	-0.012	-0.182	
27.50	0.501	-0.024	-0.084	
27.53	0.499	-0.023	0.174	
27.57	0.499	-0.008	0.306	
27.60	0.498	0.001	0.308	
27.63	0.498	0.017	0.164	
27.67	0.500	0.016	-0.103	
27.70	0.500	0.003	-0.182	
27.73	0.500	-0.001	-0.107	
27.77	0.500	-0.003	-0.041	
27.80	0.500	-0.003	-0.008	
27.83	0.499	-0.003	0.003	
27.87	0.500	-0.002	0.011	
27.90	0.499	-0.002	0.022	
27.93	0.499	-0.001	0.023	
27.97	0.499	-0.000	0.015	
28.00	0.499	0.000	0.015	
28.03	0.499	0.001	0.020	
28.07	0.499	0.002	0.017	
28.10	0.499	0.002	0.011	
28.13	0.500	0.002	0.028	
28.17	0.499	0.004	0.046	
28.20	0.500	0.007	-0.017	
28.23	0.500	0.004	-0.120	
28.27	0.500	-0.001	-0.174	
28.30	0.500	-0.015	-0.014	
28.33	0.498	-0.010	0.315	
28.37	0.499	0.019	0.302	
28.40	0.501	0.022	-0.023	
28.43	0.501	0.009	-0.164	
28.47	0.501	0.004	-0.111	
28.50	0.501	0.003	-0.052	
28.53	0.501	0.003	-0.045	
28.57	0.501	0.001	-0.076	
28.60	0.501	-0.002	-0.093	
28.63	0.501	-0.012	0.061	
28.67	0.499	0.001	0.227	
28.70	0.501	0.015	0.087	
28.73	0.501	0.007	-0.070	
28.77	0.502	0.004	-0.074	
28.80	0.501	0.001	-0.052	
28.83	0.502	0.002	-0.086	
28.87	0.502	-0.003	-0.167	
28.90	0.501	-0.009	-0.226	
28.93	0.502	-0.024	-0.104	
28.97	0.499	-0.023	0.221	
29.00	0.499	-0.004	0.401	
29.03	0.499	0.016	0.234	
29.07	0.501	0.017	-0.119	
29.10	0.501	0.000	-0.276	
29.13	0.501	-0.008	-0.234	
29.17	0.500	-0.019	-0.074	
29.20	0.499	-0.010	0.020	
29.23	0.500	-0.011	-0.059	
29.27	0.498	-0.021	0.033	
29.30	0.498	-0.010	0.144	
29.33	0.498	-0.006	0.123	
29.37	0.498	-0.002	0.097	
29.40	0.498	0.001	0.057	
29.43	0.498	-0.000	0.082	
29.47	0.498	0.003	0.188	
29.50	0.498	0.018	0.140	
29.53	0.499	0.020	-0.104	
29.57	0.500	0.006	-0.228	
29.60	0.499	-0.001	-0.194	
29.63	0.500	-0.006	-0.123	
29.67	0.499	-0.015	0.103	
29.70	0.498	0.002	0.259	
29.73	0.499	0.017	0.041	
29.77	0.500	0.004	-0.161	
29.80	0.500	-0.007	-0.052	
29.83	0.498	0.001	0.052	
29.87	0.500	0.008	-0.123	
29.90	0.500	-0.012	-0.171	
29.93	0.498	-0.015	0.071	
29.97	0.499	-0.002	0.190	
30.00	0.498	0.004	0.144	
30.03	0.499	0.009	0.042	
30.07	0.499	0.005	0.013	
30.10	0.499	0.005	0.103	
30.13	0.499	0.011	0.193	
30.17	0.499	0.025	0.095	
30.20	0.502	0.024	-0.185	
30.23	0.501	0.007	-0.325	
30.27	0.502	-0.003	-0.291	
30.30	0.502	-0.018	-0.061	
30.33	0.500	-0.013	0.314	
30.37	0.500	0.016	0.322	
30.40	0.502	0.021	-0.016	
30.43	0.502	0.007	-0.176	
30.47	0.502	0.002	-0.129	
30.50	0.502	-0.001	-0.078	
30.53	0.502	-0.002	-0.069	
30.57	0.502	-0.004	-0.084	
30.60	0.502	-0.007	-0.083	
30.63	0.501	-0.017	0.099	
30.67	0.500	-0.000	0.247	
30.70	0.502	0.012	0.051	
30.73	0.501	0.002	-0.149	
30.77	0.501	-0.003	-0.214	
30.80	0.501	-0.011	-0.256	
30.83	0.501	-0.025	-0.135	
30.87	0.499	-0.025	0.124	
30.90	0.499	-0.011	0.215	
30.93	0.499	-0.005	0.126	
30.97	0.499	-0.003	0.034	
31.00	0.498	-0.005	-0.008	
31.03	0.498	-0.005	-0.004	
31.07	0.498	-0.005	0.012	
31.10	0.498	-0.004	0.034	
31.13	0.498	-0.003	0.051	
31.17	0.498	-0.000	0.049	
31.20	0.498	0.001	0.041	
31.23	0.498	0.003	0.016	
31.27	0.498	0.001	0.001	
31.30	0.498	0.002	0.008	
31.33	0.498	0.002	0.007	
31.37	0.498	0.003	0.017	
31.40	0.498	0.003	0.060	
31.43	0.498	0.005	0.143	
31.47	0.499	0.011	0.218	
31.50	0.499	0.027	0.078	
31.53	0.501	0.024	-0.257	
31.57	0.501	0.004	-0.416	
31.60	0.501	-0.015	-0.255	
31.63	0.499	-0.018	0.054	
31.67	0.499	-0.005	0.201	
31.70	0.499	0.001	0.187	
31.73	0.500	0.006	0.186	
31.77	0.500	0.011	0.218	
31.80	0.500	0.025	0.121	
31.83	0.502	0.025	-0.112	
31.87	0.502	0.012	-0.202	
31.90	0.502	0.006	-0.152	
31.93	0.502	0.003	-0.093	
31.97	0.502	0.001	-0.045	
32.00	0.502	0.000	-0.018	
32.03	0.502	0.000	-0.010	
32.07	0.502	-0.000	-0.020	
32.10	0.502	-0.001	-0.057	
32.13	0.502	-0.003	-0.100	
32.17	0.502	-0.007	-0.142	
32.20	0.502	-0.018	-0.069	
32.23	0.500	-0.011	0.006	
32.27	0.502	-0.013	-0.011	
32.30	0.500	-0.020	0.166	
32.33	0.500	-0.003	0.350	
32.37	0.500	0.016	0.217	
32.40	0.501	0.017	-0.083	
32.43	0.501	0.003	-0.212	
32.47	0.501	-0.002	-0.172	
32.50	0.501	-0.005	-0.186	
32.53	0.501	-0.019	-0.082	
32.57	0.499	-0.011	0.026	
32.60	0.501	-0.011	-0.029	
32.63	0.499	-0.019	0.057	
32.67	0.499	-0.007	0.138	
32.70	0.498	-0.004	0.085	
32.73	0.499	-0.003	0.042	
32.77	0.498	-0.002	0.019	
32.80	0.498	-0.002	0.024	
32.83	0.498	-0.001	0.026	
32.87	0.498	0.000	0.023	
32.90	0.498	0.001	0.027	
32.93	0.498	0.002	0.025	
32.97	0.498	0.002	0.021	
33.00	0.499	0.003	0.026	
33.03	0.498	0.004	0.033	
33.07	0.499	0.007	0.001	
33.10	0.499	0.004	-0.029	
33.13	0.499	0.003	-0.012	
33.17	0.499	0.003	0.005	
33.20	0.499	0.004	0.002	
33.23	0.500	0.004	-0.019	
33.27	0.499	0.002	-0.011	
33.30	0.500	0.003	0.012	
33.33	0.500	0.004	0.006	
33.37	0.500	0.003	-0.001	
33.40	0.500	0.003	0.005	
33.43	0.500	0.004	0.005	
33.47	0.500	0.003	0.030	
33.50	0.500	0.004	0.100	
33.53	0.500	0.008	0.179	
33.57	0.500	0.021	0.105	
33.60	0.502	0.022	-0.132	
33.63	0.502	0.007	-0.214	
33.67	0.502	0.001	-0.113	
33.70	0.502	0.002	-0.060	
33.73	0.502	-0.001	-0.051	
33.77	0.502	-0.002	-0.035	
33.80	0.502	-0.003	-0.032	
33.83	0.502	-0.005	-0.023	
33.87	0.502	-0.005	-0.008	
33.90	0.502	-0.005	0.006	
33.93	0.502	-0.005	0.017	
33.97	0.501	-0.003	0.011	
34.00	0.501	-0.003	-0.011	
34.03	0.501	-0.005	-0.017	
34.07	0.501	-0.005	-0.007	
34.10	0.501	-0.005	0.003	
34.13	0.501	-0.005	0.011	
34.17	0.500	-0.004	0.002	
34.20	0.501	-0.004	-0.024	
34.23	0.500	-0.005	-0.041	
34.27	0.500	-0.005	-0.074	
34.30	0.500	-0.017	0.068	
34.33	0.498	-0.003	0.242	
34.37	0.500	0.012	0.082	
34.40	0.500	0.003	-0.101	
34.43	0.500	-0.001	-0.150	
34.47	0.500	-0.006	-0.166	
34.50	0.500	-0.018	0.015	
34.53	0.498	-0.012	0.339	
34.57	0.498	0.017	0.328	
34.60	0.500	0.021	0.000	
34.63	0.500	0.009	-0.152	
34.67	0.500	0.004	-0.106	
34.70	0.500	0.003	-0.043	
34.73	0.500	0.003	-0.006	
34.77	0.501	0.003	0.007	
34.80	0.500	0.003	0.018	
34.83	0.501	0.004	0.018	
34.87	0.501	0.004	0.022	
34.90	0.501	0.006	0.015	
34.93	0.501	0.005	-0.004	
34.97	0.501	0.005	-0.008	
35.00	0.502	0.005	-0.014	
35.03	0.502	0.005	-0.024	
35.07	0.502	0.003	-0.026	
35.10	0.502	0.003	-0.023	
35.13	0.502	0.002	-0.026	
35.17	0.502	0.001	-0.023	
35.20	0.502	0.000	-0.012	
35.23	0.502	0.000	-0.009	
35.27	0.502	-0.000	-0.015	
35.30	0.502	-0.001	-0.030	
35.33	0.502	-0.002	-0.034	
35.37	0.502	-0.004	-0.014	
35.40	0.502	-0.003	0.001	
35.43	0.502	-0.003	0.001	
35.47	0.502	-0.004	0.014	
35.50	0.501	-0.002	0.024	
35.53	0.501	-0.000	-0.016	
35.57	0.501	-0.003	-0.070	
35.60	0.501	-0.005	-0.125	
35.63	0.501	-0.011	-0.167	
35.67	0.501	-0.023	-0.020	
35.70	0.499	-0.019	0.292	
35.73	0.499	0.008	0.313	
35.77	0.501	0.013	0.011	
35.80	0.500	0.001	-0.135	
35.83	0.500	-0.002	-0.099	
35.87	0.500	-0.005	-0.042	
35.90	0.500	-0.004	0.007	
35.93	0.500	-0.003	0.021	
35.97	0.500	-0.003	0.016	
36.00	0.499	-0.002	-0.000	
36.03	0.500	-0.002	-0.035	
36.07	0.499	-0.004	-0.081	
36.10	0.500	-0.011	-0.020	
36.13	0.498	-0.005	0.061	
36.17	0.500	-0.004	0.067	
36.20	0.498	-0.008	0.228	
36.23	0.498	0.017	0.219	
36.27	0.500	0.019	-0.104	
36.30	0.500	0.004	-0.280	
36.33	0.500	-0.012	-0.137	
36.37	0.498	-0.004	0.007	
36.40	0.500	-0.003	-0.030	
36.43	0.498	-0.011	0.065	
36.47	0.499	-0.001	0.194	
36.50	0.499	0.006	0.203	
36.53	0.499	0.012	0.202	
36.57	0.499	0.023	0.098	
36.60	0.501	0.023	-0.115	
36.63	0.501	0.010	-0.189	
36.67	0.501	0.005	-0.104	
36.70	0.501	0.004	-0.023	
36.73	0.502	0.007	-0.024	
36.77	0.502	0.003	-0.057	
36.80	0.502	0.001	-0.044	
36.83	0.502	0.000	-0.022	
36.87	0.502	0.000	-0.010	
36.90	0.502	-0.000	-0.013	
36.93	0.502	-0.001	-0.022	
36.97	0.502	-0.002	-0.022	
37.00	0.502	-0.002	-0.011	
37.03	0.502	-0.003	-0.004	
37.07	0.501	-0.003	-0.001	
37.10	0.502	-0.003	-0.001	
37.13	0.501	-0.003	-0.004	
37.17	0.501	-0.003	-0.009	
37.20	0.501	-0.003	-0.014	
37.23	0.501	-0.004	-0.013	
37.27	0.501	-0.004	-0.029	
37.30	0.501	-0.003	-0.121	
37.33	0.501	-0.012	-0.186	
37.37	0.500	-0.024	-0.011	
37.40	0.499	-0.019	0.321	
37.43	0.498	0.009	0.330	
37.47	0.500	0.015	0.001	
37.50	0.500	0.002	-0.153	
37.53	0.500	-0.003	-0.090	
37.57	0.500	-0.003	-0.020	
37.60	0.500	-0.003	0.013	
37.63	0.499	-0.002	0.025	
37.67	0.500	-0.001	0.023	
37.70	0.499	-0.000	0.011	
37.73	0.500	0.000	-0.001	
37.77	0.499	0.000	-0.031	
37.80	0.500	-0.001	-0.084	
37.83	0.499	-0.004	-0.132	
37.87	0.500	-0.016	-0.013	
37.90	0.498	-0.012	0.275	
37.93	0.498	0.015	0.241	
37.97	0.500	0.009	0.056	
38.00	0.498	0.011	0.036	
38.03	0.500	0.017	-0.112	
38.07	0.500	0.003	-0.209	
38.10	0.501	-0.009	-0.008	
38.13	0.499	0.004	0.170	
38.17	0.501	0.016	0.006	
38.20	0.501	-0.003	-0.024	
38.23	0.500	0.007	0.125	
38.27	0.501	0.017	0.003	
38.30	0.502	0.007	-0.117	
38.33	0.501	0.003	-0.081	
38.37	0.502	0.002	-0.034	
38.40	0.502	0.002	-0.016	
38.43	0.502	0.001	-0.013	
38.47	0.502	0.001	-0.020	
38.50	0.502	0.000	-0.055	
38.53	0.502	-0.002	-0.093	
38.57	0.502	-0.004	-0.150	
38.60	0.502	-0.018	-0.031	
38.63	0.500	-0.014	0.283	
38.67	0.500	0.012	0.285	
38.70	0.502	0.016	-0.027	
38.73	0.502	0.003	-0.177	
38.77	0.501	-0.003	-0.122	
38.80	0.501	-0.005	-0.044	
38.83	0.501	-0.004	-0.015	
38.87	0.501	-0.005	-0.025	
38.90	0.501	-0.005	-0.059	
38.93	0.501	-0.007	-0.128	
38.97	0.500	-0.013	-0.190	
39.00	0.500	-0.026	-0.070	
39.03	0.498	-0.024	0.217	
39.07	0.498	-0.006	0.354	
39.10	0.498	0.010	0.196	
39.13	0.500	0.006	0.021	
39.17	0.498	0.005	0.006	
39.20	0.500	0.012	-0.139	
39.23	0.500	-0.002	-0.308	
39.27	0.500	-0.019	-0.182	
39.30	0.498	-0.021	0.128	
39.33	0.498	-0.005	0.301	
39.37	0.498	0.004	0.299	
39.40	0.498	0.021	0.094	
39.43	0.500	0.018	-0.296	
39.47	0.500	-0.011	-0.349	
39.50	0.498	-0.018	-0.031	
39.53	0.498	-0.008	0.212	
39.57	0.498	0.002	0.280	
39.60	0.498	0.011	0.258	
39.63	0.498	0.026	0.044	
39.67	0.500	0.021	-0.314	
39.70	0.501	-0.009	-0.303	
39.73	0.499	-0.011	0.042	
39.77	0.499	0.003	0.187	
39.80	0.500	0.006	0.196	
39.83	0.500	0.013	0.231	
39.87	0.500	0.026	0.120	
39.90	0.502	0.026	-0.119	
39.93	0.502	0.013	-0.221	
39.97	0.502	0.007	-0.194	
40.00	0.503	0.002	-0.192	
40.03	0.502	-0.004	-0.228	
40.07	0.503	-0.018	-0.132	
40.10	0.501	-0.019	0.131	
40.13	0.501	-0.004	0.253	
40.17	0.501	0.003	0.219	
40.20	0.501	0.007	0.220	
40.23	0.501	0.021	0.123	
40.27	0.503	0.022	-0.126	
40.30	0.503	0.007	-0.218	
40.33	0.503	0.002	-0.157	
40.37	0.503	-0.003	-0.086	
40.40	0.503	-0.003	-0.033	
40.43	0.503	-0.003	-0.036	
40.47	0.503	-0.005	-0.048	
40.50	0.503	-0.007	-0.070	
40.53	0.502	-0.009	-0.113	
40.57	0.502	-0.013	-0.162	
40.60	0.502	-0.026	-0.020	
40.63	0.500	-0.022	0.304	
40.67	0.499	0.007	0.287	
40.70	0.501	0.010	-0.069	
40.73	0.501	-0.013	-0.077	
40.77	0.499	-0.003	0.132	
40.80	0.501	0.009	0.046	
40.83	0.501	0.000	-0.070	
40.87	0.500	-0.001	-0.070	
40.90	0.500	-0.003	-0.085	
40.93	0.500	-0.006	-0.085	
40.97	0.500	-0.015	0.046	
41.00	0.498	-0.002	0.133	
41.03	0.500	0.007	-0.085	
41.07	0.500	-0.016	-0.093	
41.10	0.498	-0.013	0.241	
41.13	0.498	0.013	0.253	
41.17	0.500	0.017	-0.091	
41.20	0.500	0.001	-0.291	
41.23	0.500	-0.017	-0.092	
41.27	0.498	-0.013	0.313	
41.30	0.498	0.018	0.340	
41.33	0.501	0.025	-0.045	
41.37	0.501	0.008	-0.273	
41.40	0.501	-0.001	-0.257	
41.43	0.501	-0.014	-0.037	
41.47	0.499	-0.009	0.310	
41.50	0.499	0.018	0.319	
41.53	0.501	0.024	-0.014	
41.57	0.502	0.010	-0.179	
41.60	0.501	0.004	-0.122	
41.63	0.502	0.003	-0.054	
41.67	0.502	0.002	-0.022	
41.70	0.502	0.002	-0.024	
41.73	0.502	0.001	-0.022	
41.77	0.502	0.000	-0.011	
41.80	0.502	0.000	-0.005	
41.83	0.502	0.000	-0.005	
41.87	0.502	-0.000	-0.011	
41.90	0.502	-0.001	-0.019	
41.93	0.502	-0.002	-0.015	
41.97	0.502	-0.002	-0.003	
42.00	0.502	-0.001	-0.018	
42.03	0.502	-0.002	-0.070	
42.07	0.501	-0.005	-0.146	
42.10	0.502	-0.011	-0.223	
42.13	0.501	-0.026	-0.116	
42.17	0.499	-0.024	0.118	
42.20	0.499	-0.012	0.191	
42.23	0.499	-0.006	0.136	
42.27	0.499	-0.004	0.094	
42.30	0.499	-0.003	0.127	
42.33	0.499	0.002	0.215	
42.37	0.498	0.017	0.138	
42.40	0.500	0.018	-0.108	
42.43	0.500	0.004	-0.190	
42.47	0.500	-0.001	-0.104	
42.50	0.500	-0.002	-0.026	
42.53	0.500	-0.001	0.003	
42.57	0.500	-0.001	-0.008	
42.60	0.500	-0.002	-0.004	
42.63	0.500	-0.002	0.023	
42.67	0.500	-0.000	0.044	
42.70	0.500	0.001	0.054	
42.73	0.500	0.005	0.026	
42.77	0.500	0.003	-0.009	
42.80	0.500	0.003	-0.009	
42.83	0.500	0.003	-0.002	
42.87	0.500	0.003	0.010	
42.90	0.500	0.003	0.022	
42.93	0.500	0.005	0.021	
42.97	0.501	0.005	0.008	
43.00	0.501	0.005	-0.004	
43.03	0.501	0.005	-0.014	
43.07	0.501	0.004	-0.011	
43.10	0.501	0.004	-0.012	
43.13	0.501	0.003	-0.018	
43.17	0.501	0.003	-0.015	
43.20	0.501	0.002	-0.015	
43.23	0.502	0.001	-0.003	
43.27	0.501	0.002	0.006	
43.30	0.502	0.002	-0.001	
43.33	0.502	0.001	0.003	
43.37	0.502	0.003	-0.011	
43.40	0.502	0.001	-0.026	
43.43	0.502	0.000	-0.016	
43.47	0.502	0.000	-0.011	
43.50	0.502	-0.000	-0.013	
43.53	0.502	-0.001	-0.023	
43.57	0.502	-0.002	-0.026	
43.60	0.502	-0.003	-0.023	
43.63	0.502	-0.003	-0.025	
43.67	0.502	-0.005	-0.019	
43.70	0.501	-0.005	-0.001	
43.73	0.501	-0.005	0.014	
43.77	0.501	-0.003	0.010	
43.80	0.501	-0.003	-0.009	
43.83	0.501	-0.005	-0.007	
43.87	0.501	-0.005	0.014	
43.90	0.500	-0.004	0.037	
43.93	0.500	-0.000	0.015	
43.97	0.501	-0.002	-0.018	
44.00	0.500	-0.004	-0.003	
44.03	0.500	-0.003	0.016	
44.07	0.500	-0.001	0.006	
44.10	0.500	-0.002	-0.007	
44.13	0.500	-0.002	-0.002	
44.17	0.500	-0.002	0.008	
44.20	0.500	-0.002	0.021	
44.23	0.500	-0.001	0.022	
44.27	0.500	-0.000	0.012	
44.30	0.500	0.000	0.008	
44.33	0.500	0.000	0.012	
44.37	0.500	0.001	0.022	
44.40	0.500	0.002	0.019	
44.43	0.500	0.003	-0.013	
44.47	0.500	0.002	-0.047	
44.50	0.500	0.000	-0.091	
44.53	0.500	-0.010	-0.007	
44.57	0.499	0.002	0.037	
44.60	0.501	-0.001	-0.073	
44.63	0.499	-0.012	0.024	
44.67	0.499	-0.000	0.157	
44.70	0.499	0.004	0.168	
44.73	0.500	0.008	0.215	
44.77	0.499	0.023	0.127	
44.80	0.502	0.023	-0.116	
44.83	0.501	0.009	-0.199	
44.87	0.502	0.004	-0.125	
44.90	0.502	0.002	-0.063	
44.93	0.502	0.001	-0.024	
44.97	0.502	0.001	-0.002	
45.00	0.502	0.001	-0.005	
45.03	0.502	0.000	-0.015	
45.07	0.502	0.000	-0.016	
45.10	0.502	-0.001	-0.016	
45.13	0.502	-0.002	-0.002	
45.17	0.502	-0.001	0.017	
45.20	0.502	0.002	-0.015	
45.23	0.502	-0.002	-0.056	
45.27	0.502	-0.004	-0.044	
45.30	0.502	-0.005	-0.023	
45.33	0.501	-0.005	-0.014	
45.37	0.501	-0.005	-0.036	
45.40	0.501	-0.007	-0.067	
45.43	0.501	-0.010	-0.072	
45.47	0.501	-0.019	0.097	
45.50	0.499	-0.003	0.253	
45.53	0.500	0.011	0.079	
45.57	0.500	0.001	-0.078	
45.60	0.500	-0.001	-0.060	
45.63	0.500	-0.003	-0.030	
45.67	0.500	-0.003	-0.004	
45.70	0.500	-0.003	0.007	
45.73	0.500	-0.003	0.031	
45.77	0.500	0.000	0.021	
45.80	0.500	-0.000	-0.038	
45.83	0.500	-0.002	-0.088	
45.87	0.500	-0.007	-0.095	
45.90	0.500	-0.016	0.090	
45.93	0.498	-0.001	0.259	
45.97	0.500	0.014	0.093	
46.00	0.500	0.005	-0.091	
46.03	0.500	0.002	-0.115	
46.07	0.500	-0.002	-0.099	
46.10	0.500	-0.011	0.086	
46.13	0.498	0.004	0.241	
46.17	0.500	0.017	0.075	
46.20	0.500	0.008	-0.079	
46.23	0.500	0.006	-0.074	
46.27	0.501	0.003	-0.045	
46.30	0.500	0.003	-0.005	
46.33	0.501	0.003	0.017	
46.37	0.501	0.004	0.030	
46.40	0.501	0.007	-0.009	
46.43	0.501	0.004	-0.071	
46.47	0.501	0.001	-0.100	
46.50	0.501	-0.003	-0.109	
46.53	0.501	-0.013	0.038	
46.57	0.500	0.001	0.140	
46.60	0.501	0.012	-0.125	
46.63	0.502	-0.013	-0.230	
46.67	0.500	-0.019	0.051	
46.70	0.500	-0.006	0.248	
46.73	0.500	0.004	0.257	
46.77	0.500	0.018	0.064	
46.80	0.501	0.012	-0.215	
46.83	0.501	-0.011	-0.128	
46.87	0.499	-0.002	0.109	
46.90	0.501	0.010	0.021	
46.93	0.501	0.001	-0.115	
46.97	0.501	-0.002	-0.143	
47.00	0.501	-0.009	-0.130	
47.03	0.501	-0.018	0.074	
47.07	0.499	-0.003	0.242	
47.10	0.500	0.011	0.070	
47.13	0.500	0.000	-0.090	
47.17	0.500	-0.003	-0.063	
47.20	0.500	-0.003	-0.028	
47.23	0.500	-0.003	-0.019	
47.27	0.500	-0.005	-0.015	
47.30	0.500	-0.005	0.001	
47.33	0.500	-0.005	0.018	
47.37	0.499	-0.003	0.022	
47.40	0.499	-0.003	0.014	
47.43	0.499	-0.003	0.018	
47.47	0.499	-0.002	0.034	
47.50	0.499	-0.001	0.056	
47.53	0.499	0.004	0.026	
47.57	0.499	0.001	-0.010	
47.60	0.499	0.001	0.005	
47.63	0.499	0.002	0.014	
47.67	0.499	0.002	0.013	
47.70	0.500	0.003	0.011	
47.73	0.499	0.003	0.011	
47.77	0.500	0.004	-0.003	
47.80	0.500	0.003	-0.033	
47.83	0.500	0.002	-0.056	
47.87	0.500	0.000	-0.079	
47.90	0.500	-0.009	0.018	
47.93	0.499	0.001	0.121	
47.97	0.500	0.010	-0.011	
48.00	0.500	-0.007	0.029	
48.03	0.499	0.006	0.193	
48.07	0.501	0.019	0.049	
48.10	0.501	0.008	-0.086	
48.13	0.501	0.006	-0.054	
48.17	0.501	0.007	-0.051	
48.20	0.501	0.003	-0.063	
48.23	0.501	0.001	-0.045	
48.27	0.501	0.000	-0.022	
48.30	0.501	0.000	-0.010	
48.33	0.501	-0.000	-0.013	
48.37	0.501	-0.001	-0.024	
48.40	0.501	-0.002	-0.032	
48.43	0.501	-0.002	-0.059	
48.47	0.501	-0.004	-0.128	
48.50	0.501	-0.009	-0.213	
48.53	0.501	-0.025	-0.123	
48.57	0.499	-0.024	0.153	
48.60	0.499	-0.010	0.305	
48.63	0.498	-0.001	0.335	
48.67	0.499	0.018	0.188	
48.70	0.500	0.018	-0.104	
48.73	0.500	0.003	-0.176	
48.77	0.500	-0.000	-0.078	
48.80	0.500	0.001	-0.048	
48.83	0.500	-0.002	-0.056	
48.87	0.500	-0.004	-0.030	
48.90	0.500	-0.004	0.006	
48.93	0.500	-0.003	0.016	
48.97	0.500	-0.001	-0.032	
49.00	0.500	-0.004	-0.084	
49.03	0.500	-0.008	-0.078	
49.07	0.499	-0.017	0.105	
49.10	0.498	-0.001	0.261	
49.13	0.499	0.014	0.086	
49.17	0.499	0.003	-0.070	
49.20	0.499	0.002	-0.043	
49.23	0.499	0.001	-0.012	
49.27	0.499	0.001	0.021	
49.30	0.499	0.003	0.040	
49.33	0.499	0.005	0.033	
49.37	0.500	0.006	-0.000	
49.40	0.500	0.004	-0.016	
49.43	0.500	0.004	-0.013	
49.47	0.500	0.003	-0.008	
49.50	0.500	0.003	0.004	
49.53	0.500	0.005	-0.027	
49.57	0.500	0.003	-0.107	
49.60	0.501	-0.001	-0.192	
49.63	0.501	-0.016	-0.085	
49.67	0.499	-0.015	0.231	
49.70	0.499	0.005	0.399	
49.73	0.500	0.023	0.230	
49.77	0.501	0.024	-0.075	
49.80	0.502	0.011	-0.186	
49.83	0.502	0.006	-0.119	
49.87	0.502	0.004	-0.043	
49.90	0.502	0.004	0.008	
49.93	0.502	0.007	-0.021	
49.97	0.502	0.003	-0.067	
50.00	0.502	0.000	-0.066	
50.03	0.502	-0.002	-0.046	
50.07	0.502	-0.003	-0.022	
50.10	0.502	-0.003	-0.016	
50.13	0.502	-0.003	-0.029	
50.17	0.502	-0.003	-0.091	
50.20	0.502	-0.008	-0.164	
50.23	0.502	-0.022	-0.008	
50.27	0.500	-0.016	0.335	
50.30	0.500	0.013	0.327	
50.33	0.502	0.018	-0.023	
50.37	0.502	0.004	-0.189	
50.40	0.501	-0.003	-0.129	
50.43	0.501	-0.004	-0.048	
50.47	0.501	-0.003	-0.041	
50.50	0.501	-0.005	-0.112	
50.53	0.501	-0.010	-0.180	
50.57	0.501	-0.022	-0.072	
50.60	0.499	-0.022	0.229	
50.63	0.499	-0.002	0.370	
50.67	0.499	0.016	0.128	
50.70	0.501	0.012	-0.268	
50.73	0.501	-0.016	-0.283	
50.77	0.499	-0.019	0.070	
50.80	0.499	-0.005	0.283	
50.83	0.499	0.005	0.319	
50.87	0.499	0.021	0.186	
50.90	0.500	0.022	-0.085	
50.93	0.501	0.009	-0.179	
50.97	0.501	0.005	-0.103	
51.00	0.501	0.004	-0.049	
51.03	0.501	0.003	-0.021	
51.07	0.501	0.002	0.013	
51.10	0.501	0.003	0.041	
51.13	0.501	0.007	0.010	
51.17	0.502	0.004	-0.019	
51.20	0.501	0.004	-0.003	
51.23	0.502	0.004	0.001	
51.27	0.502	0.004	-0.013	
51.30	0.502	0.003	-0.018	
51.33	0.502	0.003	-0.011	
51.37	0.502	0.003	-0.008	
51.40	0.502	0.002	-0.012	
51.43	0.502	0.002	-0.022	
51.47	0.502	0.001	-0.022	
51.50	0.502	0.000	-0.012	
51.53	0.502	0.000	-0.009	
51.57	0.502	-0.000	-0.015	
51.60	0.502	-0.001	-0.029	
51.63	0.502	-0.002	-0.032	
51.67	0.502	-0.004	-0.009	
51.70	0.502	-0.003	0.010	
51.73	0.502	-0.002	0.010	
51.77	0.502	-0.002	-0.008	
51.80	0.502	-0.004	-0.014	
51.83	0.502	-0.003	-0.008	
51.87	0.502	-0.003	-0.018	
51.90	0.501	-0.005	-0.019	
51.93	0.501	-0.005	-0.008	
51.97	0.501	-0.005	-0.004	
52.00	0.501	-0.005	-0.031	
52.03	0.501	-0.005	-0.114	
52.07	0.501	-0.010	-0.223	
52.10	0.501	-0.027	-0.139	
52.13	0.499	-0.027	0.141	
52.17	0.498	-0.011	0.265	
52.20	0.498	-0.005	0.251	
52.23	0.498	0.002	0.276	
52.27	0.498	0.019	0.126	
52.30	0.500	0.019	-0.215	
52.33	0.500	0.001	-0.409	
52.37	0.500	-0.021	-0.243	
52.40	0.498	-0.021	0.093	
52.43	0.498	-0.006	0.208	
52.47	0.498	-0.001	0.135	
52.50	0.498	0.002	0.058	
52.53	0.498	0.001	0.027	
52.57	0.498	0.002	0.054	
52.60	0.498	0.004	0.116	
52.63	0.498	0.008	0.209	
52.67	0.498	0.023	0.142	
52.70	0.500	0.024	-0.109	
52.73	0.500	0.009	-0.204	
52.77	0.500	0.005	-0.148	
52.80	0.500	0.003	-0.150	
52.83	0.501	-0.002	-0.204	
52.87	0.501	-0.017	-0.076	
52.90	0.499	-0.015	0.260	
52.93	0.499	0.005	0.431	
52.97	0.499	0.027	0.230	
53.00	0.502	0.026	-0.123	
53.03	0.502	0.009	-0.240	
53.07	0.502	0.003	-0.146	
53.10	0.502	0.001	-0.069	
53.13	0.502	0.000	-0.036	
53.17	0.502	-0.001	-0.010	
53.20	0.502	-0.000	0.007	
53.23	0.502	-0.000	0.002	
53.27	0.502	-0.000	-0.007	
53.30	0.502	-0.001	-0.020	
53.33	0.502	-0.002	-0.025	
53.37	0.501	-0.002	-0.047	
53.40	0.502	-0.003	-0.115	
53.43	0.501	-0.009	-0.166	
53.47	0.501	-0.022	0.010	
53.50	0.499	-0.016	0.356	
53.53	0.499	0.016	0.319	
53.57	0.501	0.017	-0.044	
53.60	0.501	0.004	-0.193	
53.63	0.501	-0.003	-0.131	
53.67	0.501	-0.005	-0.046	
53.70	0.501	-0.004	-0.013	
53.73	0.501	-0.005	-0.009	
53.77	0.501	-0.005	0.004	
53.80	0.500	-0.005	0.020	
53.83	0.500	-0.003	0.024	
53.87	0.500	-0.003	0.010	
53.90	0.500	-0.002	-0.025	
53.93	0.500	-0.003	-0.104	
53.97	0.500	-0.008	-0.190	
54.00	0.500	-0.021	-0.109	
54.03	0.498	-0.021	0.131	
54.07	0.498	-0.008	0.260	
54.10	0.498	0.001	0.254	
54.13	0.498	0.008	0.240	
54.17	0.498	0.023	0.068	
54.20	0.500	0.011	-0.074	
54.23	0.499	0.009	-0.002	
54.27	0.501	0.017	-0.054	
54.30	0.500	0.007	-0.122	
54.33	0.501	0.004	-0.073	
54.37	0.501	0.003	-0.029	
54.40	0.501	0.003	0.003	
54.43	0.501	0.003	0.017	
54.47	0.501	0.004	0.012	
54.50	0.501	0.004	-0.008	
54.53	0.501	0.003	-0.012	
54.57	0.501	0.003	-0.003	
54.60	0.502	0.004	-0.010	
54.63	0.502	0.003	-0.017	
54.67	0.502	0.002	0.003	
54.70	0.502	0.003	0.018	
54.73	0.502	0.005	-0.016	
54.77	0.502	0.001	-0.041	
54.80	0.502	0.000	-0.029	
54.83	0.502	-0.000	-0.021	
54.87	0.502	-0.001	-0.020	
54.90	0.502	-0.002	-0.012	
54.93	0.502	-0.002	0.005	
54.97	0.502	-0.001	-0.004	
55.00	0.502	-0.001	-0.051	
55.03	0.502	-0.004	-0.094	
55.07	0.502	-0.008	-0.090	
55.10	0.502	-0.016	0.067	
55.13	0.500	-0.003	0.201	
55.17	0.501	0.008	0.053	
55.20	0.501	-0.001	-0.085	
55.23	0.501	-0.004	-0.067	
55.27	0.501	-0.005	-0.026	
55.30	0.501	-0.005	0.007	
55.33	0.500	-0.004	0.017	
55.37	0.500	-0.002	-0.024	
55.40	0.500	-0.005	-0.072	
55.43	0.500	-0.008	-0.084	
55.47	0.500	-0.017	0.040	
55.50	0.498	-0.004	0.136	
55.53	0.500	0.005	-0.069	
55.57	0.500	-0.017	-0.072	
55.60	0.498	-0.014	0.276	
55.63	0.498	0.014	0.315	
55.67	0.500	0.020	-0.000	
55.70	0.500	0.007	-0.160	
55.73	0.500	0.002	-0.108	
55.77	0.500	0.000	-0.037	
55.80	0.500	0.001	0.001	
55.83	0.500	0.002	-0.026	
55.87	0.500	0.001	-0.101	
55.90	0.500	-0.004	-0.167	
55.93	0.500	-0.016	-0.085	
55.97	0.498	-0.015	0.118	
56.00	0.499	-0.002	0.171	
56.03	0.499	-0.001	0.154	
56.07	0.499	0.005	0.188	
56.10	0.499	0.011	0.224	
56.13	0.499	0.025	0.119	
56.17	0.501	0.025	-0.139	
56.20	0.501	0.009	-0.220	
56.23	0.501	0.004	-0.131	
56.27	0.501	0.002	-0.060	
56.30	0.502	0.002	-0.032	
56.33	0.501	0.001	-0.023	
56.37	0.502	0.000	-0.010	
56.40	0.501	0.000	0.003	
56.43	0.502	0.000	0.013	
56.47	0.501	0.001	0.021	
56.50	0.502	0.003	-0.004	
56.53	0.502	0.001	-0.033	
56.57	0.502	-0.000	-0.036	
56.60	0.502	-0.002	-0.029	
56.63	0.501	-0.002	-0.014	
56.67	0.502	-0.003	-0.009	
56.70	0.501	-0.003	-0.012	
56.73	0.501	-0.003	-0.022	
56.77	0.501	-0.005	-0.022	
56.80	0.501	-0.005	-0.011	
56.83	0.501	-0.005	-0.003	
56.87	0.501	-0.005	0.001	
56.90	0.500	-0.005	0.000	
56.93	0.500	-0.005	-0.020	
56.97	0.500	-0.005	-0.060	
57.00	0.500	-0.009	-0.072	
57.03	0.500	-0.017	0.097	
57.07	0.498	-0.003	0.258	
57.10	0.500	0.011	0.119	
57.13	0.500	0.006	-0.060	
57.17	0.500	0.001	-0.077	
57.20	0.500	-0.000	-0.040	
57.23	0.500	-0.001	-0.025	
57.27	0.500	-0.001	-0.035	
57.30	0.500	-0.002	-0.059	
57.33	0.500	-0.005	-0.074	
57.37	0.500	-0.014	0.086	
57.40	0.498	0.000	0.249	
57.43	0.500	0.015	0.093	
57.47	0.500	0.007	-0.096	
57.50	0.500	0.002	-0.129	
57.53	0.500	-0.002	-0.109	
57.57	0.500	-0.011	0.084	
57.60	0.498	0.003	0.266	
57.63	0.500	0.019	0.114	
57.67	0.500	0.011	-0.054	
57.70	0.501	0.009	-0.077	
57.73	0.501	0.005	-0.075	
57.77	0.501	0.004	-0.038	
57.80	0.501	0.003	-0.013	
57.83	0.501	0.004	-0.016	
57.87	0.501	0.002	-0.031	
57.90	0.501	0.001	-0.022	
57.93	0.501	0.001	-0.003	
57.97	0.501	0.001	-0.002	
58.00	0.502	0.001	-0.005	
58.03	0.501	0.001	0.003	
58.07	0.502	0.001	-0.004	
58.10	0.501	0.000	-0.016	
58.13	0.502	0.000	-0.019	
58.17	0.501	-0.001	-0.025	
58.20	0.502	-0.002	-0.022	
58.23	0.501	-0.002	-0.006	
58.27	0.501	-0.002	0.006	
58.30	0.501	-0.002	0.010	
58.33	0.501	-0.000	-0.023	
58.37	0.501	-0.004	-0.050	
58.40	0.501	-0.005	-0.062	
58.43	0.501	-0.006	-0.105	
58.47	0.501	-0.010	-0.152	
58.50	0.501	-0.023	-0.008	
58.53	0.498	-0.019	0.322	
58.57	0.499	0.010	0.318	
58.60	0.500	0.014	-0.004	
58.63	0.500	0.002	-0.138	
58.67	0.500	-0.002	-0.084	
58.70	0.500	-0.003	-0.025	
58.73	0.500	-0.002	0.007	
58.77	0.500	-0.001	0.005	
58.80	0.500	-0.002	0.007	
58.83	0.500	-0.002	0.029	
58.87	0.499	0.000	0.040	
58.90	0.500	0.003	0.011	
58.93	0.500	0.001	-0.018	
58.97	0.500	0.000	-0.013	
59.00	0.500	0.000	-0.002	
59.03	0.500	0.000	0.010	
59.07	0.500	0.001	0.023	
59.10	0.500	0.002	0.026	
59.13	0.500	0.003	0.022	
59.17	0.500	0.003	0.023	
59.20	0.500	0.004	0.016	
59.23	0.500	0.005	-0.000	
59.27	0.500	0.004	-0.000	
59.30	0.500	0.005	0.000	
59.33	0.501	0.004	-0.015	
59.37	0.501	0.003	-0.018	
59.40	0.501	0.003	-0.008	
59.43	0.501	0.003	0.006	
59.47	0.501	0.003	0.020	
59.50	0.501	0.004	0.028	
59.53	0.501	0.007	-0.010	
59.57	0.502	0.003	-0.051	
59.60	0.501	0.001	-0.033	
59.63	0.502	0.001	-0.003	
59.67	0.501	0.002	0.005	
59.70	0.502	0.002	-0.012	
59.73	0.502	0.001	-0.019	
59.77	0.502	0.000	-0.015	
59.80	0.502	-0.000	-0.015	
59.83	0.502	-0.001	-0.024	
59.87	0.502	-0.002	-0.027	
59.90	0.502	-0.003	-0.027	
59.93	0.501	-0.003	-0.039	
59.97	0.501	-0.005	-0.058	
60.00	0.501	-0.008	-0.073	
