Vernier Format 2
2.txt 1/28/2019 19:58:27
Run 1
Time	Position	Velocity	Acceleration	
T	P	V	A	
s	m	m/s	m/s^2	

0.00	0.501	-0.007	0.060	
0.03	0.501	-0.004	0.031	
0.07	0.501	-0.005	0.008	
0.10	0.500	-0.005	0.008	
0.13	0.500	-0.004	-0.000	
0.17	0.500	-0.005	0.000	
0.20	0.500	-0.005	0.022	
0.23	0.500	-0.004	0.048	
0.27	0.500	0.000	0.033	
0.30	0.500	-0.000	-0.007	
0.33	0.500	-0.002	-0.014	
0.37	0.500	-0.002	-0.001	
0.40	0.500	-0.001	-0.000	
0.43	0.500	-0.002	-0.000	
0.47	0.499	-0.002	0.016	
0.50	0.500	-0.001	0.022	
0.53	0.499	0.000	0.017	
0.57	0.500	0.000	0.012	
0.60	0.499	0.001	-0.002	
0.63	0.500	0.000	-0.011	
0.67	0.499	-0.001	0.012	
0.70	0.500	0.001	0.023	
0.73	0.500	0.002	0.011	
0.77	0.500	0.001	0.017	
0.80	0.500	0.003	0.033	
0.83	0.500	0.004	0.024	
0.87	0.500	0.004	-0.003	
0.90	0.500	0.006	-0.066	
0.93	0.501	0.001	-0.114	
0.97	0.500	-0.011	0.055	
1.00	0.499	0.003	0.235	
1.03	0.501	0.018	0.073	
1.07	0.501	0.009	-0.113	
1.10	0.501	0.003	-0.101	
1.13	0.501	0.001	-0.039	
1.17	0.501	0.002	-0.005	
1.20	0.501	0.002	-0.014	
1.23	0.501	0.001	-0.018	
1.27	0.501	0.000	-0.010	
1.30	0.501	0.000	-0.005	
1.33	0.501	0.000	-0.009	
1.37	0.501	0.000	-0.036	
1.40	0.501	-0.002	-0.076	
1.43	0.501	-0.005	-0.101	
1.47	0.501	-0.015	0.015	
1.50	0.499	-0.003	0.101	
1.53	0.501	0.006	-0.149	
1.57	0.501	-0.020	-0.226	
1.60	0.499	-0.023	0.060	
1.63	0.499	-0.009	0.221	
1.67	0.499	-0.003	0.228	
1.70	0.499	0.004	0.235	
1.73	0.499	0.017	0.111	
1.77	0.500	0.016	-0.129	
1.80	0.500	0.002	-0.186	
1.83	0.500	-0.002	-0.094	
1.87	0.500	-0.003	-0.027	
1.90	0.500	-0.002	0.005	
1.93	0.500	-0.001	-0.005	
1.97	0.500	-0.002	-0.039	
2.00	0.500	-0.004	-0.065	
2.03	0.500	-0.006	-0.076	
2.07	0.500	-0.016	0.093	
2.10	0.498	-0.001	0.273	
2.13	0.499	0.016	0.078	
2.17	0.500	0.007	-0.209	
2.20	0.500	-0.005	-0.303	
2.23	0.500	-0.020	-0.160	
2.27	0.498	-0.020	0.126	
2.30	0.498	-0.005	0.230	
2.33	0.498	0.002	0.148	
2.37	0.498	0.003	0.098	
2.40	0.498	0.004	0.148	
2.43	0.498	0.012	0.184	
2.47	0.499	0.025	-0.012	
2.50	0.500	0.018	-0.344	
2.53	0.501	-0.012	-0.294	
2.57	0.499	-0.016	0.126	
2.60	0.499	0.004	0.364	
2.63	0.499	0.023	0.211	
2.67	0.501	0.022	-0.088	
2.70	0.501	0.009	-0.178	
2.73	0.501	0.004	-0.089	
2.77	0.501	0.004	-0.010	
2.80	0.501	0.007	-0.009	
2.83	0.502	0.004	-0.038	
2.87	0.502	0.003	-0.033	
2.90	0.502	0.002	-0.032	
2.93	0.502	0.001	-0.025	
2.97	0.502	0.000	-0.017	
3.00	0.502	-0.000	-0.019	
3.03	0.502	-0.001	-0.030	
3.07	0.502	-0.002	-0.034	
3.10	0.502	-0.004	-0.017	
3.13	0.501	-0.003	-0.014	
3.17	0.502	-0.003	-0.061	
3.20	0.501	-0.006	-0.138	
3.23	0.501	-0.011	-0.219	
3.27	0.501	-0.026	-0.138	
3.30	0.499	-0.027	0.126	
3.33	0.499	-0.013	0.281	
3.37	0.499	-0.004	0.299	
3.40	0.498	0.006	0.297	
3.43	0.499	0.022	0.111	
3.47	0.500	0.017	-0.165	
3.50	0.500	0.003	-0.238	
3.53	0.500	-0.002	-0.193	
3.57	0.500	-0.006	-0.218	
3.60	0.500	-0.021	-0.130	
3.63	0.498	-0.022	0.132	
3.67	0.498	-0.006	0.262	
3.70	0.498	0.001	0.241	
3.73	0.498	0.007	0.243	
3.77	0.498	0.021	0.139	
3.80	0.500	0.022	-0.102	
3.83	0.500	0.008	-0.166	
3.87	0.500	0.005	-0.061	
3.90	0.500	0.006	-0.007	
3.93	0.501	0.007	-0.014	
3.97	0.501	0.005	-0.024	
4.00	0.501	0.004	-0.010	
4.03	0.501	0.005	-0.013	
4.07	0.501	0.007	-0.113	
4.10	0.502	-0.001	-0.217	
4.13	0.502	-0.017	-0.048	
4.17	0.500	-0.014	0.340	
4.20	0.500	0.018	0.372	
4.23	0.502	0.026	0.002	
4.27	0.502	0.010	-0.185	
4.30	0.502	0.005	-0.126	
4.33	0.502	0.003	-0.047	
4.37	0.502	0.003	-0.003	
4.40	0.502	0.004	-0.015	
4.43	0.503	0.003	-0.067	
4.47	0.503	0.001	-0.145	
4.50	0.503	-0.006	-0.225	
4.53	0.503	-0.020	-0.127	
4.57	0.501	-0.020	0.134	
4.60	0.501	-0.006	0.270	
4.63	0.501	0.004	0.230	
4.67	0.501	0.007	0.195	
4.70	0.501	0.019	0.087	
4.73	0.503	0.018	-0.143	
4.77	0.503	0.004	-0.214	
4.80	0.503	-0.002	-0.134	
4.83	0.502	-0.004	-0.056	
4.87	0.502	-0.004	0.002	
4.90	0.502	-0.003	0.016	
4.93	0.502	-0.003	0.006	
4.97	0.502	-0.003	-0.007	
5.00	0.502	-0.003	-0.021	
5.03	0.502	-0.005	-0.022	
5.07	0.502	-0.005	-0.013	
5.10	0.501	-0.005	-0.013	
5.13	0.501	-0.005	-0.044	
5.17	0.501	-0.007	-0.106	
5.20	0.501	-0.011	-0.169	
5.23	0.501	-0.025	-0.038	
5.27	0.499	-0.020	0.268	
5.30	0.499	-0.002	0.418	
5.33	0.499	0.018	0.255	
5.37	0.501	0.020	-0.063	
5.40	0.501	0.006	-0.184	
5.43	0.501	0.002	-0.140	
5.47	0.501	0.000	-0.147	
5.50	0.501	-0.004	-0.208	
5.53	0.501	-0.020	-0.108	
5.57	0.499	-0.019	0.189	
5.60	0.499	-0.001	0.332	
5.63	0.499	0.008	0.295	
5.67	0.499	0.022	0.138	
5.70	0.501	0.021	-0.112	
5.73	0.501	0.008	-0.189	
5.77	0.501	0.004	-0.114	
5.80	0.501	0.001	-0.030	
5.83	0.501	0.003	0.027	
5.87	0.501	0.004	0.046	
5.90	0.502	0.007	0.014	
5.93	0.502	0.005	-0.032	
5.97	0.502	0.003	-0.033	
6.00	0.502	0.003	-0.021	
6.03	0.502	0.002	-0.017	
6.07	0.502	0.002	-0.024	
6.10	0.502	0.001	-0.026	
6.13	0.502	0.000	-0.022	
6.17	0.502	-0.001	-0.022	
6.20	0.502	-0.002	-0.013	
6.23	0.502	-0.002	0.007	
6.27	0.502	-0.001	0.007	
6.30	0.502	-0.001	-0.012	
6.33	0.502	-0.002	-0.018	
6.37	0.502	-0.002	-0.010	
6.40	0.502	-0.003	-0.002	
6.43	0.502	-0.003	0.009	
6.47	0.502	-0.002	0.020	
6.50	0.502	-0.001	0.028	
6.53	0.502	0.002	-0.011	
6.57	0.502	-0.002	-0.055	
6.60	0.502	-0.004	-0.043	
6.63	0.502	-0.005	-0.017	
6.67	0.501	-0.005	0.005	
6.70	0.501	-0.005	0.021	
6.73	0.501	-0.003	0.021	
6.77	0.501	-0.003	0.002	
6.80	0.501	-0.003	-0.040	
6.83	0.501	-0.004	-0.110	
6.87	0.501	-0.009	-0.186	
6.90	0.501	-0.022	-0.095	
6.93	0.499	-0.021	0.154	
6.97	0.499	-0.006	0.261	
7.00	0.499	0.000	0.247	
7.03	0.499	0.008	0.249	
7.07	0.499	0.021	0.135	
7.10	0.501	0.021	-0.093	
7.13	0.501	0.009	-0.169	
7.17	0.501	0.006	-0.126	
7.20	0.501	0.001	-0.079	
7.23	0.501	0.001	-0.019	
7.27	0.501	0.001	0.021	
7.30	0.501	0.003	0.038	
7.33	0.501	0.004	0.023	
7.37	0.501	0.004	-0.003	
7.40	0.502	0.003	-0.007	
7.43	0.501	0.003	0.007	
7.47	0.502	0.004	0.003	
7.50	0.502	0.004	-0.022	
7.53	0.502	0.003	-0.036	
7.57	0.502	0.001	-0.022	
7.60	0.502	0.001	0.004	
7.63	0.502	0.002	0.013	
7.67	0.502	0.002	0.002	
7.70	0.502	0.001	0.003	
7.73	0.502	0.003	-0.015	
7.77	0.502	0.001	-0.036	
7.80	0.502	-0.000	-0.033	
7.83	0.502	-0.002	-0.018	
7.87	0.502	-0.002	0.005	
7.90	0.502	-0.001	0.006	
7.93	0.502	-0.001	-0.013	
7.97	0.502	-0.002	-0.022	
8.00	0.502	-0.003	-0.021	
8.03	0.502	-0.003	-0.022	
8.07	0.502	-0.004	-0.013	
8.10	0.502	-0.004	0.007	
8.13	0.501	-0.003	0.007	
8.17	0.502	-0.003	-0.011	
8.20	0.501	-0.005	-0.014	
8.23	0.501	-0.005	0.002	
8.27	0.501	-0.005	0.020	
8.30	0.501	-0.003	0.020	
8.33	0.501	-0.002	-0.018	
8.37	0.501	-0.003	-0.095	
8.40	0.501	-0.008	-0.152	
8.43	0.501	-0.020	-0.011	
8.47	0.499	-0.016	0.304	
8.50	0.499	0.012	0.312	
8.53	0.501	0.016	-0.006	
8.57	0.500	0.004	-0.179	
8.60	0.500	-0.001	-0.200	
8.63	0.500	-0.007	-0.199	
8.67	0.500	-0.021	-0.009	
8.70	0.498	-0.015	0.346	
8.73	0.498	0.015	0.350	
8.77	0.500	0.021	0.007	
8.80	0.500	0.007	-0.145	
8.83	0.500	0.004	-0.093	
8.87	0.501	0.002	-0.034	
8.90	0.500	0.003	0.005	
8.93	0.501	0.003	0.024	
8.97	0.501	0.004	0.040	
9.00	0.501	0.007	0.011	
9.03	0.501	0.005	-0.033	
9.07	0.501	0.003	-0.036	
9.10	0.501	0.003	-0.024	
9.13	0.501	0.002	-0.017	
9.17	0.502	0.001	-0.004	
9.20	0.501	0.002	0.003	
9.23	0.502	0.002	-0.005	
9.27	0.502	0.001	-0.001	
9.30	0.502	0.002	0.000	
9.33	0.502	0.002	-0.015	
9.37	0.502	0.001	-0.019	
9.40	0.502	0.000	-0.012	
9.43	0.502	0.000	-0.013	
9.47	0.502	0.000	-0.040	
9.50	0.502	-0.002	-0.081	
9.53	0.502	-0.005	-0.099	
9.57	0.502	-0.016	0.067	
9.60	0.500	-0.002	0.240	
9.63	0.502	0.014	0.056	
9.67	0.502	0.002	-0.139	
9.70	0.501	-0.003	-0.149	
9.73	0.502	-0.007	-0.159	
9.77	0.501	-0.017	-0.059	
9.80	0.500	-0.009	0.009	
9.83	0.501	-0.012	-0.014	
9.87	0.499	-0.019	0.169	
9.90	0.499	-0.002	0.340	
9.93	0.499	0.016	0.167	
9.97	0.501	0.016	-0.198	
10.00	0.501	-0.003	-0.401	
10.03	0.500	-0.022	-0.257	
10.07	0.499	-0.025	0.064	
10.10	0.498	-0.012	0.255	
10.13	0.498	-0.003	0.282	
10.17	0.498	0.005	0.292	
10.20	0.498	0.023	0.109	
10.23	0.500	0.019	-0.246	
10.27	0.500	-0.001	-0.397	
10.30	0.500	-0.018	-0.233	
10.33	0.498	-0.020	0.069	
10.37	0.498	-0.007	0.203	
10.40	0.498	-0.000	0.137	
10.43	0.498	0.002	0.051	
10.47	0.498	0.001	0.013	
10.50	0.498	0.002	0.007	
10.53	0.498	0.002	0.002	
10.57	0.499	0.001	0.023	
10.60	0.498	0.003	0.073	
10.63	0.499	0.006	0.130	
10.67	0.499	0.011	0.183	
10.70	0.499	0.023	0.091	
10.73	0.501	0.022	-0.131	
10.77	0.501	0.009	-0.212	
10.80	0.501	0.003	-0.158	
10.83	0.501	0.001	-0.124	
10.87	0.501	-0.011	0.048	
10.90	0.499	0.003	0.222	
10.93	0.502	0.017	0.068	
10.97	0.501	0.007	-0.095	
11.00	0.502	0.004	-0.094	
11.03	0.502	0.001	-0.062	
11.07	0.502	0.000	-0.030	
11.10	0.502	-0.001	-0.028	
11.13	0.502	-0.002	-0.023	
11.17	0.501	-0.002	-0.012	
11.20	0.502	-0.003	-0.008	
11.23	0.501	-0.003	-0.011	
11.27	0.501	-0.003	-0.018	
11.30	0.501	-0.004	-0.012	
11.33	0.501	-0.004	0.003	
11.37	0.501	-0.003	-0.021	
11.40	0.501	-0.004	-0.095	
11.43	0.501	-0.008	-0.183	
11.47	0.501	-0.021	-0.140	
11.50	0.499	-0.024	0.078	
11.53	0.499	-0.011	0.185	
11.57	0.499	-0.007	0.160	
11.60	0.498	-0.003	0.176	
11.63	0.498	0.003	0.222	
11.67	0.498	0.017	0.121	
11.70	0.500	0.016	-0.114	
11.73	0.500	0.003	-0.182	
11.77	0.500	-0.001	-0.097	
11.80	0.499	-0.002	-0.020	
11.83	0.500	-0.001	0.006	
11.87	0.499	-0.000	-0.024	
11.90	0.500	-0.002	-0.062	
11.93	0.499	-0.005	-0.063	
11.97	0.500	-0.013	0.076	
12.00	0.498	0.001	0.204	
12.03	0.500	0.014	-0.006	
12.07	0.500	-0.007	-0.035	
12.10	0.498	0.004	0.110	
12.13	0.500	0.014	-0.089	
12.17	0.500	-0.001	-0.296	
12.20	0.500	-0.018	-0.170	
12.23	0.498	-0.018	0.151	
12.27	0.498	-0.002	0.327	
12.30	0.498	0.008	0.337	
12.33	0.499	0.025	0.177	
12.37	0.500	0.025	-0.147	
12.40	0.501	0.010	-0.319	
12.43	0.501	-0.000	-0.335	
12.47	0.501	-0.017	-0.189	
12.50	0.499	-0.018	0.098	
12.53	0.499	-0.004	0.220	
12.57	0.499	0.001	0.224	
12.60	0.499	0.007	0.259	
12.63	0.499	0.023	0.145	
12.67	0.501	0.025	-0.156	
12.70	0.502	0.006	-0.286	
12.73	0.501	-0.001	-0.213	
12.77	0.501	-0.005	-0.174	
12.80	0.501	-0.016	-0.053	
12.83	0.500	-0.008	0.034	
12.87	0.501	-0.008	-0.036	
12.90	0.499	-0.016	0.019	
12.93	0.499	-0.007	0.087	
12.97	0.499	-0.007	0.081	
13.00	0.499	-0.003	0.102	
13.03	0.499	0.000	0.116	
13.07	0.499	0.004	0.132	
13.10	0.499	0.015	-0.014	
13.13	0.500	0.010	-0.304	
13.17	0.500	-0.018	-0.259	
13.20	0.498	-0.021	0.140	
13.23	0.498	-0.002	0.362	
13.27	0.498	0.017	0.198	
13.30	0.500	0.017	-0.130	
13.33	0.500	0.001	-0.260	
13.37	0.500	-0.013	-0.063	
13.40	0.498	-0.002	0.119	
13.43	0.500	0.009	-0.029	
13.47	0.500	-0.011	-0.043	
13.50	0.498	0.000	0.071	
13.53	0.500	0.009	-0.148	
13.57	0.500	-0.016	-0.186	
13.60	0.498	-0.019	0.161	
13.63	0.498	-0.001	0.401	
13.67	0.498	0.021	0.288	
13.70	0.500	0.025	-0.033	
13.73	0.500	0.011	-0.171	
13.77	0.500	0.007	-0.109	
13.80	0.501	0.005	-0.042	
13.83	0.501	0.005	0.004	
13.87	0.501	0.007	-0.012	
13.90	0.501	0.005	-0.054	
13.93	0.501	0.002	-0.041	
13.97	0.501	0.001	0.001	
14.00	0.501	0.002	0.023	
14.03	0.501	0.004	0.009	
14.07	0.501	0.003	-0.010	
14.10	0.502	0.003	-0.013	
14.13	0.502	0.002	-0.014	
14.17	0.502	0.001	-0.000	
14.20	0.502	0.002	0.014	
14.23	0.502	0.003	0.013	
14.27	0.502	0.003	0.010	
14.30	0.502	0.004	-0.011	
14.33	0.502	0.002	-0.033	
14.37	0.502	0.001	-0.028	
14.40	0.502	0.000	-0.009	
14.43	0.502	0.000	0.005	
14.47	0.502	0.001	0.009	
14.50	0.502	0.002	-0.023	
14.53	0.502	-0.001	-0.048	
14.57	0.502	-0.002	-0.036	
14.60	0.502	-0.003	-0.029	
14.63	0.502	-0.004	-0.014	
14.67	0.502	-0.004	0.007	
14.70	0.502	-0.003	0.011	
14.73	0.502	-0.003	-0.001	
14.77	0.501	-0.004	-0.001	
14.80	0.501	-0.003	-0.005	
14.83	0.501	-0.003	-0.047	
14.87	0.501	-0.006	-0.103	
14.90	0.501	-0.009	-0.147	
14.93	0.501	-0.021	-0.029	
14.97	0.499	-0.018	0.230	
15.00	0.499	0.007	0.146	
15.03	0.501	-0.001	-0.107	
15.07	0.499	-0.013	-0.032	
15.10	0.499	-0.006	0.124	
15.13	0.499	-0.000	0.179	
15.17	0.499	0.006	0.203	
15.20	0.499	0.018	0.033	
15.23	0.501	0.014	-0.250	
15.27	0.501	-0.011	-0.203	
15.30	0.499	-0.005	0.010	
15.33	0.501	-0.003	0.063	
15.37	0.499	-0.007	0.239	
15.40	0.499	0.018	0.242	
15.43	0.501	0.021	-0.074	
15.47	0.501	0.007	-0.232	
15.50	0.501	-0.001	-0.190	
15.53	0.501	-0.012	0.036	
15.57	0.500	0.003	0.231	
15.60	0.501	0.017	0.083	
15.63	0.502	0.008	-0.072	
15.67	0.501	0.005	-0.056	
15.70	0.502	0.005	-0.046	
15.73	0.502	0.002	-0.030	
15.77	0.502	0.002	-0.005	
15.80	0.502	0.002	-0.000	
15.83	0.502	0.003	-0.002	
15.87	0.502	0.002	-0.011	
15.90	0.502	0.002	-0.022	
15.93	0.502	0.001	-0.022	
15.97	0.502	0.000	-0.012	
16.00	0.502	0.000	-0.008	
16.03	0.502	-0.000	-0.009	
16.07	0.502	-0.000	-0.016	
16.10	0.502	-0.002	-0.016	
16.13	0.502	-0.001	-0.024	
16.17	0.502	-0.003	-0.052	
16.20	0.502	-0.005	-0.063	
16.23	0.502	-0.007	-0.062	
16.27	0.502	-0.013	0.025	
16.30	0.500	-0.005	0.087	
16.33	0.502	0.004	-0.123	
16.37	0.502	-0.018	-0.174	
16.40	0.500	-0.022	0.143	
16.43	0.500	-0.006	0.374	
16.47	0.499	0.016	0.260	
16.50	0.501	0.019	-0.068	
16.53	0.501	0.004	-0.213	
16.57	0.501	-0.002	-0.168	
16.60	0.501	-0.005	-0.163	
16.63	0.501	-0.010	-0.218	
16.67	0.501	-0.025	-0.126	
16.70	0.499	-0.025	0.143	
16.73	0.498	-0.009	0.264	
16.77	0.499	-0.002	0.223	
16.80	0.498	0.004	0.165	
16.83	0.499	0.015	-0.041	
16.87	0.500	0.002	-0.228	
16.90	0.499	-0.012	-0.107	
16.93	0.499	-0.007	0.078	
16.97	0.498	-0.000	0.104	
17.00	0.499	0.003	0.032	
17.03	0.499	0.001	-0.019	
17.07	0.499	-0.001	0.002	
17.10	0.498	0.000	0.060	
17.13	0.499	0.003	0.125	
17.17	0.499	0.007	0.201	
17.20	0.499	0.021	0.135	
17.23	0.500	0.022	-0.100	
17.27	0.501	0.009	-0.188	
17.30	0.501	0.004	-0.119	
17.33	0.501	0.003	-0.082	
17.37	0.501	0.001	-0.103	
17.40	0.501	-0.003	-0.136	
17.43	0.501	-0.014	0.003	
17.47	0.500	-0.009	0.283	
17.50	0.500	0.015	0.280	
17.53	0.501	0.021	-0.022	
17.57	0.502	0.007	-0.187	
17.60	0.501	0.000	-0.134	
17.63	0.501	-0.002	-0.045	
17.67	0.501	-0.001	-0.008	
17.70	0.501	-0.000	-0.044	
17.73	0.501	-0.002	-0.128	
17.77	0.501	-0.008	-0.215	
17.80	0.501	-0.022	-0.143	
17.83	0.500	-0.023	0.089	
17.87	0.499	-0.011	0.203	
17.90	0.499	-0.004	0.152	
17.93	0.499	-0.000	0.053	
17.97	0.499	-0.002	-0.007	
18.00	0.499	-0.004	0.034	
18.03	0.499	-0.001	0.096	
18.07	0.499	0.003	0.119	
18.10	0.499	0.016	-0.076	
18.13	0.501	-0.001	-0.268	
18.17	0.499	-0.017	-0.085	
18.20	0.499	-0.005	0.069	
18.23	0.499	-0.004	0.033	
18.27	0.498	-0.005	0.028	
18.30	0.498	-0.003	0.035	
18.33	0.498	-0.002	0.036	
18.37	0.498	-0.001	0.029	
18.40	0.498	-0.000	0.013	
18.43	0.498	0.000	0.004	
18.47	0.498	0.000	0.001	
18.50	0.498	0.000	0.003	
18.53	0.498	0.000	0.015	
18.57	0.498	0.000	0.062	
18.60	0.498	0.002	0.146	
18.63	0.498	0.009	0.222	
18.67	0.498	0.025	0.069	
18.70	0.500	0.020	-0.254	
18.73	0.500	0.001	-0.357	
18.77	0.500	-0.015	-0.115	
18.80	0.499	-0.012	0.271	
18.83	0.499	0.015	0.312	
18.87	0.500	0.021	0.006	
18.90	0.501	0.009	-0.147	
18.93	0.501	0.004	-0.107	
18.97	0.501	0.002	-0.053	
19.00	0.501	0.002	-0.028	
19.03	0.501	0.001	-0.016	
19.07	0.501	0.001	-0.002	
19.10	0.501	0.001	-0.013	
19.13	0.501	0.000	-0.051	
19.17	0.501	-0.001	-0.102	
19.20	0.501	-0.006	-0.133	
19.23	0.501	-0.017	0.017	
19.27	0.499	-0.012	0.320	
19.30	0.499	0.017	0.287	
19.33	0.501	0.018	-0.040	
19.37	0.501	0.006	-0.172	
19.40	0.501	0.001	-0.128	
19.43	0.501	-0.002	-0.060	
19.47	0.501	-0.002	-0.014	
19.50	0.501	-0.002	0.001	
19.53	0.501	-0.001	-0.016	
19.57	0.501	-0.003	-0.058	
19.60	0.501	-0.005	-0.083	
19.63	0.501	-0.008	-0.095	
19.67	0.501	-0.017	0.023	
19.70	0.499	-0.006	0.116	
19.73	0.500	0.003	-0.106	
19.77	0.500	-0.019	-0.175	
19.80	0.498	-0.022	0.101	
19.83	0.498	-0.007	0.258	
19.87	0.498	0.002	0.231	
19.90	0.498	0.015	0.012	
19.93	0.500	0.004	-0.228	
19.97	0.498	-0.014	-0.100	
20.00	0.498	-0.005	0.110	
20.03	0.498	-0.001	0.172	
20.07	0.498	0.005	0.230	
20.10	0.498	0.020	0.123	
20.13	0.500	0.020	-0.161	
20.17	0.500	0.003	-0.293	
20.20	0.500	-0.005	-0.247	
20.23	0.500	-0.018	-0.047	
20.27	0.498	-0.014	0.265	
20.30	0.498	0.013	0.218	
20.33	0.500	0.014	-0.153	
20.37	0.500	-0.011	-0.175	
20.40	0.498	-0.012	0.164	
20.43	0.499	0.014	0.171	
20.47	0.500	0.007	-0.024	
20.50	0.499	0.006	-0.073	
20.53	0.501	0.001	-0.056	
20.57	0.499	-0.006	0.157	
20.60	0.499	0.017	0.204	
20.63	0.501	0.020	-0.050	
20.67	0.501	0.008	-0.169	
20.70	0.501	0.002	-0.120	
20.73	0.501	0.000	-0.051	
20.77	0.501	0.000	-0.013	
20.80	0.501	0.000	-0.002	
20.83	0.501	0.000	-0.000	
20.87	0.501	0.000	0.000	
20.90	0.501	0.000	-0.000	
20.93	0.501	0.000	-0.002	
20.97	0.501	0.000	-0.012	
21.00	0.501	-0.000	-0.045	
21.03	0.501	-0.002	-0.083	
21.07	0.501	-0.006	-0.084	
21.10	0.501	-0.015	0.095	
21.13	0.499	0.002	0.220	
21.17	0.501	0.012	0.002	
21.20	0.501	-0.000	-0.168	
21.23	0.501	-0.006	-0.145	
21.27	0.501	-0.016	0.041	
21.30	0.499	-0.003	0.212	
21.33	0.500	0.010	0.072	
21.37	0.500	0.002	-0.072	
21.40	0.500	-0.001	-0.058	
21.43	0.500	-0.002	-0.028	
21.47	0.500	-0.001	-0.039	
21.50	0.500	-0.004	-0.077	
21.53	0.500	-0.007	-0.088	
21.57	0.500	-0.015	0.034	
21.60	0.498	-0.004	0.128	
21.63	0.500	0.006	-0.065	
21.67	0.500	-0.016	-0.066	
21.70	0.498	-0.012	0.226	
21.73	0.498	0.013	0.182	
21.77	0.500	0.013	-0.156	
21.80	0.500	-0.012	-0.150	
21.83	0.498	-0.010	0.165	
21.87	0.498	0.013	0.140	
21.90	0.500	0.012	-0.203	
21.93	0.500	-0.012	-0.258	
21.97	0.498	-0.018	0.049	
22.00	0.498	-0.004	0.258	
22.03	0.498	0.008	0.210	
22.07	0.499	0.018	-0.060	
22.10	0.500	-0.000	-0.213	
22.13	0.499	-0.012	0.047	
22.17	0.498	0.003	0.301	
22.20	0.499	0.021	0.204	
22.23	0.500	0.023	-0.078	
22.27	0.501	0.009	-0.206	
22.30	0.501	0.004	-0.160	
22.33	0.501	0.002	-0.143	
22.37	0.501	-0.012	0.005	
22.40	0.499	0.001	0.158	
22.43	0.501	0.013	-0.028	
22.47	0.501	-0.008	-0.065	
22.50	0.500	0.002	0.041	
22.53	0.501	0.009	-0.177	
22.57	0.502	-0.016	-0.217	
22.60	0.499	-0.018	0.073	
22.63	0.500	-0.005	0.234	
22.67	0.499	0.001	0.271	
22.70	0.500	0.017	0.148	
22.73	0.501	0.016	-0.109	
22.77	0.501	0.003	-0.191	
22.80	0.501	-0.001	-0.145	
22.83	0.501	-0.004	-0.142	
22.87	0.501	-0.008	-0.185	
22.90	0.501	-0.020	-0.120	
22.93	0.499	-0.022	0.097	
22.97	0.499	-0.009	0.184	
23.00	0.499	-0.004	0.115	
23.03	0.499	-0.003	0.080	
23.07	0.499	-0.001	0.108	
23.10	0.498	0.002	0.163	
23.13	0.498	0.016	0.036	
23.17	0.500	0.013	-0.261	
23.20	0.500	-0.015	-0.202	
23.23	0.498	-0.014	0.190	
23.27	0.498	0.013	0.208	
23.30	0.500	0.015	-0.166	
23.33	0.500	-0.010	-0.255	
23.37	0.499	-0.017	0.035	
23.40	0.498	-0.003	0.242	
23.43	0.498	0.014	0.106	
23.47	0.500	0.004	-0.050	
23.50	0.498	-0.006	0.162	
23.53	0.499	0.021	0.196	
23.57	0.501	0.022	-0.129	
23.60	0.501	0.006	-0.274	
23.63	0.501	-0.011	-0.046	
23.67	0.499	0.003	0.205	
23.70	0.501	0.018	0.072	
23.73	0.501	0.008	-0.092	
23.77	0.501	0.004	-0.077	
23.80	0.501	0.003	-0.039	
23.83	0.502	0.003	-0.009	
23.87	0.501	0.003	-0.001	
23.90	0.502	0.003	-0.000	
23.93	0.502	0.003	-0.000	
23.97	0.502	0.003	-0.002	
24.00	0.502	0.002	-0.001	
24.03	0.502	0.002	-0.001	
24.07	0.502	0.002	0.007	
24.10	0.502	0.004	-0.020	
24.13	0.502	0.001	-0.056	
24.17	0.502	-0.001	-0.062	
24.20	0.502	-0.002	-0.082	
24.23	0.502	-0.005	-0.103	
24.27	0.502	-0.016	0.038	
24.30	0.500	-0.003	0.180	
24.33	0.502	0.009	0.001	
24.37	0.502	-0.009	-0.067	
24.40	0.500	-0.002	0.012	
24.43	0.502	0.004	-0.176	
24.47	0.502	-0.019	-0.217	
24.50	0.500	-0.022	0.035	
24.53	0.500	-0.011	0.155	
24.57	0.499	-0.006	0.119	
24.60	0.500	-0.003	0.059	
24.63	0.499	-0.003	0.019	
24.67	0.499	-0.003	0.009	
24.70	0.499	-0.003	0.023	
24.73	0.499	-0.000	0.014	
24.77	0.499	-0.002	-0.007	
24.80	0.499	-0.002	-0.000	
24.83	0.499	-0.001	-0.006	
24.87	0.499	-0.002	-0.011	
24.90	0.499	-0.002	-0.003	
24.93	0.499	-0.002	0.008	
24.97	0.499	-0.002	0.021	
25.00	0.499	-0.001	0.022	
25.03	0.499	-0.000	0.011	
25.07	0.499	0.000	0.004	
25.10	0.499	0.000	0.001	
25.13	0.499	0.000	0.003	
25.17	0.499	0.000	0.015	
25.20	0.499	0.000	0.064	
25.23	0.499	0.003	0.149	
25.27	0.499	0.010	0.205	
25.30	0.499	0.025	0.015	
25.33	0.501	0.017	-0.315	
25.37	0.501	-0.011	-0.223	
25.40	0.499	-0.011	0.221	
25.43	0.499	0.018	0.298	
25.47	0.501	0.023	-0.018	
25.50	0.501	0.009	-0.180	
25.53	0.502	0.004	-0.138	
25.57	0.501	0.001	-0.069	
25.60	0.502	0.000	-0.023	
25.63	0.501	0.000	-0.015	
25.67	0.502	0.000	-0.045	
25.70	0.501	-0.002	-0.115	
25.73	0.502	-0.006	-0.193	
25.77	0.501	-0.020	-0.103	
25.80	0.500	-0.020	0.171	
25.83	0.500	-0.003	0.304	
25.87	0.500	0.005	0.266	
25.90	0.500	0.018	0.096	
25.93	0.502	0.018	-0.207	
25.97	0.502	-0.009	-0.155	
26.00	0.500	-0.001	0.101	
26.03	0.502	0.012	0.024	
26.07	0.501	0.002	-0.094	
26.10	0.501	-0.001	-0.075	
26.13	0.501	-0.003	-0.049	
26.17	0.501	-0.003	-0.063	
26.20	0.501	-0.005	-0.135	
26.23	0.501	-0.011	-0.209	
26.27	0.501	-0.025	-0.108	
26.30	0.499	-0.024	0.138	
26.33	0.499	-0.009	0.213	
26.37	0.499	-0.004	0.132	
26.40	0.498	-0.002	0.074	
26.43	0.499	-0.000	0.046	
26.47	0.498	0.001	0.033	
26.50	0.499	0.003	0.000	
26.53	0.499	0.001	-0.031	
26.57	0.499	-0.000	-0.032	
26.60	0.499	-0.002	-0.018	
26.63	0.498	-0.002	0.009	
26.67	0.499	-0.001	0.019	
26.70	0.498	-0.000	0.021	
26.73	0.499	0.000	0.057	
26.77	0.498	0.002	0.137	
26.80	0.499	0.007	0.233	
26.83	0.498	0.024	0.133	
26.87	0.501	0.024	-0.180	
26.90	0.501	0.006	-0.333	
26.93	0.501	-0.004	-0.293	
26.97	0.501	-0.018	-0.091	
27.00	0.499	-0.015	0.237	
27.03	0.499	0.004	0.375	
27.07	0.499	0.020	0.217	
27.10	0.501	0.022	-0.065	
27.13	0.501	0.011	-0.206	
27.17	0.501	0.003	-0.191	
27.20	0.501	-0.001	-0.172	
27.23	0.501	-0.006	-0.169	
27.27	0.501	-0.019	-0.000	
27.30	0.500	-0.014	0.327	
27.33	0.499	0.016	0.316	
27.37	0.502	0.019	-0.018	
27.40	0.501	0.006	-0.168	
27.43	0.502	0.001	-0.121	
27.47	0.501	-0.001	-0.048	
27.50	0.501	-0.001	-0.010	
27.53	0.501	-0.001	-0.016	
27.57	0.501	-0.002	-0.017	
27.60	0.501	-0.002	-0.004	
27.63	0.501	-0.002	0.010	
27.67	0.501	-0.002	0.021	
27.70	0.501	0.000	-0.002	
27.73	0.501	-0.002	-0.032	
27.77	0.501	-0.002	-0.062	
27.80	0.501	-0.004	-0.129	
27.83	0.501	-0.009	-0.209	
27.87	0.501	-0.024	-0.110	
27.90	0.499	-0.023	0.178	
27.93	0.499	-0.007	0.328	
27.97	0.498	0.003	0.327	
28.00	0.499	0.019	0.159	
28.03	0.500	0.018	-0.157	
28.07	0.500	0.003	-0.298	
28.10	0.500	-0.006	-0.268	
28.13	0.500	-0.021	-0.049	
28.17	0.498	-0.016	0.323	
28.20	0.498	0.014	0.335	
28.23	0.500	0.019	0.009	
28.27	0.500	0.007	-0.163	
28.30	0.500	0.001	-0.143	
28.33	0.500	-0.000	-0.126	
28.37	0.500	-0.013	0.020	
28.40	0.498	-0.000	0.178	
28.43	0.500	0.013	0.008	
28.47	0.500	-0.007	-0.009	
28.50	0.499	0.004	0.157	
28.53	0.501	0.016	0.030	
28.57	0.501	0.006	-0.091	
28.60	0.501	0.004	-0.062	
28.63	0.501	0.002	-0.032	
28.67	0.501	0.002	-0.015	
28.70	0.501	0.002	-0.019	
28.73	0.501	0.001	-0.010	
28.77	0.501	0.001	0.012	
28.80	0.501	0.002	0.024	
28.83	0.501	0.003	0.021	
28.87	0.501	0.003	0.014	
28.90	0.501	0.005	-0.021	
28.93	0.502	0.001	-0.044	
28.97	0.501	0.000	-0.026	
29.00	0.502	0.000	-0.012	
29.03	0.501	0.000	-0.007	
29.07	0.502	-0.000	-0.015	
29.10	0.501	-0.001	-0.029	
29.13	0.502	-0.002	-0.034	
29.17	0.501	-0.004	-0.015	
29.20	0.501	-0.003	-0.000	
29.23	0.501	-0.003	-0.005	
29.27	0.501	-0.004	0.003	
29.30	0.501	-0.003	0.010	
29.33	0.501	-0.003	-0.002	
29.37	0.501	-0.003	-0.040	
29.40	0.501	-0.004	-0.109	
29.43	0.500	-0.009	-0.178	
29.47	0.501	-0.022	-0.079	
29.50	0.498	-0.020	0.185	
29.53	0.499	-0.002	0.258	
29.57	0.499	0.000	0.206	
29.60	0.498	0.013	0.083	
29.63	0.500	0.012	-0.170	
29.67	0.500	-0.011	-0.096	
29.70	0.498	-0.001	0.140	
29.73	0.500	0.012	0.047	
29.77	0.500	0.004	-0.111	
29.80	0.500	-0.001	-0.140	
29.83	0.500	-0.006	-0.114	
29.87	0.500	-0.014	0.062	
29.90	0.498	-0.000	0.183	
29.93	0.500	0.010	-0.001	
29.97	0.500	-0.007	-0.033	
30.00	0.498	0.002	0.093	
30.03	0.500	0.010	-0.040	
30.07	0.500	-0.008	-0.011	
30.10	0.498	0.005	0.119	
30.13	0.500	0.013	-0.047	
30.17	0.500	-0.005	-0.040	
30.20	0.499	0.004	0.121	
30.23	0.500	0.014	0.024	
30.27	0.501	0.005	-0.072	
30.30	0.500	0.003	-0.048	
30.33	0.501	0.002	-0.022	
30.37	0.501	0.003	-0.003	
30.40	0.501	0.003	-0.001	
30.43	0.501	0.003	-0.004	
30.47	0.501	0.002	-0.011	
30.50	0.501	0.002	-0.023	
30.53	0.501	0.001	-0.025	
30.57	0.501	0.000	-0.018	
30.60	0.501	-0.000	-0.014	
30.63	0.501	-0.001	0.005	
30.67	0.501	-0.000	0.021	
30.70	0.501	0.001	0.018	
30.73	0.501	0.002	-0.019	
30.77	0.501	-0.001	-0.043	
30.80	0.501	-0.002	-0.025	
30.83	0.501	-0.003	-0.010	
30.87	0.501	-0.003	0.001	
30.90	0.501	-0.002	0.005	
30.93	0.501	-0.002	0.003	
30.97	0.501	-0.001	-0.036	
31.00	0.501	-0.004	-0.085	
31.03	0.501	-0.007	-0.097	
31.07	0.500	-0.017	0.064	
31.10	0.499	-0.004	0.234	
31.13	0.500	0.011	0.082	
31.17	0.500	0.002	-0.085	
31.20	0.500	-0.002	-0.060	
31.23	0.500	-0.003	-0.005	
31.27	0.500	-0.002	0.032	
31.30	0.500	0.001	0.024	
31.33	0.500	0.000	0.001	
31.37	0.500	0.000	-0.003	
31.40	0.500	0.000	-0.002	
31.43	0.500	0.000	0.000	
31.47	0.500	0.000	0.003	
31.50	0.500	0.000	0.007	
31.53	0.500	0.000	0.012	
31.57	0.500	0.001	0.002	
31.60	0.500	0.001	-0.013	
31.63	0.500	0.001	-0.040	
31.67	0.500	-0.000	-0.112	
31.70	0.500	-0.006	-0.187	
31.73	0.500	-0.020	-0.061	
31.77	0.498	-0.016	0.226	
31.80	0.498	0.002	0.330	
31.83	0.498	0.017	0.140	
31.87	0.500	0.008	0.009	
31.90	0.498	0.009	0.073	
31.93	0.501	0.021	-0.037	
31.97	0.501	0.007	-0.141	
32.00	0.501	0.004	-0.085	
32.03	0.501	0.004	-0.090	
32.07	0.501	0.001	-0.140	
32.10	0.501	-0.005	-0.169	
32.13	0.501	-0.018	0.008	
32.17	0.499	-0.012	0.328	
32.20	0.499	0.018	0.261	
32.23	0.501	0.019	-0.167	
32.27	0.501	-0.001	-0.392	
32.30	0.501	-0.021	-0.228	
32.33	0.499	-0.021	0.116	
32.37	0.499	-0.006	0.273	
32.40	0.499	0.003	0.214	
32.43	0.499	0.015	-0.041	
32.47	0.501	-0.001	-0.249	
32.50	0.499	-0.015	-0.098	
32.53	0.499	-0.007	0.056	
32.57	0.499	-0.004	0.047	
32.60	0.499	-0.004	0.021	
32.63	0.499	-0.004	0.001	
32.67	0.499	-0.005	0.004	
32.70	0.498	-0.005	0.056	
32.73	0.499	-0.002	0.134	
32.77	0.498	0.003	0.227	
32.80	0.498	0.019	0.148	
32.83	0.500	0.020	-0.115	
32.87	0.500	0.005	-0.201	
32.90	0.500	0.001	-0.121	
32.93	0.500	-0.002	-0.047	
32.97	0.500	-0.002	0.012	
33.00	0.500	-0.000	0.033	
33.03	0.500	0.001	0.037	
33.07	0.500	0.003	0.018	
33.10	0.500	0.002	0.004	
33.13	0.500	0.003	0.008	
33.17	0.500	0.003	-0.014	
33.20	0.500	0.001	-0.022	
33.23	0.500	0.001	-0.002	
33.27	0.500	0.002	0.007	
33.30	0.500	0.001	0.011	
33.33	0.500	0.003	-0.010	
33.37	0.501	0.003	-0.086	
33.40	0.501	-0.002	-0.157	
33.43	0.501	-0.016	-0.017	
33.47	0.499	-0.011	0.287	
33.50	0.499	0.017	0.216	
33.53	0.501	0.018	-0.220	
33.57	0.502	-0.011	-0.311	
33.60	0.499	-0.017	0.003	
33.63	0.500	-0.004	0.178	
33.67	0.500	0.002	0.169	
33.70	0.500	0.007	0.137	
33.73	0.500	0.008	0.126	
33.77	0.500	0.021	-0.030	
33.80	0.502	0.014	-0.350	
33.83	0.502	-0.016	-0.297	
33.87	0.500	-0.019	0.116	
33.90	0.500	-0.001	0.338	
33.93	0.500	0.018	0.133	
33.97	0.502	0.015	-0.282	
34.00	0.502	-0.015	-0.288	
34.03	0.500	-0.019	0.119	
34.07	0.500	-0.001	0.351	
34.10	0.500	0.019	0.175	
34.13	0.502	0.018	-0.219	
34.17	0.502	-0.003	-0.419	
34.20	0.502	-0.023	-0.241	
34.23	0.499	-0.024	0.103	
34.27	0.499	-0.007	0.207	
34.30	0.500	-0.003	0.107	
34.33	0.499	-0.002	0.044	
34.37	0.499	-0.002	0.018	
34.40	0.499	-0.001	0.004	
34.43	0.499	-0.001	-0.023	
34.47	0.499	-0.003	-0.020	
34.50	0.499	-0.003	0.003	
34.53	0.499	-0.003	0.041	
34.57	0.499	-0.002	0.127	
34.60	0.499	0.004	0.217	
34.63	0.499	0.020	0.090	
34.67	0.500	0.018	-0.242	
34.70	0.501	-0.003	-0.381	
34.73	0.500	-0.021	-0.125	
34.77	0.498	-0.018	0.310	
34.80	0.498	0.013	0.360	
34.83	0.500	0.020	0.001	
34.87	0.500	0.007	-0.215	
34.90	0.500	0.001	-0.242	
34.93	0.501	-0.015	-0.075	
34.97	0.499	-0.013	0.282	
35.00	0.499	0.015	0.320	
35.03	0.501	0.022	-0.001	
35.07	0.501	0.009	-0.173	
35.10	0.501	0.002	-0.121	
35.13	0.501	0.001	-0.039	
35.17	0.501	0.002	-0.002	
35.20	0.501	0.002	-0.009	
35.23	0.501	0.001	-0.007	
35.27	0.501	0.001	0.012	
35.30	0.501	0.002	0.016	
35.33	0.501	0.002	-0.000	
35.37	0.501	0.002	-0.036	
35.40	0.501	0.001	-0.078	
35.43	0.501	-0.003	-0.084	
35.47	0.501	-0.011	0.063	
35.50	0.500	0.001	0.201	
35.53	0.501	0.014	0.041	
35.57	0.502	0.003	-0.111	
35.60	0.501	-0.001	-0.083	
35.63	0.501	-0.003	-0.040	
35.67	0.501	-0.003	-0.009	
35.70	0.501	-0.003	-0.001	
35.73	0.501	-0.003	0.003	
35.77	0.501	-0.002	0.006	
35.80	0.501	-0.002	0.003	
35.83	0.501	-0.001	-0.037	
35.87	0.501	-0.003	-0.103	
35.90	0.501	-0.008	-0.143	
35.93	0.501	-0.019	-0.023	
35.97	0.499	-0.016	0.244	
36.00	0.499	0.009	0.209	
36.03	0.501	0.010	-0.130	
36.07	0.500	-0.013	-0.146	
36.10	0.499	-0.011	0.110	
36.13	0.499	0.008	0.033	
36.17	0.500	-0.003	-0.172	
36.20	0.499	-0.017	-0.055	
36.23	0.498	-0.007	0.091	
36.27	0.499	-0.004	0.092	
36.30	0.498	-0.002	0.105	
36.33	0.498	0.001	0.148	
36.37	0.498	0.007	0.194	
36.40	0.498	0.021	0.066	
36.43	0.500	0.018	-0.209	
36.47	0.500	-0.007	-0.156	
36.50	0.498	0.002	0.026	
36.53	0.501	0.011	-0.146	
36.57	0.500	-0.012	-0.200	
36.60	0.499	-0.016	0.080	
36.63	0.499	-0.003	0.277	
36.67	0.499	0.009	0.263	
36.70	0.499	0.021	0.067	
36.73	0.501	0.018	-0.208	
36.77	0.501	-0.007	-0.121	
36.80	0.499	0.003	0.144	
36.83	0.501	0.017	0.045	
36.87	0.501	0.007	-0.104	
36.90	0.501	0.003	-0.079	
36.93	0.501	0.002	-0.038	
36.97	0.502	0.002	-0.023	
37.00	0.501	0.001	-0.020	
37.03	0.502	0.000	-0.011	
37.07	0.501	0.000	-0.008	
37.10	0.502	-0.000	-0.010	
37.13	0.501	-0.001	-0.011	
37.17	0.502	-0.002	0.003	
37.20	0.501	-0.001	0.032	
37.23	0.501	0.002	0.014	
37.27	0.502	0.001	-0.023	
37.30	0.501	-0.000	-0.034	
37.33	0.502	-0.002	-0.036	
37.37	0.501	-0.002	-0.048	
37.40	0.501	-0.004	-0.077	
37.43	0.501	-0.007	-0.093	
37.47	0.501	-0.017	0.033	
37.50	0.499	-0.004	0.131	
37.53	0.501	0.005	-0.073	
37.57	0.501	-0.017	-0.075	
37.60	0.499	-0.013	0.236	
37.63	0.499	0.011	0.235	
37.67	0.501	0.012	-0.022	
37.70	0.500	0.002	-0.125	
37.73	0.500	-0.001	-0.081	
37.77	0.500	-0.002	-0.040	
37.80	0.500	-0.002	-0.043	
37.83	0.500	-0.004	-0.058	
37.87	0.500	-0.011	0.051	
37.90	0.499	-0.001	0.157	
37.93	0.500	0.010	-0.003	
37.97	0.500	-0.008	-0.006	
38.00	0.499	0.003	0.148	
38.03	0.501	0.013	0.032	
38.07	0.500	0.005	-0.078	
38.10	0.501	0.003	-0.065	
38.13	0.500	0.001	-0.033	
38.17	0.501	0.001	0.005	
38.20	0.500	0.002	0.011	
38.23	0.501	0.002	0.003	
38.27	0.501	0.001	0.011	
38.30	0.501	0.003	0.024	
38.33	0.501	0.004	0.013	
38.37	0.501	0.003	0.003	
38.40	0.501	0.003	0.008	
38.43	0.501	0.005	-0.015	
38.47	0.501	0.002	-0.027	
38.50	0.501	0.002	-0.015	
38.53	0.502	0.002	-0.022	
38.57	0.501	0.001	-0.020	
38.60	0.502	0.000	-0.011	
38.63	0.501	0.000	-0.004	
38.67	0.502	0.000	-0.001	
38.70	0.501	0.000	-0.000	
38.73	0.502	0.000	-0.001	
38.77	0.501	0.000	-0.004	
38.80	0.502	-0.000	-0.011	
38.83	0.501	-0.001	-0.019	
38.87	0.502	-0.002	-0.015	
38.90	0.501	-0.002	-0.000	
38.93	0.501	-0.001	-0.003	
38.97	0.501	-0.002	-0.005	
39.00	0.501	-0.002	0.007	
39.03	0.501	-0.002	0.018	
39.07	0.501	0.000	-0.002	
39.10	0.501	-0.002	-0.027	
39.13	0.501	-0.002	-0.033	
39.17	0.501	-0.003	-0.060	
39.20	0.501	-0.006	-0.083	
39.23	0.501	-0.009	-0.071	
39.27	0.500	-0.017	0.101	
39.30	0.499	-0.003	0.258	
39.33	0.500	0.012	0.092	
39.37	0.500	0.004	-0.115	
39.40	0.500	-0.001	-0.193	
39.43	0.500	-0.008	-0.240	
39.47	0.500	-0.022	-0.116	
39.50	0.498	-0.021	0.133	
39.53	0.498	-0.007	0.204	
39.57	0.498	-0.002	0.116	
39.60	0.498	-0.001	0.056	
39.63	0.498	0.001	0.020	
39.67	0.498	0.000	-0.002	
39.70	0.498	0.000	0.000	
39.73	0.498	0.000	0.008	
39.77	0.498	0.001	0.018	
39.80	0.498	0.002	0.016	
39.83	0.498	0.002	0.009	
39.87	0.499	0.001	0.030	
39.90	0.498	0.003	0.082	
39.93	0.499	0.007	0.126	
39.97	0.499	0.011	0.168	
40.00	0.499	0.022	0.091	
40.03	0.501	0.023	-0.133	
40.07	0.501	0.008	-0.217	
40.10	0.501	0.002	-0.134	
40.13	0.501	0.000	-0.050	
40.17	0.501	0.000	0.003	
40.20	0.501	0.001	0.027	
40.23	0.501	0.003	0.025	
40.27	0.501	0.004	-0.022	
40.30	0.501	0.000	-0.040	
40.33	0.501	0.000	-0.015	
40.37	0.501	-0.000	-0.007	
40.40	0.501	-0.000	-0.006	
40.43	0.501	-0.000	-0.011	
40.47	0.501	-0.001	-0.004	
40.50	0.501	-0.001	-0.001	
40.53	0.501	-0.001	-0.016	
40.57	0.501	-0.002	-0.023	
40.60	0.501	-0.003	-0.021	
40.63	0.501	-0.003	-0.022	
40.67	0.501	-0.004	-0.011	
40.70	0.501	-0.004	0.012	
40.73	0.500	-0.003	0.024	
40.77	0.501	-0.002	0.022	
40.80	0.500	-0.002	0.018	
40.83	0.500	-0.000	-0.015	
40.87	0.500	-0.003	-0.054	
40.90	0.500	-0.004	-0.089	
40.93	0.500	-0.007	-0.142	
40.97	0.500	-0.019	-0.034	
41.00	0.498	-0.016	0.235	
41.03	0.498	0.008	0.222	
41.07	0.500	0.004	0.061	
41.10	0.498	0.004	0.071	
41.13	0.500	0.012	-0.013	
41.17	0.500	0.004	-0.098	
41.20	0.500	0.001	-0.071	
41.23	0.500	0.000	-0.073	
41.27	0.500	-0.002	-0.115	
41.30	0.500	-0.006	-0.178	
41.33	0.500	-0.019	-0.075	
41.37	0.498	-0.017	0.178	
41.40	0.498	0.000	0.235	
41.43	0.499	0.003	0.143	
41.47	0.498	0.006	0.102	
41.50	0.499	0.015	-0.062	
41.53	0.500	0.003	-0.231	
41.57	0.499	-0.012	-0.092	
41.60	0.499	-0.004	0.104	
41.63	0.499	0.000	0.172	
41.67	0.499	0.007	0.205	
41.70	0.499	0.020	0.058	
41.73	0.501	0.016	-0.209	
41.77	0.501	-0.007	-0.144	
41.80	0.499	0.002	0.061	
41.83	0.501	0.011	-0.057	
41.87	0.501	-0.009	-0.024	
41.90	0.499	0.002	0.166	
41.93	0.501	0.015	0.042	
41.97	0.501	0.005	-0.092	
42.00	0.501	0.002	-0.051	
42.03	0.501	0.004	-0.040	
42.07	0.501	0.001	-0.059	
42.10	0.501	-0.002	-0.050	
42.13	0.501	-0.003	-0.040	
42.17	0.501	-0.004	-0.045	
42.20	0.501	-0.005	-0.069	
42.23	0.501	-0.008	-0.089	
42.27	0.501	-0.018	0.059	
42.30	0.498	-0.004	0.194	
42.33	0.500	0.009	-0.026	
42.37	0.500	-0.011	-0.140	
42.40	0.499	-0.007	-0.076	
42.43	0.500	-0.011	-0.083	
42.47	0.498	-0.019	0.063	
42.50	0.498	-0.006	0.159	
42.53	0.498	-0.002	0.098	
42.57	0.498	-0.001	0.063	
42.60	0.498	0.002	0.049	
42.63	0.498	0.001	0.094	
42.67	0.498	0.005	0.198	
42.70	0.498	0.021	0.112	
42.73	0.500	0.019	-0.140	
42.77	0.500	0.005	-0.231	
42.80	0.500	-0.000	-0.205	
42.83	0.500	-0.006	-0.214	
42.87	0.500	-0.019	-0.114	
42.90	0.498	-0.019	0.109	
42.93	0.498	-0.006	0.185	
42.97	0.498	-0.001	0.122	
43.00	0.498	0.001	0.082	
43.03	0.498	0.003	0.087	
43.07	0.498	0.006	0.101	
43.10	0.499	0.010	0.088	
43.13	0.499	0.019	-0.089	
43.17	0.501	0.003	-0.245	
43.20	0.499	-0.011	-0.069	
43.23	0.499	0.001	0.074	
43.27	0.499	0.002	0.038	
43.30	0.499	0.002	0.004	
43.33	0.499	0.001	-0.004	
43.37	0.499	0.001	0.030	
43.40	0.499	0.003	0.079	
43.43	0.499	0.006	0.128	
43.47	0.500	0.010	0.169	
43.50	0.500	0.022	0.059	
43.53	0.502	0.019	-0.171	
43.57	0.501	0.004	-0.223	
43.60	0.502	-0.000	-0.151	
43.63	0.501	-0.002	-0.151	
43.67	0.502	-0.007	-0.217	
43.70	0.501	-0.022	-0.133	
43.73	0.500	-0.023	0.116	
43.77	0.499	-0.008	0.199	
43.80	0.499	-0.002	0.092	
43.83	0.499	-0.005	0.035	
43.87	0.499	-0.004	0.086	
43.90	0.499	0.001	0.154	
43.93	0.499	0.007	0.195	
43.97	0.499	0.019	0.091	
44.00	0.501	0.017	-0.130	
44.03	0.501	0.005	-0.210	
44.07	0.501	-0.001	-0.173	
44.10	0.501	-0.005	-0.158	
44.13	0.500	-0.009	-0.192	
44.17	0.500	-0.022	-0.124	
44.20	0.498	-0.023	0.096	
44.23	0.498	-0.011	0.191	
44.27	0.498	-0.006	0.160	
44.30	0.498	-0.002	0.158	
44.33	0.498	0.003	0.187	
44.37	0.498	0.011	0.207	
44.40	0.498	0.021	0.110	
44.43	0.500	0.023	-0.110	
44.47	0.500	0.009	-0.209	
44.50	0.500	0.003	-0.140	
44.53	0.500	0.001	-0.079	
44.57	0.500	0.000	-0.076	
44.60	0.501	-0.003	-0.092	
44.63	0.500	-0.013	0.072	
44.67	0.499	0.001	0.250	
44.70	0.500	0.016	0.097	
44.73	0.501	0.007	-0.073	
44.77	0.501	0.004	-0.073	
44.80	0.501	0.003	-0.073	
44.83	0.501	0.001	-0.116	
44.87	0.501	-0.002	-0.208	
44.90	0.501	-0.018	-0.139	
44.93	0.499	-0.019	0.128	
44.97	0.499	-0.005	0.278	
45.00	0.499	0.005	0.255	
45.03	0.500	0.011	0.220	
45.07	0.500	0.023	0.085	
45.10	0.502	0.021	-0.154	
45.13	0.502	0.006	-0.219	
45.17	0.502	0.001	-0.138	
45.20	0.502	-0.001	-0.098	
45.23	0.502	-0.003	-0.098	
45.27	0.501	-0.006	-0.121	
45.30	0.502	-0.016	-0.048	
45.33	0.500	-0.008	0.009	
45.37	0.501	-0.010	-0.042	
45.40	0.499	-0.019	0.098	
45.43	0.499	-0.005	0.275	
45.47	0.499	0.004	0.316	
45.50	0.499	0.021	0.190	
45.53	0.501	0.023	-0.093	
45.57	0.501	0.009	-0.222	
45.60	0.501	0.001	-0.155	
45.63	0.501	-0.001	-0.074	
45.67	0.501	-0.002	-0.037	
45.70	0.501	-0.003	-0.030	
45.73	0.501	-0.003	-0.060	
45.77	0.501	-0.006	-0.104	
45.80	0.501	-0.010	-0.117	
45.83	0.501	-0.020	0.037	
45.87	0.499	-0.014	0.321	
45.90	0.499	0.013	0.304	
45.93	0.501	0.017	0.001	
45.97	0.501	0.006	-0.139	
46.00	0.501	0.001	-0.097	
46.03	0.501	0.000	-0.042	
46.07	0.501	-0.000	-0.013	
46.10	0.501	-0.000	-0.002	
46.13	0.501	-0.001	0.021	
46.17	0.500	0.001	0.043	
46.20	0.501	0.004	0.008	
46.23	0.501	0.001	-0.025	
46.27	0.501	0.001	-0.009	
46.30	0.501	0.001	0.012	
46.33	0.501	0.002	0.020	
46.37	0.501	0.002	0.011	
46.40	0.501	0.003	0.004	
46.43	0.501	0.003	0.001	
46.47	0.501	0.003	-0.001	
46.50	0.501	0.003	-0.004	
46.53	0.501	0.002	-0.011	
46.57	0.502	0.002	-0.022	
46.60	0.501	0.001	-0.021	
46.63	0.502	0.000	-0.006	
46.67	0.501	0.000	0.013	
46.70	0.502	0.001	0.031	
46.73	0.501	0.003	0.032	
46.77	0.502	0.005	-0.011	
46.80	0.502	0.001	-0.040	
46.83	0.502	0.000	-0.025	
46.87	0.502	0.000	-0.012	
46.90	0.502	0.000	-0.006	
46.93	0.502	-0.000	-0.012	
46.97	0.502	-0.001	-0.022	
47.00	0.502	-0.002	-0.022	
47.03	0.502	-0.002	-0.011	
47.07	0.502	-0.003	-0.004	
47.10	0.501	-0.003	-0.003	
47.13	0.502	-0.003	-0.013	
47.17	0.501	-0.003	-0.050	
47.20	0.501	-0.005	-0.118	
47.23	0.501	-0.010	-0.157	
47.27	0.501	-0.022	-0.005	
47.30	0.499	-0.017	0.291	
47.33	0.499	0.009	0.273	
47.37	0.501	0.013	-0.063	
47.40	0.501	-0.006	-0.134	
47.43	0.499	-0.003	0.001	
47.47	0.501	-0.003	0.073	
47.50	0.499	0.002	0.103	
47.53	0.501	0.013	-0.108	
47.57	0.501	-0.004	-0.324	
47.60	0.500	-0.021	-0.201	
47.63	0.499	-0.023	0.087	
47.67	0.498	-0.008	0.202	
47.70	0.499	-0.003	0.123	
47.73	0.498	-0.002	0.059	
47.77	0.498	-0.001	0.049	
47.80	0.498	0.002	0.039	
47.83	0.499	0.003	-0.005	
47.87	0.499	0.001	-0.019	
47.90	0.499	-0.001	0.047	
47.93	0.498	0.002	0.155	
47.97	0.499	0.010	0.232	
48.00	0.499	0.024	0.128	
48.03	0.501	0.024	-0.141	
48.07	0.501	0.009	-0.268	
48.10	0.501	0.001	-0.215	
48.13	0.501	-0.005	-0.138	
48.17	0.501	-0.014	0.075	
48.20	0.499	0.001	0.254	
48.23	0.501	0.016	0.089	
48.27	0.501	0.007	-0.093	
48.30	0.501	0.002	-0.088	
48.33	0.501	0.000	-0.043	
48.37	0.501	0.000	-0.004	
48.40	0.501	0.000	0.011	
48.43	0.501	0.001	0.009	
48.47	0.501	0.001	0.007	
48.50	0.501	0.001	0.018	
48.53	0.501	0.004	-0.015	
48.57	0.501	-0.000	-0.037	
48.60	0.501	-0.000	-0.023	
48.63	0.501	-0.001	-0.033	
48.67	0.501	-0.002	-0.057	
48.70	0.501	-0.004	-0.089	
48.73	0.501	-0.007	-0.125	
48.77	0.501	-0.018	-0.025	
48.80	0.499	-0.008	0.056	
48.83	0.501	-0.006	-0.055	
48.87	0.499	-0.018	-0.007	
48.90	0.499	-0.010	0.113	
48.93	0.499	-0.005	0.095	
48.97	0.499	-0.003	0.050	
49.00	0.498	-0.003	0.015	
49.03	0.499	-0.003	0.006	
49.07	0.498	-0.003	0.020	
49.10	0.498	-0.002	0.069	
49.13	0.498	0.000	0.149	
49.17	0.498	0.009	0.171	
49.20	0.498	0.019	-0.017	
49.23	0.500	0.014	-0.345	
49.27	0.500	-0.016	-0.333	
49.30	0.498	-0.021	0.017	
49.33	0.498	-0.007	0.181	
49.37	0.498	-0.001	0.131	
49.40	0.498	0.002	0.052	
49.43	0.498	0.001	-0.008	
49.47	0.498	-0.001	-0.009	
49.50	0.498	0.000	0.012	
49.53	0.498	0.001	0.006	
49.57	0.498	0.001	-0.001	
49.60	0.498	0.001	0.006	
49.63	0.498	0.001	0.008	
49.67	0.499	0.001	0.020	
49.70	0.498	0.001	0.074	
49.73	0.499	0.006	0.123	
49.77	0.499	0.008	0.187	
49.80	0.499	0.023	0.119	
49.83	0.501	0.023	-0.126	
49.87	0.501	0.009	-0.232	
49.90	0.501	0.003	-0.190	
49.93	0.501	-0.002	-0.138	
49.97	0.501	-0.012	0.047	
50.00	0.499	0.001	0.215	
50.03	0.501	0.014	0.067	
50.07	0.501	0.005	-0.087	
50.10	0.501	0.002	-0.072	
50.13	0.501	0.000	-0.040	
50.17	0.501	-0.000	-0.018	
50.20	0.501	-0.001	-0.019	
50.23	0.501	-0.002	-0.010	
50.27	0.501	-0.002	0.013	
50.30	0.501	-0.000	0.022	
50.33	0.501	0.000	0.013	
50.37	0.501	0.001	-0.011	
50.40	0.501	-0.001	-0.021	
50.43	0.501	-0.001	-0.018	
50.47	0.501	-0.002	-0.018	
50.50	0.501	-0.002	-0.007	
50.53	0.501	-0.002	-0.005	
50.57	0.500	-0.002	-0.030	
50.60	0.501	-0.003	-0.087	
50.63	0.500	-0.007	-0.147	
50.67	0.500	-0.020	-0.034	
50.70	0.498	-0.009	0.095	
50.73	0.500	-0.007	0.084	
50.77	0.498	-0.011	0.222	
50.80	0.498	0.013	0.192	
50.83	0.500	0.014	-0.120	
50.87	0.500	-0.009	-0.097	
50.90	0.498	0.001	0.089	
50.93	0.500	0.013	-0.092	
50.97	0.500	-0.011	-0.150	
51.00	0.498	-0.004	-0.030	
51.03	0.500	-0.005	-0.076	
51.07	0.498	-0.015	0.022	
51.10	0.498	-0.004	0.119	
51.13	0.498	-0.001	0.059	
51.17	0.499	-0.001	0.016	
51.20	0.498	-0.002	0.025	
51.23	0.498	-0.000	0.072	
51.27	0.498	0.002	0.147	
51.30	0.498	0.008	0.224	
51.33	0.498	0.023	0.132	
51.37	0.500	0.023	-0.114	
51.40	0.500	0.009	-0.192	
51.43	0.501	0.004	-0.114	
51.47	0.500	0.003	-0.077	
51.50	0.501	0.003	-0.134	
51.53	0.501	-0.005	-0.189	
51.57	0.501	-0.018	-0.015	
51.60	0.499	-0.012	0.310	
51.63	0.499	0.016	0.292	
51.67	0.501	0.018	-0.026	
51.70	0.501	0.006	-0.160	
51.73	0.501	0.001	-0.114	
51.77	0.501	-0.001	-0.041	
51.80	0.501	-0.000	0.001	
51.83	0.501	-0.000	0.002	
51.87	0.501	-0.000	-0.007	
51.90	0.501	-0.001	-0.019	
51.93	0.501	-0.002	-0.019	
51.97	0.501	-0.002	-0.028	
52.00	0.501	-0.002	-0.063	
52.03	0.501	-0.005	-0.092	
52.07	0.501	-0.016	0.045	
52.10	0.499	-0.003	0.181	
52.13	0.501	0.011	-0.053	
52.17	0.501	-0.012	-0.152	
52.20	0.499	-0.007	-0.050	
52.23	0.501	-0.009	-0.078	
52.27	0.498	-0.018	0.046	
52.30	0.499	-0.006	0.166	
52.33	0.498	-0.001	0.136	
52.37	0.499	0.002	0.103	
52.40	0.498	0.005	0.081	
52.43	0.499	0.013	-0.065	
52.47	0.500	-0.001	-0.162	
52.50	0.498	-0.010	0.038	
52.53	0.498	0.010	0.034	
52.57	0.500	0.001	-0.173	
52.60	0.499	-0.014	-0.075	
52.63	0.498	-0.007	0.098	
52.67	0.498	-0.001	0.120	
52.70	0.498	0.004	0.052	
52.73	0.499	0.001	-0.010	
52.77	0.498	0.001	0.003	
52.80	0.499	0.001	0.043	
52.83	0.499	0.002	0.124	
52.87	0.499	0.008	0.230	
52.90	0.499	0.024	0.148	
52.93	0.501	0.025	-0.127	
52.97	0.501	0.009	-0.247	
53.00	0.501	0.003	-0.195	
53.03	0.501	-0.002	-0.128	
53.07	0.501	-0.011	0.075	
53.10	0.499	0.003	0.243	
53.13	0.501	0.018	0.063	
53.17	0.501	0.007	-0.142	
53.20	0.502	0.002	-0.176	
53.23	0.501	-0.004	-0.172	
53.27	0.502	-0.014	-0.021	
53.30	0.500	-0.013	0.310	
53.33	0.500	0.017	0.338	
53.37	0.502	0.024	-0.020	
53.40	0.502	0.009	-0.223	
53.43	0.502	0.000	-0.202	
53.47	0.502	-0.004	-0.150	
53.50	0.502	-0.008	-0.113	
53.53	0.502	-0.018	0.071	
53.57	0.500	-0.003	0.238	
53.60	0.502	0.011	0.064	
53.63	0.502	0.000	-0.097	
53.67	0.501	-0.003	-0.071	
53.70	0.501	-0.005	-0.021	
53.73	0.501	-0.003	0.003	
53.77	0.501	-0.003	-0.006	
53.80	0.501	-0.004	0.002	
53.83	0.501	-0.004	0.025	
53.87	0.500	-0.002	0.011	
53.90	0.501	0.000	-0.086	
53.93	0.501	-0.007	-0.167	
53.97	0.500	-0.019	-0.020	
54.00	0.499	-0.015	0.289	
54.03	0.499	0.011	0.304	
54.07	0.500	0.016	0.007	
54.10	0.500	0.005	-0.151	
54.13	0.500	-0.001	-0.121	
54.17	0.500	-0.002	-0.081	
54.20	0.500	-0.004	-0.072	
54.23	0.500	-0.007	-0.062	
54.27	0.500	-0.015	0.101	
54.30	0.498	-0.000	0.251	
54.33	0.500	0.014	0.089	
54.37	0.500	0.005	-0.060	
54.40	0.500	0.003	-0.023	
54.43	0.500	0.003	0.030	
54.47	0.500	0.007	0.021	
54.50	0.501	0.006	-0.019	
54.53	0.501	0.005	-0.032	
54.57	0.501	0.003	-0.032	
54.60	0.501	0.003	-0.024	
54.63	0.501	0.002	-0.026	
54.67	0.501	0.001	-0.022	
54.70	0.501	0.000	-0.007	
54.73	0.501	0.000	0.007	
54.77	0.501	0.001	0.021	
54.80	0.501	0.002	0.022	
54.83	0.501	0.002	0.010	
54.87	0.501	0.003	-0.001	
54.90	0.501	0.002	-0.017	
54.93	0.501	0.002	-0.051	
54.97	0.502	-0.001	-0.078	
55.00	0.501	-0.004	-0.069	
55.03	0.502	-0.011	0.081	
55.07	0.500	0.001	0.226	
55.10	0.502	0.016	0.060	
55.13	0.502	0.005	-0.111	
55.17	0.502	0.001	-0.101	
55.20	0.502	-0.002	-0.057	
55.23	0.501	-0.002	-0.009	
55.27	0.502	-0.002	0.012	
55.30	0.501	-0.001	0.010	
55.33	0.502	-0.001	-0.010	
55.37	0.501	-0.002	-0.014	
55.40	0.501	-0.002	0.000	
55.43	0.501	-0.002	0.014	
55.47	0.501	-0.001	0.010	
55.50	0.501	-0.001	-0.012	
55.53	0.501	-0.002	-0.024	
55.57	0.501	-0.002	-0.036	
55.60	0.501	-0.004	-0.055	
55.63	0.501	-0.006	-0.058	
55.67	0.501	-0.012	0.046	
55.70	0.499	-0.003	0.141	
55.73	0.501	0.008	-0.024	
55.77	0.501	-0.011	-0.056	
55.80	0.499	-0.002	0.052	
55.83	0.501	0.006	-0.111	
55.87	0.501	-0.016	-0.105	
55.90	0.499	-0.014	0.198	
55.93	0.499	0.011	0.169	
55.97	0.501	0.004	-0.047	
56.00	0.499	0.001	-0.103	
56.03	0.501	-0.003	-0.109	
56.07	0.499	-0.014	0.094	
56.10	0.499	0.001	0.321	
56.13	0.499	0.020	0.215	
56.17	0.501	0.021	-0.065	
56.20	0.501	0.008	-0.157	
56.23	0.501	0.006	-0.105	
56.27	0.501	0.002	-0.056	
56.30	0.501	0.002	-0.009	
56.33	0.501	0.002	-0.004	
56.37	0.501	0.002	-0.008	
56.40	0.501	0.002	-0.018	
56.43	0.501	0.001	-0.012	
56.47	0.501	0.001	0.007	
56.50	0.501	0.002	0.007	
56.53	0.502	0.002	-0.012	
56.57	0.501	0.001	-0.018	
56.60	0.502	0.000	-0.011	
56.63	0.501	0.000	-0.008	
56.67	0.502	-0.000	-0.011	
56.70	0.501	-0.001	-0.018	
56.73	0.502	-0.002	-0.009	
56.77	0.501	-0.002	0.018	
56.80	0.501	-0.000	0.032	
56.83	0.501	0.001	0.032	
56.87	0.501	0.003	0.004	
56.90	0.502	0.001	-0.023	
56.93	0.501	0.000	-0.026	
56.97	0.502	-0.000	-0.053	
57.00	0.501	-0.002	-0.095	
57.03	0.502	-0.007	-0.109	
57.07	0.501	-0.017	0.057	
57.10	0.500	-0.003	0.216	
57.13	0.501	0.010	0.067	
57.17	0.501	0.000	-0.071	
57.20	0.501	-0.002	-0.049	
57.23	0.501	-0.003	-0.018	
57.27	0.501	-0.002	0.008	
57.30	0.501	-0.001	0.004	
57.33	0.501	-0.002	-0.002	
57.37	0.501	-0.002	-0.014	
57.40	0.500	-0.001	-0.067	
57.43	0.501	-0.004	-0.151	
57.47	0.501	-0.018	-0.061	
57.50	0.499	-0.016	0.222	
57.53	0.499	0.009	0.210	
57.57	0.501	0.003	0.062	
57.60	0.499	0.004	0.094	
57.63	0.500	0.015	-0.017	
57.67	0.501	0.005	-0.151	
57.70	0.500	0.000	-0.147	
57.73	0.501	-0.005	-0.121	
57.77	0.500	-0.014	0.050	
57.80	0.499	-0.001	0.195	
57.83	0.500	0.012	0.025	
57.87	0.501	-0.006	-0.002	
57.90	0.499	0.004	0.150	
57.93	0.501	0.015	0.040	
57.97	0.501	0.006	-0.065	
58.00	0.501	0.006	-0.065	
58.03	0.501	0.003	-0.066	
58.07	0.501	0.001	-0.033	
58.10	0.501	0.001	-0.007	
58.13	0.501	0.001	-0.002	
58.17	0.501	0.001	-0.005	
58.20	0.501	0.001	0.004	
58.23	0.501	0.001	-0.003	
58.27	0.501	0.000	-0.012	
58.30	0.501	0.000	-0.008	
58.33	0.501	0.000	-0.007	
58.37	0.501	-0.000	-0.011	
58.40	0.501	-0.001	-0.018	
58.43	0.501	-0.002	-0.012	
58.47	0.501	-0.002	0.006	
58.50	0.501	-0.001	-0.000	
58.53	0.501	-0.001	-0.046	
58.57	0.501	-0.003	-0.107	
58.60	0.501	-0.008	-0.143	
58.63	0.501	-0.018	-0.035	
58.67	0.499	-0.017	0.228	
58.70	0.499	0.009	0.191	
58.73	0.501	0.009	-0.194	
58.77	0.501	-0.017	-0.263	
58.80	0.499	-0.021	0.020	
58.83	0.499	-0.009	0.162	
58.87	0.499	-0.004	0.115	
58.90	0.498	-0.001	0.045	
58.93	0.499	-0.003	0.027	
58.97	0.498	-0.002	0.076	
59.00	0.498	0.002	0.109	
59.03	0.498	0.013	-0.056	
59.07	0.500	-0.001	-0.224	
59.10	0.498	-0.016	-0.023	
59.13	0.498	-0.003	0.221	
59.17	0.498	0.005	0.291	
59.20	0.498	0.023	0.150	
59.23	0.500	0.020	-0.125	
59.27	0.500	0.007	-0.188	
59.30	0.500	0.003	-0.111	
59.33	0.500	0.001	-0.042	
59.37	0.500	0.001	0.006	
59.40	0.500	0.002	0.018	
59.43	0.500	0.002	0.010	
59.47	0.500	0.003	0.000	
59.50	0.501	0.002	-0.011	
59.53	0.500	0.002	-0.026	
59.57	0.501	0.001	-0.047	
59.60	0.500	-0.001	-0.064	
59.63	0.501	-0.003	-0.074	
59.67	0.501	-0.012	0.077	
59.70	0.499	0.001	0.243	
59.73	0.501	0.016	0.105	
59.77	0.501	0.009	-0.076	
59.80	0.501	0.003	-0.086	
59.83	0.501	0.002	-0.046	
59.87	0.501	0.002	-0.028	
59.90	0.501	0.001	-0.016	
59.93	0.501	0.000	0.003	
59.97	0.501	0.001	0.028	
60.00	0.501	0.003	0.051	
