Vernier Format 2
2.1.txt 1/28/2019 19:59:49
Run 1
Time	Position	Velocity	Acceleration	
T	P	V	A	
s	m	m/s	m/s^2	

0.00	0.501	-0.002	0.071	
0.03	0.501	0.002	0.042	
0.07	0.502	0.002	0.015	
0.10	0.501	0.001	0.015	
0.13	0.502	0.003	0.023	
0.17	0.502	0.004	0.007	
0.20	0.502	0.003	-0.008	
0.23	0.502	0.003	-0.007	
0.27	0.502	0.003	-0.008	
0.30	0.502	0.002	-0.015	
0.33	0.502	0.002	-0.030	
0.37	0.502	0.000	-0.033	
0.40	0.502	-0.001	-0.013	
0.43	0.502	-0.001	0.005	
0.47	0.502	-0.000	0.006	
0.50	0.502	-0.001	0.014	
0.53	0.502	0.002	-0.009	
0.57	0.502	-0.001	-0.038	
0.60	0.502	-0.002	-0.050	
0.63	0.502	-0.003	-0.088	
0.67	0.502	-0.007	-0.106	
0.70	0.502	-0.018	0.071	
0.73	0.500	-0.003	0.246	
0.77	0.502	0.011	0.084	
0.80	0.501	0.002	-0.083	
0.83	0.502	-0.001	-0.081	
0.87	0.501	-0.003	-0.053	
0.90	0.501	-0.004	-0.019	
0.93	0.501	-0.004	0.010	
0.97	0.501	-0.003	0.018	
1.00	0.501	-0.003	0.011	
1.03	0.501	-0.003	0.006	
1.07	0.501	-0.003	0.012	
1.10	0.501	-0.002	0.026	
1.13	0.500	-0.001	0.044	
1.17	0.501	0.002	0.021	
1.20	0.501	0.001	-0.018	
1.23	0.501	0.000	-0.047	
1.27	0.501	-0.002	-0.085	
1.30	0.501	-0.005	-0.122	
1.33	0.501	-0.016	0.001	
1.37	0.499	-0.005	0.149	
1.40	0.501	-0.001	0.168	
1.43	0.499	0.005	0.188	
1.47	0.501	0.018	0.034	
1.50	0.501	0.007	-0.110	
1.53	0.501	0.004	-0.085	
1.57	0.501	0.001	-0.036	
1.60	0.501	0.002	0.003	
1.63	0.501	0.002	0.006	
1.67	0.501	0.003	0.004	
1.70	0.501	0.003	0.004	
1.73	0.501	0.003	0.007	
1.77	0.501	0.003	0.010	
1.80	0.501	0.004	-0.004	
1.83	0.502	0.003	-0.022	
1.87	0.502	0.002	-0.029	
1.90	0.502	0.001	-0.025	
1.93	0.502	0.000	-0.012	
1.97	0.502	0.000	-0.006	
2.00	0.502	0.000	-0.010	
2.03	0.502	0.000	-0.043	
2.07	0.502	-0.002	-0.107	
2.10	0.502	-0.006	-0.157	
2.13	0.502	-0.019	-0.015	
2.17	0.500	-0.015	0.295	
2.20	0.500	0.012	0.295	
2.23	0.502	0.016	-0.014	
2.27	0.501	0.004	-0.151	
2.30	0.501	-0.001	-0.093	
2.33	0.501	-0.002	-0.022	
2.37	0.501	0.000	-0.009	
2.40	0.501	-0.002	-0.023	
2.43	0.501	-0.002	-0.014	
2.47	0.501	-0.003	-0.007	
2.50	0.501	-0.003	-0.001	
2.53	0.501	-0.003	0.000	
2.57	0.501	-0.003	0.003	
2.60	0.501	-0.002	0.006	
2.63	0.501	-0.002	0.004	
2.67	0.501	-0.001	-0.029	
2.70	0.501	-0.003	-0.068	
2.73	0.501	-0.006	-0.071	
2.77	0.500	-0.014	0.068	
2.80	0.499	-0.002	0.205	
2.83	0.500	0.010	0.059	
2.87	0.500	0.002	-0.112	
2.90	0.500	-0.002	-0.149	
2.93	0.500	-0.007	-0.157	
2.97	0.500	-0.019	0.028	
3.00	0.498	-0.011	0.335	
3.03	0.499	0.016	0.271	
3.07	0.500	0.018	-0.095	
3.10	0.500	0.002	-0.275	
3.13	0.500	-0.012	-0.137	
3.17	0.499	-0.004	-0.014	
3.20	0.500	-0.006	-0.067	
3.23	0.499	-0.016	0.030	
3.27	0.499	-0.005	0.144	
3.30	0.499	-0.001	0.146	
3.33	0.499	0.004	0.177	
3.37	0.499	0.009	0.223	
3.40	0.499	0.023	0.132	
3.43	0.501	0.024	-0.126	
3.47	0.501	0.009	-0.223	
3.50	0.501	0.003	-0.132	
3.53	0.501	0.002	-0.049	
3.57	0.501	0.001	-0.003	
3.60	0.501	0.001	0.023	
3.63	0.501	0.004	-0.004	
3.67	0.501	0.001	-0.034	
3.70	0.501	0.000	-0.026	
3.73	0.501	-0.000	-0.021	
3.77	0.501	-0.001	-0.024	
3.80	0.501	-0.002	-0.022	
3.83	0.501	-0.002	-0.007	
3.87	0.501	-0.002	0.006	
3.90	0.501	-0.002	0.016	
3.93	0.501	-0.001	0.004	
3.97	0.501	-0.001	-0.043	
4.00	0.501	-0.003	-0.082	
4.03	0.501	-0.007	-0.084	
4.07	0.501	-0.015	0.065	
4.10	0.499	-0.002	0.179	
4.13	0.501	0.010	-0.050	
4.17	0.501	-0.005	-0.288	
4.20	0.501	-0.023	-0.176	
4.23	0.498	-0.023	0.116	
4.27	0.499	-0.006	0.199	
4.30	0.499	-0.003	0.109	
4.33	0.498	-0.002	0.087	
4.37	0.498	-0.000	0.140	
4.40	0.498	0.006	0.220	
4.43	0.498	0.020	0.130	
4.47	0.500	0.020	-0.115	
4.50	0.500	0.006	-0.197	
4.53	0.500	0.002	-0.115	
4.57	0.500	0.000	-0.044	
4.60	0.500	0.000	-0.008	
4.63	0.500	0.000	0.003	
4.67	0.500	0.000	0.010	
4.70	0.500	0.001	0.018	
4.73	0.500	0.002	0.012	
4.77	0.500	0.002	-0.005	
4.80	0.500	0.001	-0.001	
4.83	0.500	0.001	0.023	
4.87	0.500	0.003	0.033	
4.90	0.501	0.005	-0.000	
4.93	0.501	0.002	-0.018	
4.97	0.501	0.002	-0.003	
5.00	0.501	0.002	0.000	
5.03	0.501	0.003	0.001	
5.07	0.501	0.003	-0.004	
5.10	0.501	0.002	-0.011	
5.13	0.501	0.002	-0.022	
5.17	0.501	0.001	-0.022	
5.20	0.501	0.000	-0.011	
5.23	0.501	0.000	-0.004	
5.27	0.501	0.000	-0.001	
5.30	0.501	0.000	-0.000	
5.33	0.501	0.000	-0.001	
5.37	0.501	0.000	-0.004	
5.40	0.501	-0.000	-0.009	
5.43	0.501	-0.001	-0.012	
5.47	0.501	-0.002	-0.001	
5.50	0.501	-0.001	0.021	
5.53	0.501	0.002	-0.004	
5.57	0.501	-0.001	-0.033	
5.60	0.501	-0.002	-0.022	
5.63	0.501	-0.003	-0.010	
5.67	0.501	-0.003	-0.002	
5.70	0.501	-0.003	-0.000	
5.73	0.501	-0.003	-0.001	
5.77	0.501	-0.003	-0.009	
5.80	0.500	-0.003	-0.045	
5.83	0.501	-0.004	-0.118	
5.87	0.500	-0.009	-0.202	
5.90	0.500	-0.023	-0.114	
5.93	0.498	-0.024	0.182	
5.97	0.498	-0.007	0.354	
6.00	0.498	0.005	0.333	
6.03	0.498	0.021	0.126	
6.07	0.500	0.018	-0.209	
6.10	0.500	0.002	-0.387	
6.13	0.500	-0.019	-0.223	
6.17	0.498	-0.020	0.168	
6.20	0.498	-0.002	0.391	
6.23	0.498	0.018	0.250	
6.27	0.500	0.020	-0.064	
6.30	0.500	0.006	-0.181	
6.33	0.500	0.002	-0.103	
6.37	0.500	0.001	-0.020	
6.40	0.500	0.002	0.006	
6.43	0.500	0.002	-0.001	
6.47	0.500	0.001	0.004	
6.50	0.500	0.002	0.010	
6.53	0.500	0.002	-0.005	
6.57	0.500	0.002	-0.042	
6.60	0.501	0.000	-0.087	
6.63	0.500	-0.004	-0.087	
6.67	0.501	-0.013	0.100	
6.70	0.499	0.003	0.271	
6.73	0.501	0.019	0.077	
6.77	0.501	0.007	-0.104	
6.80	0.501	0.004	-0.085	
6.83	0.501	0.002	-0.057	
6.87	0.501	0.001	-0.028	
6.90	0.501	0.000	-0.012	
6.93	0.501	0.000	-0.004	
6.97	0.501	0.000	-0.002	
7.00	0.501	0.000	-0.008	
7.03	0.501	0.000	-0.038	
7.07	0.501	-0.002	-0.084	
7.10	0.501	-0.005	-0.137	
7.13	0.501	-0.016	-0.051	
7.17	0.499	-0.008	0.057	
7.20	0.501	-0.007	0.036	
7.23	0.499	-0.013	0.177	
7.27	0.499	0.009	0.189	
7.30	0.501	0.006	0.020	
7.33	0.499	0.005	-0.037	
7.37	0.501	0.010	-0.249	
7.40	0.501	-0.017	-0.273	
7.43	0.499	-0.021	0.038	
7.47	0.499	-0.008	0.194	
7.50	0.499	-0.002	0.204	
7.53	0.499	0.003	0.214	
7.57	0.498	0.018	0.045	
7.60	0.501	0.015	-0.304	
7.63	0.500	-0.015	-0.282	
7.67	0.499	-0.019	0.123	
7.70	0.498	0.001	0.314	
7.73	0.499	0.017	0.095	
7.77	0.500	0.013	-0.281	
7.80	0.500	-0.015	-0.295	
7.83	0.498	-0.020	0.066	
7.87	0.498	-0.004	0.278	
7.90	0.498	0.006	0.259	
7.93	0.499	0.018	0.079	
7.97	0.500	0.008	-0.031	
8.00	0.499	0.010	0.014	
8.03	0.501	0.017	-0.116	
8.07	0.501	0.003	-0.224	
8.10	0.501	-0.011	-0.023	
8.13	0.499	0.001	0.187	
8.17	0.501	0.015	0.074	
8.20	0.501	0.006	-0.081	
8.23	0.501	0.003	-0.088	
8.27	0.501	0.001	-0.080	
8.30	0.501	-0.001	-0.082	
8.33	0.501	-0.011	0.070	
8.37	0.500	0.003	0.230	
8.40	0.501	0.017	0.068	
8.43	0.502	0.007	-0.100	
8.47	0.502	0.003	-0.094	
8.50	0.502	-0.000	-0.036	
8.53	0.501	0.001	0.023	
8.57	0.502	0.004	-0.002	
8.60	0.502	0.001	-0.040	
8.63	0.502	-0.000	-0.039	
8.67	0.502	-0.002	-0.022	
8.70	0.502	-0.002	0.005	
8.73	0.502	-0.001	0.007	
8.77	0.502	-0.001	-0.009	
8.80	0.502	-0.002	-0.015	
8.83	0.501	-0.002	-0.028	
8.87	0.502	-0.002	-0.065	
8.90	0.501	-0.005	-0.101	
8.93	0.502	-0.016	0.027	
8.97	0.499	-0.004	0.155	
9.00	0.501	0.007	-0.039	
9.03	0.501	-0.012	-0.089	
9.07	0.500	-0.006	0.056	
9.10	0.501	-0.005	0.129	
9.13	0.499	0.002	0.191	
9.17	0.501	0.015	0.036	
9.20	0.501	0.006	-0.159	
9.23	0.501	-0.001	-0.206	
9.27	0.501	-0.007	-0.237	
9.30	0.501	-0.022	-0.117	
9.33	0.499	-0.020	0.139	
9.37	0.499	-0.005	0.198	
9.40	0.499	-0.002	0.096	
9.43	0.499	-0.001	0.037	
9.47	0.499	-0.001	0.022	
9.50	0.499	-0.000	0.044	
9.53	0.499	0.001	0.102	
9.57	0.499	0.006	0.154	
9.60	0.499	0.018	0.044	
9.63	0.501	0.007	-0.036	
9.67	0.499	0.008	0.047	
9.70	0.501	0.018	-0.035	
9.73	0.501	0.006	-0.111	
9.77	0.501	0.004	-0.047	
9.80	0.501	0.005	-0.015	
9.83	0.501	0.005	-0.026	
9.87	0.502	0.002	-0.030	
9.90	0.501	0.002	-0.008	
9.93	0.502	0.002	-0.004	
9.97	0.502	0.002	-0.009	
10.00	0.502	0.002	-0.018	
10.03	0.502	0.001	-0.012	
10.07	0.502	0.001	0.007	
10.10	0.502	0.002	0.007	
10.13	0.502	0.002	-0.012	
10.17	0.502	0.001	-0.018	
10.20	0.502	0.000	-0.011	
10.23	0.502	0.000	-0.008	
10.27	0.502	-0.000	-0.010	
10.30	0.502	-0.001	-0.012	
10.33	0.502	-0.002	-0.001	
10.37	0.502	-0.001	0.021	
10.40	0.502	0.002	-0.005	
10.43	0.502	-0.001	-0.037	
10.47	0.502	-0.002	-0.032	
10.50	0.502	-0.003	-0.028	
10.53	0.502	-0.004	-0.013	
10.57	0.502	-0.004	0.010	
10.60	0.501	-0.003	0.012	
10.63	0.501	-0.003	-0.028	
10.67	0.501	-0.004	-0.104	
10.70	0.501	-0.008	-0.205	
10.73	0.501	-0.023	-0.145	
10.77	0.499	-0.024	0.102	
10.80	0.499	-0.010	0.188	
10.83	0.499	-0.006	0.115	
10.87	0.499	-0.004	0.069	
10.90	0.499	-0.003	0.048	
10.93	0.498	-0.001	0.034	
10.97	0.499	-0.000	0.019	
11.00	0.498	-0.001	0.028	
11.03	0.499	0.002	0.022	
11.07	0.499	0.001	0.034	
11.10	0.499	0.002	0.114	
11.13	0.499	0.007	0.203	
11.17	0.499	0.022	0.097	
11.20	0.501	0.021	-0.190	
11.23	0.501	0.003	-0.281	
11.27	0.501	-0.011	-0.041	
11.30	0.499	0.002	0.151	
11.33	0.501	0.014	-0.010	
11.37	0.501	0.002	-0.181	
11.40	0.501	-0.012	-0.036	
11.43	0.499	-0.001	0.117	
11.47	0.501	0.010	-0.060	
11.50	0.501	-0.011	-0.094	
11.53	0.500	-0.011	0.213	
11.57	0.499	0.014	0.274	
11.60	0.501	0.020	0.024	
11.63	0.501	0.009	-0.108	
11.67	0.501	0.008	-0.111	
11.70	0.502	0.002	-0.087	
11.73	0.501	0.001	-0.033	
11.77	0.502	0.001	-0.023	
11.80	0.502	0.000	-0.027	
11.83	0.502	-0.001	-0.021	
11.87	0.501	-0.001	-0.048	
11.90	0.502	-0.002	-0.129	
11.93	0.501	-0.008	-0.204	
11.97	0.502	-0.023	-0.076	
12.00	0.499	-0.021	0.241	
12.03	0.500	-0.001	0.370	
12.07	0.499	0.017	0.153	
12.10	0.501	0.014	-0.173	
12.13	0.501	-0.010	-0.111	
12.17	0.499	-0.001	0.141	
12.20	0.501	0.013	0.062	
12.23	0.501	0.006	-0.102	
12.27	0.501	-0.000	-0.124	
12.30	0.501	-0.004	-0.076	
12.33	0.501	-0.004	-0.048	
12.37	0.501	-0.005	-0.095	
12.40	0.501	-0.009	-0.184	
12.43	0.500	-0.022	-0.132	
12.47	0.499	-0.024	0.085	
12.50	0.498	-0.012	0.194	
12.53	0.498	-0.006	0.162	
12.57	0.498	-0.001	0.098	
12.60	0.498	0.001	0.024	
12.63	0.498	-0.000	-0.019	
12.67	0.498	-0.002	-0.016	
12.70	0.498	-0.002	0.008	
12.73	0.498	-0.001	0.019	
12.77	0.498	-0.000	0.017	
12.80	0.498	0.000	0.019	
12.83	0.498	0.001	0.027	
12.87	0.498	0.003	0.011	
12.90	0.498	0.001	0.000	
12.93	0.498	0.002	0.007	
12.97	0.499	0.002	0.001	
13.00	0.498	0.002	-0.004	
13.03	0.499	0.002	-0.007	
13.07	0.499	0.001	0.006	
13.10	0.499	0.003	0.019	
13.13	0.499	0.004	0.006	
13.17	0.499	0.002	0.019	
13.20	0.499	0.002	0.097	
13.23	0.499	0.007	0.201	
13.27	0.499	0.022	0.124	
13.30	0.501	0.022	-0.139	
13.33	0.501	0.007	-0.255	
13.37	0.501	0.000	-0.221	
13.40	0.501	-0.006	-0.181	
13.43	0.501	-0.017	0.001	
13.47	0.499	-0.012	0.308	
13.50	0.499	0.016	0.287	
13.53	0.501	0.018	-0.029	
13.57	0.501	0.006	-0.164	
13.60	0.501	0.001	-0.122	
13.63	0.501	-0.002	-0.057	
13.67	0.501	-0.002	-0.019	
13.70	0.501	-0.001	-0.054	
13.73	0.501	-0.004	-0.137	
13.77	0.501	-0.009	-0.218	
13.80	0.501	-0.025	-0.114	
13.83	0.499	-0.024	0.190	
13.87	0.499	-0.006	0.329	
13.90	0.499	0.004	0.258	
13.93	0.499	0.016	0.019	
13.97	0.500	0.010	-0.318	
14.00	0.500	-0.018	-0.283	
14.03	0.498	-0.021	0.065	
14.07	0.498	-0.004	0.191	
14.10	0.498	-0.001	0.133	
14.13	0.498	0.001	0.127	
14.17	0.498	0.004	0.180	
14.20	0.498	0.018	0.112	
14.23	0.500	0.018	-0.114	
14.27	0.500	0.004	-0.186	
14.30	0.500	0.001	-0.139	
14.33	0.500	-0.002	-0.150	
14.37	0.500	-0.006	-0.200	
14.40	0.500	-0.021	-0.083	
14.43	0.498	-0.020	0.238	
14.47	0.498	0.000	0.392	
14.50	0.498	0.019	0.185	
14.53	0.500	0.018	-0.178	
14.57	0.500	-0.007	-0.178	
14.60	0.498	-0.001	0.042	
14.63	0.500	0.002	0.116	
14.67	0.498	0.007	0.168	
14.70	0.500	0.021	0.017	
14.73	0.501	0.008	-0.136	
14.77	0.500	0.004	-0.100	
14.80	0.501	0.002	-0.061	
14.83	0.501	0.001	-0.020	
14.87	0.501	0.001	0.009	
14.90	0.501	0.002	0.017	
14.93	0.501	0.002	0.007	
14.97	0.501	0.002	-0.003	
15.00	0.501	0.002	-0.011	
15.03	0.501	0.001	-0.004	
15.07	0.501	0.002	-0.001	
15.10	0.501	0.002	-0.019	
15.13	0.501	0.000	-0.028	
15.17	0.501	-0.000	-0.023	
15.20	0.501	-0.002	-0.005	
15.23	0.501	-0.001	0.021	
15.27	0.501	0.002	-0.001	
15.30	0.501	-0.001	-0.026	
15.33	0.501	-0.002	-0.011	
15.37	0.501	-0.001	-0.010	
15.40	0.501	-0.002	-0.013	
15.43	0.501	-0.002	-0.008	
15.47	0.501	-0.003	-0.007	
15.50	0.501	-0.003	-0.008	
15.53	0.501	-0.003	-0.011	
15.57	0.501	-0.004	-0.000	
15.60	0.500	-0.003	0.010	
15.63	0.500	-0.003	0.004	
15.67	0.500	-0.003	-0.003	
15.70	0.500	-0.003	-0.007	
15.73	0.500	-0.004	0.006	
15.77	0.500	-0.003	0.016	
15.80	0.500	-0.001	-0.017	
15.83	0.500	-0.003	-0.054	
15.87	0.500	-0.006	-0.054	
15.90	0.500	-0.012	0.054	
15.93	0.498	-0.001	0.121	
15.97	0.500	0.008	-0.085	
16.00	0.500	-0.014	-0.092	
16.03	0.498	-0.013	0.246	
16.07	0.498	0.014	0.285	
16.10	0.500	0.019	-0.003	
16.13	0.500	0.007	-0.144	
16.17	0.500	0.003	-0.130	
16.20	0.500	0.000	-0.121	
16.23	0.500	-0.004	-0.098	
16.27	0.500	-0.013	0.089	
16.30	0.498	0.002	0.257	
16.33	0.500	0.017	0.091	
16.37	0.500	0.007	-0.069	
16.40	0.500	0.005	-0.049	
16.43	0.500	0.004	-0.007	
16.47	0.501	0.007	-0.020	
16.50	0.501	0.003	-0.060	
16.53	0.501	0.001	-0.069	
16.57	0.501	0.003	-0.075	
16.60	0.501	-0.003	-0.083	
16.63	0.501	-0.012	0.052	
16.67	0.499	0.000	0.177	
16.70	0.501	0.011	0.005	
16.73	0.501	0.000	-0.147	
16.77	0.501	-0.011	0.013	
16.80	0.499	0.000	0.186	
16.83	0.501	0.014	0.018	
16.87	0.501	0.003	-0.201	
16.90	0.501	-0.005	-0.242	
16.93	0.501	-0.020	-0.081	
16.97	0.499	-0.016	0.206	
17.00	0.499	0.009	0.112	
17.03	0.501	-0.003	-0.125	
17.07	0.499	-0.015	0.024	
17.10	0.499	-0.002	0.214	
17.13	0.499	0.005	0.250	
17.17	0.499	0.020	0.119	
17.20	0.501	0.017	-0.133	
17.23	0.501	0.004	-0.196	
17.27	0.501	-0.001	-0.140	
17.30	0.500	-0.002	-0.150	
17.33	0.501	-0.007	-0.227	
17.37	0.500	-0.023	-0.153	
17.40	0.499	-0.025	0.105	
17.43	0.498	-0.010	0.216	
17.47	0.498	-0.003	0.137	
17.50	0.498	-0.002	0.055	
17.53	0.498	-0.002	0.027	
17.57	0.498	-0.001	0.019	
17.60	0.498	-0.000	0.011	
17.63	0.498	-0.001	0.035	
17.67	0.498	0.000	0.093	
17.70	0.498	0.005	0.146	
17.73	0.498	0.020	-0.036	
17.77	0.500	0.003	-0.215	
17.80	0.498	-0.011	0.024	
17.83	0.499	0.004	0.284	
17.87	0.498	0.021	0.197	
17.90	0.501	0.023	-0.082	
17.93	0.500	0.009	-0.216	
17.97	0.501	0.004	-0.188	
18.00	0.501	-0.002	-0.138	
18.03	0.501	-0.012	0.082	
18.07	0.499	0.004	0.269	
18.10	0.501	0.019	0.086	
18.13	0.501	0.009	-0.104	
18.17	0.501	0.006	-0.162	
18.20	0.502	-0.000	-0.200	
18.23	0.502	-0.015	-0.017	
18.27	0.500	-0.009	0.342	
18.30	0.500	0.023	0.312	
18.33	0.503	0.024	-0.061	
18.37	0.502	0.008	-0.201	
18.40	0.503	0.004	-0.138	
18.43	0.503	0.001	-0.083	
18.47	0.503	-0.001	-0.041	
18.50	0.502	-0.002	-0.005	
18.53	0.503	-0.001	0.003	
18.57	0.502	-0.001	-0.012	
18.60	0.503	-0.002	-0.018	
18.63	0.502	-0.002	-0.007	
18.67	0.502	-0.002	0.003	
18.70	0.502	-0.002	0.010	
18.73	0.502	-0.001	-0.001	
18.77	0.502	-0.002	-0.014	
18.80	0.502	-0.003	-0.013	
18.83	0.502	-0.003	-0.008	
18.87	0.502	-0.004	0.010	
18.90	0.502	-0.002	0.023	
18.93	0.502	-0.000	-0.016	
18.97	0.502	-0.003	-0.069	
19.00	0.501	-0.005	-0.106	
19.03	0.502	-0.010	-0.135	
19.07	0.501	-0.021	0.032	
19.10	0.499	-0.008	0.207	
19.13	0.501	-0.001	0.193	
19.17	0.499	0.004	0.164	
19.20	0.501	0.015	-0.004	
19.23	0.501	0.003	-0.128	
19.27	0.501	-0.000	-0.068	
19.30	0.501	-0.001	-0.019	
19.33	0.501	-0.000	0.003	
19.37	0.501	0.000	0.004	
19.40	0.501	0.000	0.008	
19.43	0.501	0.000	0.014	
19.47	0.501	0.001	0.018	
19.50	0.501	0.003	-0.024	
19.53	0.501	-0.000	-0.070	
19.57	0.501	-0.002	-0.075	
19.60	0.501	-0.012	0.084	
19.63	0.499	0.003	0.245	
19.67	0.501	0.017	0.090	
19.70	0.501	0.008	-0.065	
19.73	0.502	0.006	-0.064	
19.77	0.502	0.004	-0.057	
19.80	0.502	0.003	-0.047	
19.83	0.502	0.001	-0.031	
19.87	0.502	0.000	-0.009	
19.90	0.502	0.000	0.003	
19.93	0.502	0.001	-0.008	
19.97	0.502	0.000	-0.022	
20.00	0.502	-0.001	-0.006	
20.03	0.502	-0.000	0.014	
20.07	0.502	0.000	0.021	
20.10	0.502	0.001	0.028	
20.13	0.502	0.003	0.006	
20.17	0.502	0.001	-0.020	
20.20	0.502	0.001	-0.044	
20.23	0.502	-0.001	-0.093	
20.27	0.502	-0.005	-0.113	
20.30	0.502	-0.009	-0.091	
20.33	0.502	-0.017	0.081	
20.37	0.500	-0.003	0.230	
20.40	0.501	0.010	0.071	
20.43	0.501	0.000	-0.075	
20.47	0.501	-0.002	-0.063	
20.50	0.501	-0.003	-0.042	
20.53	0.501	-0.004	-0.010	
20.57	0.501	-0.004	0.023	
20.60	0.501	-0.003	0.046	
20.63	0.501	-0.000	0.043	
20.67	0.501	0.001	0.027	
20.70	0.501	0.002	-0.013	
20.73	0.501	-0.001	-0.032	
20.77	0.501	-0.002	-0.007	
20.80	0.501	-0.001	0.001	
20.83	0.501	-0.001	-0.010	
20.87	0.501	-0.002	-0.015	
20.90	0.500	-0.002	-0.024	
20.93	0.501	-0.002	-0.054	
20.97	0.500	-0.005	-0.080	
21.00	0.501	-0.014	0.048	
21.03	0.499	-0.002	0.173	
21.07	0.501	0.010	0.007	
21.10	0.500	-0.009	0.015	
21.13	0.499	0.003	0.183	
21.17	0.501	0.016	0.044	
21.20	0.501	0.006	-0.085	
21.23	0.501	0.004	-0.054	
21.27	0.501	0.003	-0.017	
21.30	0.501	0.003	0.010	
21.33	0.501	0.005	-0.012	
21.37	0.501	0.002	-0.026	
21.40	0.501	0.002	-0.014	
21.43	0.501	0.002	-0.018	
21.47	0.501	0.001	-0.013	
21.50	0.501	0.001	0.001	
21.53	0.501	0.001	-0.001	
21.57	0.502	0.001	-0.005	
21.60	0.501	0.001	0.003	
21.63	0.502	0.001	-0.004	
21.67	0.501	0.000	-0.016	
21.70	0.502	0.000	-0.018	
21.73	0.501	-0.001	-0.022	
21.77	0.502	-0.002	-0.014	
21.80	0.501	-0.002	0.006	
21.83	0.501	-0.001	0.010	
21.87	0.501	-0.001	0.010	
21.90	0.501	0.000	-0.007	
21.93	0.501	-0.002	-0.024	
21.97	0.501	-0.002	-0.012	
22.00	0.501	-0.002	-0.005	
22.03	0.501	-0.002	-0.026	
22.07	0.501	-0.002	-0.102	
22.10	0.501	-0.007	-0.212	
22.13	0.501	-0.022	-0.162	
22.17	0.499	-0.025	0.076	
22.20	0.499	-0.012	0.198	
22.23	0.499	-0.005	0.145	
22.27	0.499	-0.003	0.082	
22.30	0.498	-0.002	0.083	
22.33	0.499	0.001	0.139	
22.37	0.498	0.006	0.206	
22.40	0.499	0.020	0.114	
22.43	0.500	0.020	-0.130	
22.47	0.500	0.005	-0.194	
22.50	0.500	0.001	-0.083	
22.53	0.500	0.002	-0.027	
22.57	0.500	0.001	-0.026	
22.60	0.500	0.000	-0.049	
22.63	0.500	-0.001	-0.109	
22.67	0.500	-0.005	-0.194	
22.70	0.501	-0.020	-0.115	
22.73	0.498	-0.020	0.144	
22.77	0.499	-0.004	0.250	
22.80	0.499	0.003	0.180	
22.83	0.499	0.005	0.140	
22.87	0.499	0.015	0.043	
22.90	0.501	0.007	-0.025	
22.93	0.499	0.007	0.055	
22.97	0.501	0.018	-0.024	
23.00	0.501	0.007	-0.120	
23.03	0.501	0.003	-0.059	
23.07	0.501	0.003	-0.003	
23.10	0.501	0.006	-0.019	
23.13	0.501	0.002	-0.045	
23.17	0.501	0.001	-0.021	
23.20	0.501	0.001	-0.015	
23.23	0.501	0.000	-0.018	
23.27	0.501	0.000	-0.018	
23.30	0.501	-0.001	-0.021	
23.33	0.501	-0.002	-0.012	
23.37	0.501	-0.002	0.007	
23.40	0.501	-0.001	0.009	
23.43	0.501	-0.001	-0.001	
23.47	0.501	-0.002	0.005	
23.50	0.501	-0.001	0.023	
23.53	0.501	0.002	-0.007	
23.57	0.501	-0.001	-0.056	
23.60	0.501	-0.004	-0.050	
23.63	0.501	-0.004	-0.038	
23.67	0.501	-0.004	-0.066	
23.70	0.501	-0.015	0.055	
23.73	0.499	-0.002	0.201	
23.77	0.501	0.010	0.059	
23.80	0.501	0.001	-0.085	
23.83	0.501	-0.002	-0.065	
23.87	0.500	-0.003	-0.046	
23.90	0.500	-0.003	-0.076	
23.93	0.500	-0.007	-0.124	
23.97	0.500	-0.018	-0.020	
24.00	0.498	-0.007	0.067	
24.03	0.500	-0.006	0.006	
24.07	0.498	-0.014	0.116	
24.10	0.498	-0.000	0.241	
24.13	0.498	0.014	0.074	
24.17	0.500	0.003	-0.066	
24.20	0.498	0.002	-0.006	
24.23	0.500	0.003	0.065	
24.27	0.498	0.006	0.126	
24.30	0.500	0.019	-0.007	
24.33	0.500	0.006	-0.140	
24.37	0.500	0.002	-0.082	
24.40	0.500	0.001	-0.021	
24.43	0.500	0.002	0.013	
24.47	0.501	0.002	0.010	
24.50	0.500	0.003	0.003	
24.53	0.501	0.003	-0.003	
24.57	0.501	0.002	-0.010	
24.60	0.501	0.002	-0.018	
24.63	0.501	0.001	-0.012	
24.67	0.501	0.001	0.007	
24.70	0.501	0.002	0.007	
24.73	0.501	0.002	-0.010	
24.77	0.501	0.001	-0.011	
24.80	0.501	0.000	0.004	
24.83	0.501	0.001	0.018	
24.87	0.501	0.003	-0.001	
24.90	0.501	0.001	-0.023	
24.93	0.501	0.000	-0.018	
24.97	0.501	-0.000	-0.017	
25.00	0.501	-0.001	-0.020	
25.03	0.501	-0.002	-0.012	
25.07	0.501	-0.002	0.007	
25.10	0.501	-0.001	0.007	
25.13	0.501	-0.001	-0.012	
25.17	0.501	-0.002	-0.019	
25.20	0.501	-0.002	-0.020	
25.23	0.501	-0.003	-0.048	
25.27	0.501	-0.004	-0.113	
25.30	0.501	-0.009	-0.190	
25.33	0.500	-0.023	-0.105	
25.37	0.499	-0.021	0.126	
25.40	0.499	-0.008	0.198	
25.43	0.499	-0.003	0.109	
25.47	0.499	-0.002	0.034	
25.50	0.498	-0.002	0.009	
25.53	0.498	-0.002	0.010	
25.57	0.498	-0.001	0.005	
25.60	0.498	-0.002	0.010	
25.63	0.498	-0.002	0.060	
25.67	0.498	0.001	0.134	
25.70	0.498	0.006	0.207	
25.73	0.498	0.020	0.114	
25.77	0.500	0.020	-0.163	
25.80	0.500	0.005	-0.313	
25.83	0.500	-0.005	-0.312	
25.87	0.500	-0.020	-0.160	
25.90	0.498	-0.020	0.122	
25.93	0.498	-0.006	0.220	
25.97	0.498	0.000	0.143	
26.00	0.498	0.003	0.068	
26.03	0.498	0.003	0.035	
26.07	0.499	0.005	0.023	
26.10	0.499	0.003	0.039	
26.13	0.499	0.007	0.061	
26.17	0.499	0.015	-0.090	
26.20	0.500	0.001	-0.221	
26.23	0.499	-0.012	-0.021	
26.27	0.499	-0.002	0.211	
26.30	0.499	0.008	0.260	
26.33	0.499	0.022	0.086	
26.37	0.501	0.019	-0.225	
26.40	0.501	0.002	-0.343	
26.43	0.501	-0.016	-0.135	
26.47	0.499	-0.014	0.224	
26.50	0.499	0.013	0.225	
26.53	0.501	0.015	-0.126	
26.57	0.501	-0.008	-0.194	
26.60	0.499	-0.004	-0.084	
26.63	0.501	-0.007	-0.106	
26.67	0.499	-0.017	0.013	
26.70	0.499	-0.006	0.115	
26.73	0.499	-0.004	0.075	
26.77	0.499	-0.002	0.077	
26.80	0.499	-0.001	0.129	
26.83	0.499	0.004	0.207	
26.87	0.499	0.020	0.085	
26.90	0.501	0.018	-0.245	
26.93	0.501	-0.002	-0.412	
26.97	0.500	-0.021	-0.236	
27.00	0.499	-0.023	0.109	
27.03	0.498	-0.007	0.265	
27.07	0.499	0.001	0.205	
27.10	0.498	0.013	-0.035	
27.13	0.500	-0.002	-0.230	
27.17	0.498	-0.017	-0.016	
27.20	0.498	-0.004	0.208	
27.23	0.498	0.004	0.211	
27.27	0.498	0.019	-0.025	
27.30	0.500	0.003	-0.262	
27.33	0.498	-0.013	-0.109	
27.37	0.499	-0.005	0.066	
27.40	0.498	-0.002	0.069	
27.43	0.499	0.000	0.045	
27.47	0.498	0.001	0.026	
27.50	0.499	0.002	0.011	
27.53	0.499	0.002	-0.014	
27.57	0.499	0.000	-0.022	
27.60	0.499	-0.000	-0.002	
27.63	0.499	-0.001	0.065	
27.67	0.498	0.003	0.163	
27.70	0.499	0.011	0.213	
27.73	0.499	0.023	0.087	
27.77	0.501	0.021	-0.163	
27.80	0.501	0.007	-0.287	
27.83	0.501	-0.000	-0.322	
27.87	0.501	-0.019	-0.201	
27.90	0.499	-0.020	0.087	
27.93	0.499	-0.006	0.190	
27.97	0.499	-0.001	0.123	
28.00	0.499	0.001	0.061	
28.03	0.499	0.002	0.015	
28.07	0.499	0.002	-0.024	
28.10	0.499	-0.000	-0.046	
28.13	0.499	-0.002	-0.039	
28.17	0.499	-0.004	-0.004	
28.20	0.499	-0.002	0.028	
28.23	0.499	-0.001	0.028	
28.27	0.499	-0.000	0.013	
28.30	0.499	-0.000	0.004	
28.33	0.499	-0.000	0.004	
28.37	0.499	-0.001	0.018	
28.40	0.499	0.002	-0.000	
28.43	0.499	0.000	-0.036	
28.47	0.499	-0.002	-0.029	
28.50	0.499	-0.002	-0.005	
28.53	0.499	-0.002	0.027	
28.57	0.499	-0.001	0.067	
28.60	0.499	0.002	0.123	
28.63	0.499	0.007	0.161	
28.67	0.499	0.020	-0.012	
28.70	0.501	0.014	-0.347	
28.73	0.501	-0.017	-0.291	
28.77	0.499	-0.020	0.137	
28.80	0.499	-0.001	0.370	
28.83	0.499	0.019	0.220	
28.87	0.500	0.020	-0.133	
28.90	0.501	0.003	-0.309	
28.93	0.500	-0.006	-0.286	
28.97	0.500	-0.020	-0.115	
29.00	0.498	-0.018	0.178	
29.03	0.499	-0.002	0.267	
29.07	0.499	0.004	0.199	
29.10	0.499	0.017	-0.026	
29.13	0.501	0.002	-0.240	
29.17	0.499	-0.013	-0.078	
29.20	0.499	-0.003	0.097	
29.23	0.499	0.001	0.115	
29.27	0.499	0.004	0.142	
29.30	0.499	0.007	0.196	
29.33	0.499	0.023	0.084	
29.37	0.501	0.021	-0.229	
29.40	0.501	0.002	-0.366	
29.43	0.501	-0.017	-0.132	
29.47	0.499	-0.014	0.278	
29.50	0.499	0.016	0.321	
29.53	0.501	0.020	0.016	
29.57	0.501	0.009	-0.125	
29.60	0.502	0.006	-0.119	
29.63	0.502	0.002	-0.109	
29.67	0.502	0.001	-0.129	
29.70	0.502	-0.004	-0.176	
29.73	0.502	-0.018	-0.024	
29.77	0.500	-0.014	0.306	
29.80	0.500	0.014	0.312	
29.83	0.502	0.019	-0.015	
29.87	0.502	0.006	-0.202	
29.90	0.502	-0.000	-0.231	
29.93	0.502	-0.007	-0.257	
29.97	0.502	-0.022	-0.136	
30.00	0.500	-0.022	0.129	
30.03	0.500	-0.006	0.215	
30.07	0.500	-0.003	0.142	
30.10	0.500	-0.000	0.115	
30.13	0.499	0.011	-0.044	
30.17	0.501	-0.002	-0.203	
30.20	0.499	-0.015	-0.040	
30.23	0.499	-0.003	0.085	
30.27	0.500	-0.003	0.047	
30.30	0.499	-0.002	0.053	
30.33	0.499	-0.001	0.077	
30.37	0.499	0.003	0.103	
30.40	0.499	0.013	-0.030	
30.43	0.501	-0.000	-0.123	
30.47	0.499	-0.010	0.133	
30.50	0.499	0.015	0.211	
30.53	0.501	0.019	-0.082	
30.57	0.501	0.005	-0.274	
30.60	0.501	-0.005	-0.304	
30.63	0.501	-0.020	-0.162	
30.67	0.499	-0.020	0.111	
30.70	0.499	-0.006	0.205	
30.73	0.499	-0.001	0.140	
30.77	0.499	0.001	0.115	
30.80	0.499	0.005	0.135	
30.83	0.499	0.008	0.195	
30.87	0.499	0.023	0.116	
30.90	0.501	0.022	-0.137	
30.93	0.501	0.007	-0.216	
30.97	0.501	0.002	-0.122	
31.00	0.501	0.000	-0.039	
31.03	0.501	0.001	-0.001	
31.07	0.501	0.002	-0.034	
31.10	0.501	0.000	-0.117	
31.13	0.501	-0.006	-0.170	
31.17	0.501	-0.019	-0.010	
31.20	0.499	-0.014	0.324	
31.23	0.500	0.015	0.336	
31.27	0.501	0.021	0.013	
31.30	0.502	0.008	-0.154	
31.33	0.501	0.003	-0.113	
31.37	0.502	0.002	-0.072	
31.40	0.502	-0.001	-0.046	
31.43	0.501	-0.002	-0.006	
31.47	0.502	-0.001	0.010	
31.50	0.501	-0.000	0.005	
31.53	0.502	-0.000	-0.007	
31.57	0.501	-0.001	-0.017	
31.60	0.502	-0.002	-0.012	
31.63	0.501	-0.002	0.007	
31.67	0.501	-0.001	0.007	
31.70	0.501	-0.001	-0.008	
31.73	0.501	-0.002	-0.011	
31.77	0.501	-0.002	0.000	
31.80	0.501	-0.001	-0.004	
31.83	0.501	-0.002	-0.011	
31.87	0.501	-0.002	-0.006	
31.90	0.501	-0.003	0.004	
31.93	0.501	-0.002	0.017	
31.97	0.501	-0.002	0.024	
32.00	0.501	0.001	-0.019	
32.03	0.501	-0.001	-0.108	
32.07	0.501	-0.006	-0.193	
32.10	0.501	-0.019	-0.126	
32.13	0.499	-0.020	0.105	
32.17	0.499	-0.007	0.210	
32.20	0.499	-0.001	0.163	
32.23	0.499	0.002	0.142	
32.27	0.499	0.006	0.178	
32.30	0.499	0.018	0.095	
32.33	0.501	0.017	-0.116	
32.37	0.501	0.005	-0.201	
32.40	0.501	-0.000	-0.161	
32.43	0.501	-0.004	-0.107	
32.47	0.501	-0.013	0.081	
32.50	0.499	0.001	0.249	
32.53	0.501	0.016	0.108	
32.57	0.501	0.009	-0.075	
32.60	0.501	0.003	-0.087	
32.63	0.501	0.002	-0.054	
32.67	0.501	0.002	-0.069	
32.70	0.501	-0.001	-0.126	
32.73	0.501	-0.006	-0.186	
32.77	0.501	-0.019	-0.078	
32.80	0.500	-0.018	0.205	
32.83	0.499	-0.001	0.367	
32.87	0.499	0.017	0.234	
32.90	0.501	0.020	-0.070	
32.93	0.501	0.006	-0.222	
32.97	0.501	0.000	-0.213	
33.00	0.501	-0.006	-0.189	
33.03	0.501	-0.018	-0.000	
33.07	0.499	-0.013	0.314	
33.10	0.499	0.015	0.272	
33.13	0.501	0.019	-0.131	
33.17	0.501	0.000	-0.377	
33.20	0.501	-0.019	-0.255	
33.23	0.500	-0.022	0.050	
33.27	0.499	-0.009	0.177	
33.30	0.499	-0.004	0.110	
33.33	0.499	-0.003	0.044	
33.37	0.499	-0.003	0.009	
33.40	0.499	-0.003	0.002	
33.43	0.499	-0.003	0.004	
33.47	0.499	-0.002	0.010	
33.50	0.499	-0.002	0.015	
33.53	0.499	-0.001	0.005	
33.57	0.499	-0.001	-0.016	
33.60	0.499	-0.003	0.002	
33.63	0.499	-0.002	0.060	
33.67	0.498	0.001	0.106	
33.70	0.499	0.005	0.117	
33.73	0.498	0.015	-0.045	
33.77	0.500	0.004	-0.249	
33.80	0.499	-0.013	-0.132	
33.83	0.499	-0.006	0.043	
33.87	0.499	-0.004	0.061	
33.90	0.498	-0.002	0.052	
33.93	0.499	-0.001	0.032	
33.97	0.498	0.000	0.020	
34.00	0.499	0.000	0.016	
34.03	0.498	0.001	0.004	
34.07	0.499	0.001	-0.002	
34.10	0.498	0.001	0.014	
34.13	0.499	0.001	0.045	
34.17	0.499	0.002	0.114	
34.20	0.499	0.007	0.210	
34.23	0.499	0.022	0.134	
34.27	0.501	0.023	-0.116	
34.30	0.501	0.008	-0.190	
34.33	0.501	0.005	-0.115	
34.37	0.501	0.001	-0.052	
34.40	0.501	0.002	-0.013	
34.43	0.501	0.002	-0.019	
34.47	0.501	0.001	-0.019	
34.50	0.501	0.000	-0.011	
34.53	0.501	0.000	-0.004	
34.57	0.501	0.000	-0.001	
34.60	0.501	0.000	-0.001	
34.63	0.501	0.000	-0.004	
34.67	0.501	-0.000	-0.012	
34.70	0.501	-0.001	-0.027	
34.73	0.501	-0.002	-0.054	
34.77	0.501	-0.003	-0.096	
34.80	0.501	-0.007	-0.140	
34.83	0.501	-0.019	-0.011	
34.87	0.499	-0.015	0.268	
34.90	0.499	0.011	0.208	
34.93	0.501	0.012	-0.172	
34.97	0.501	-0.011	-0.280	
35.00	0.499	-0.020	-0.030	
35.03	0.499	-0.009	0.153	
35.07	0.499	-0.003	0.158	
35.10	0.499	0.001	0.143	
35.13	0.499	0.004	0.147	
35.17	0.499	0.016	-0.005	
35.20	0.501	0.012	-0.321	
35.23	0.500	-0.017	-0.317	
35.27	0.499	-0.021	0.008	
35.30	0.498	-0.009	0.164	
35.33	0.498	-0.004	0.125	
35.37	0.498	-0.001	0.059	
35.40	0.498	-0.001	0.012	
35.43	0.498	-0.001	0.015	
35.47	0.498	-0.000	0.033	
35.50	0.498	0.001	0.040	
35.53	0.498	0.004	0.007	
35.57	0.499	0.001	-0.025	
35.60	0.498	0.001	-0.010	
35.63	0.499	0.001	-0.009	
35.67	0.498	0.000	-0.009	
35.70	0.499	0.000	0.004	
35.73	0.498	0.001	0.025	
35.77	0.499	0.002	0.059	
35.80	0.499	0.004	0.114	
35.83	0.499	0.007	0.189	
35.87	0.499	0.022	0.075	
35.90	0.501	0.021	-0.249	
35.93	0.501	0.001	-0.410	
35.97	0.501	-0.019	-0.232	
36.00	0.499	-0.020	0.098	
36.03	0.499	-0.004	0.219	
36.07	0.499	0.002	0.132	
36.10	0.499	0.005	0.022	
36.13	0.499	0.001	-0.030	
36.17	0.499	-0.001	0.029	
36.20	0.499	0.002	0.101	
36.23	0.499	0.008	0.125	
36.27	0.500	0.017	-0.017	
36.30	0.501	0.004	-0.114	
36.33	0.499	0.003	-0.058	
36.37	0.501	0.010	-0.214	
36.40	0.501	-0.016	-0.221	
36.43	0.499	-0.019	0.103	
36.47	0.499	-0.002	0.238	
36.50	0.499	0.012	0.007	
36.53	0.501	-0.002	-0.221	
36.57	0.499	-0.018	-0.069	
36.60	0.499	-0.007	0.110	
36.63	0.499	-0.002	0.095	
36.67	0.499	-0.000	0.045	
36.70	0.499	-0.001	0.020	
36.73	0.499	0.001	0.003	
36.77	0.499	-0.000	-0.022	
36.80	0.499	-0.002	-0.015	
36.83	0.499	-0.002	0.004	
36.87	0.499	-0.001	0.007	
36.90	0.499	-0.001	-0.008	
36.93	0.499	-0.002	-0.007	
36.97	0.499	-0.002	0.012	
37.00	0.498	-0.001	0.018	
37.03	0.499	-0.000	0.010	
37.07	0.498	0.000	0.004	
37.10	0.499	0.000	0.001	
37.13	0.498	0.000	0.000	
37.17	0.499	0.000	0.002	
37.20	0.498	0.000	0.008	
37.23	0.499	0.000	0.018	
37.27	0.498	0.001	0.032	
37.30	0.499	0.003	0.018	
37.33	0.499	0.003	-0.010	
37.37	0.499	0.002	-0.020	
37.40	0.499	0.001	-0.005	
37.43	0.499	0.001	0.051	
37.47	0.499	0.003	0.126	
37.50	0.499	0.008	0.197	
37.53	0.499	0.022	0.119	
37.57	0.501	0.022	-0.119	
37.60	0.501	0.008	-0.214	
37.63	0.501	0.002	-0.143	
37.67	0.501	0.000	-0.098	
37.70	0.501	-0.002	-0.115	
37.73	0.501	-0.006	-0.144	
37.77	0.501	-0.018	0.019	
37.80	0.499	-0.012	0.333	
37.83	0.499	0.017	0.285	
37.87	0.501	0.021	-0.129	
37.90	0.501	0.001	-0.343	
37.93	0.501	-0.017	-0.139	
37.97	0.500	-0.015	0.247	
38.00	0.499	0.012	0.290	
38.03	0.501	0.017	-0.015	
38.07	0.501	0.005	-0.201	
38.10	0.501	-0.002	-0.229	
38.13	0.501	-0.009	-0.238	
38.17	0.501	-0.022	-0.113	
38.20	0.499	-0.021	0.132	
38.23	0.499	-0.007	0.199	
38.27	0.499	-0.003	0.125	
38.30	0.499	-0.001	0.089	
38.33	0.499	0.001	0.104	
38.37	0.499	0.004	0.144	
38.40	0.499	0.017	0.011	
38.43	0.501	0.013	-0.307	
38.47	0.501	-0.015	-0.307	
38.50	0.499	-0.018	-0.003	
38.53	0.499	-0.008	0.131	
38.57	0.499	-0.004	0.108	
38.60	0.499	-0.002	0.098	
38.63	0.498	-0.000	0.144	
38.67	0.499	0.007	0.175	
38.70	0.499	0.019	0.013	
38.73	0.500	0.013	-0.257	
38.77	0.500	-0.011	-0.182	
38.80	0.499	-0.011	0.202	
38.83	0.499	0.015	0.268	
38.87	0.501	0.020	-0.005	
38.90	0.500	0.008	-0.147	
38.93	0.501	0.003	-0.116	
38.97	0.501	0.001	-0.050	
39.00	0.501	0.001	0.006	
39.03	0.501	0.001	0.038	
39.07	0.501	0.005	0.020	
39.10	0.501	0.003	-0.019	
39.13	0.501	0.003	-0.049	
39.17	0.501	0.001	-0.083	
39.20	0.501	-0.003	-0.092	
39.23	0.501	-0.013	0.081	
39.27	0.499	0.002	0.249	
39.30	0.502	0.017	0.064	
39.33	0.501	0.006	-0.112	
39.37	0.502	0.002	-0.088	
39.40	0.501	0.000	-0.043	
39.43	0.502	0.000	-0.009	
39.47	0.501	0.000	-0.001	
39.50	0.502	0.000	0.002	
39.53	0.501	0.000	0.010	
39.57	0.502	0.000	0.022	
39.60	0.501	0.001	0.033	
39.63	0.502	0.004	0.002	
39.67	0.502	0.001	-0.035	
39.70	0.502	0.001	-0.057	
39.73	0.502	-0.000	-0.123	
39.77	0.502	-0.006	-0.179	
39.80	0.502	-0.020	-0.024	
39.83	0.500	-0.015	0.274	
39.87	0.500	0.012	0.221	
39.90	0.502	0.012	-0.120	
39.93	0.502	-0.012	-0.089	
39.97	0.499	-0.002	0.151	
40.00	0.501	0.012	0.056	
40.03	0.501	0.003	-0.085	
40.07	0.501	-0.000	-0.063	
40.10	0.501	-0.001	-0.035	
40.13	0.501	-0.002	-0.014	
40.17	0.501	-0.002	-0.015	
40.20	0.501	-0.002	-0.038	
40.23	0.501	-0.004	-0.050	
40.27	0.501	-0.011	0.083	
40.30	0.499	0.001	0.218	
40.33	0.501	0.014	0.064	
40.37	0.501	0.005	-0.089	
40.40	0.501	0.002	-0.072	
40.43	0.501	0.000	-0.037	
40.47	0.501	0.000	-0.016	
40.50	0.501	0.000	-0.043	
40.53	0.501	-0.001	-0.108	
40.57	0.501	-0.006	-0.185	
40.60	0.501	-0.019	-0.108	
40.63	0.500	-0.020	0.138	
40.67	0.499	-0.005	0.265	
40.70	0.500	0.004	0.226	
40.73	0.500	0.007	0.216	
40.77	0.500	0.020	0.142	
40.80	0.501	0.023	-0.078	
40.83	0.502	0.011	-0.196	
40.87	0.502	0.004	-0.158	
40.90	0.502	0.000	-0.087	
40.93	0.502	-0.001	-0.020	
40.97	0.502	0.000	0.011	
41.00	0.502	0.001	-0.001	
41.03	0.502	0.000	-0.018	
41.07	0.502	-0.001	-0.007	
41.10	0.502	-0.000	0.007	
41.13	0.502	-0.000	0.003	
41.17	0.502	-0.000	-0.004	
41.20	0.502	-0.000	-0.011	
41.23	0.502	-0.001	-0.004	
41.27	0.502	-0.001	0.000	
41.30	0.502	-0.001	-0.011	
41.33	0.502	-0.002	-0.011	
41.37	0.501	-0.002	-0.001	
41.40	0.502	-0.001	-0.030	
41.43	0.501	-0.003	-0.095	
41.47	0.501	-0.005	-0.187	
41.50	0.502	-0.020	-0.133	
41.53	0.500	-0.021	0.093	
41.57	0.500	-0.008	0.174	
41.60	0.499	-0.004	0.109	
41.63	0.500	-0.002	0.062	
41.67	0.499	-0.002	0.069	
41.70	0.499	0.001	0.096	
41.73	0.499	0.005	0.103	
41.77	0.500	0.013	-0.010	
41.80	0.501	0.001	-0.047	
41.83	0.499	0.003	0.076	
41.87	0.501	0.015	-0.006	
41.90	0.501	0.004	-0.118	
41.93	0.501	0.001	-0.086	
41.97	0.501	-0.002	-0.032	
42.00	0.501	-0.001	0.025	
42.03	0.501	0.002	0.018	
42.07	0.501	0.001	-0.007	
42.10	0.501	0.000	-0.001	
42.13	0.501	0.001	0.004	
42.17	0.501	0.002	-0.026	
42.20	0.501	0.000	-0.082	
42.23	0.501	-0.004	-0.101	
42.27	0.501	-0.014	0.068	
42.30	0.499	0.000	0.234	
42.33	0.501	0.014	0.078	
42.37	0.501	0.005	-0.082	
42.40	0.501	0.002	-0.067	
42.43	0.501	0.000	-0.025	
42.47	0.501	0.001	0.012	
42.50	0.501	0.002	0.020	
42.53	0.501	0.002	0.011	
42.57	0.501	0.002	0.015	
42.60	0.501	0.004	-0.007	
42.63	0.502	0.001	-0.030	
42.67	0.501	0.001	-0.015	
42.70	0.502	0.001	-0.021	
42.73	0.501	-0.000	-0.031	
42.77	0.502	-0.002	-0.019	
42.80	0.501	-0.002	0.003	
42.83	0.501	-0.001	0.007	
42.87	0.501	-0.001	-0.008	
42.90	0.501	-0.002	-0.007	
42.93	0.501	-0.002	0.012	
42.97	0.501	-0.001	0.017	
43.00	0.501	-0.000	0.006	
43.03	0.501	-0.000	-0.007	
43.07	0.501	-0.001	-0.021	
43.10	0.501	-0.002	-0.020	
43.13	0.501	-0.002	-0.003	
43.17	0.501	-0.002	0.009	
43.20	0.501	-0.001	-0.009	
43.23	0.501	0.000	-0.106	
43.27	0.501	-0.007	-0.214	
43.30	0.501	-0.021	-0.127	
43.33	0.499	-0.022	0.135	
43.37	0.499	-0.008	0.300	
43.40	0.499	0.002	0.325	
43.43	0.499	0.019	0.170	
43.47	0.501	0.018	-0.115	
43.50	0.500	0.004	-0.218	
43.53	0.501	-0.001	-0.176	
43.57	0.500	-0.005	-0.160	
43.60	0.501	-0.016	-0.033	
43.63	0.499	-0.006	0.085	
43.67	0.501	-0.005	0.076	
43.70	0.499	-0.009	0.241	
43.73	0.499	0.016	0.261	
43.77	0.500	0.020	-0.018	
43.80	0.501	0.009	-0.161	
43.83	0.501	0.002	-0.129	
43.87	0.501	0.000	-0.057	
43.90	0.501	0.000	-0.012	
43.93	0.501	0.000	0.009	
43.97	0.501	0.001	0.022	
44.00	0.501	0.002	0.021	
44.03	0.501	0.002	0.007	
44.07	0.501	0.002	-0.007	
44.10	0.501	0.002	-0.021	
44.13	0.501	0.001	-0.022	
44.17	0.501	0.000	-0.011	
44.20	0.501	0.000	-0.004	
44.23	0.501	0.000	0.001	
44.27	0.501	0.000	0.007	
44.30	0.501	0.000	0.014	
44.33	0.501	0.001	0.022	
44.37	0.501	0.003	0.000	
44.40	0.501	0.001	-0.022	
44.43	0.501	0.000	-0.015	
44.47	0.501	0.000	-0.012	
44.50	0.501	-0.000	-0.021	
44.53	0.501	-0.001	-0.063	
44.57	0.501	-0.003	-0.128	
44.60	0.501	-0.008	-0.185	
44.63	0.501	-0.021	-0.069	
44.67	0.499	-0.020	0.237	
44.70	0.499	-0.001	0.391	
44.73	0.499	0.018	0.202	
44.77	0.501	0.017	-0.129	
44.80	0.501	0.002	-0.263	
44.83	0.501	-0.006	-0.219	
44.87	0.501	-0.018	-0.023	
44.90	0.499	-0.005	0.126	
44.93	0.501	-0.002	0.062	
44.97	0.499	-0.002	0.011	
45.00	0.500	-0.001	-0.051	
45.03	0.499	-0.011	0.030	
45.07	0.499	0.006	0.001	
45.10	0.500	-0.006	-0.156	
45.13	0.498	-0.017	-0.011	
45.17	0.498	-0.006	0.111	
45.20	0.498	-0.002	0.069	
45.23	0.498	-0.002	0.030	
45.27	0.498	-0.002	0.020	
45.30	0.498	-0.001	0.019	
45.33	0.498	-0.000	0.010	
45.37	0.498	0.000	0.004	
45.40	0.498	0.000	0.003	
45.43	0.498	0.000	0.015	
45.47	0.498	0.000	0.061	
45.50	0.498	0.002	0.139	
45.53	0.498	0.009	0.189	
45.57	0.498	0.024	0.002	
45.60	0.500	0.016	-0.336	
45.63	0.500	-0.012	-0.294	
45.67	0.499	-0.017	0.105	
45.70	0.498	0.001	0.353	
45.73	0.499	0.020	0.222	
45.77	0.500	0.021	-0.087	
45.80	0.501	0.006	-0.192	
45.83	0.500	0.002	-0.107	
45.87	0.501	0.001	-0.028	
45.90	0.500	0.002	-0.006	
45.93	0.501	0.002	-0.046	
45.97	0.501	-0.001	-0.090	
46.00	0.501	-0.004	-0.120	
46.03	0.501	-0.014	0.001	
46.07	0.499	-0.004	0.134	
46.10	0.501	-0.001	0.117	
46.13	0.499	0.005	0.030	
46.17	0.501	0.008	-0.216	
46.20	0.501	-0.017	-0.236	
46.23	0.499	-0.019	0.061	
46.27	0.499	-0.006	0.209	
46.30	0.499	-0.000	0.207	
46.33	0.499	0.006	0.181	
46.37	0.499	0.017	0.011	
46.40	0.500	0.012	-0.265	
46.43	0.501	-0.013	-0.195	
46.47	0.499	-0.013	0.190	
46.50	0.499	0.012	0.254	
46.53	0.500	0.016	-0.023	
46.57	0.500	0.004	-0.158	
46.60	0.500	-0.001	-0.103	
46.63	0.500	-0.002	-0.031	
46.67	0.500	-0.002	0.019	
46.70	0.500	-0.000	0.031	
46.73	0.500	0.001	0.023	
46.77	0.500	0.002	-0.013	
46.80	0.500	-0.001	-0.028	
46.83	0.500	-0.001	0.004	
46.87	0.500	-0.000	0.023	
46.90	0.500	0.001	0.012	
46.93	0.500	0.001	0.000	
46.97	0.500	0.001	0.005	
47.00	0.500	0.001	-0.003	
47.03	0.500	0.000	-0.011	
47.07	0.500	0.000	-0.005	
47.10	0.500	0.000	-0.002	
47.13	0.500	0.001	-0.027	
47.17	0.500	0.000	-0.102	
47.20	0.500	-0.004	-0.194	
47.23	0.500	-0.020	-0.080	
47.27	0.499	-0.018	0.226	
47.30	0.498	0.002	0.337	
47.33	0.499	0.020	0.054	
47.37	0.501	0.005	-0.234	
47.40	0.499	-0.011	-0.122	
47.43	0.499	-0.004	0.049	
47.47	0.499	-0.001	0.064	
47.50	0.499	0.001	0.050	
47.53	0.499	0.002	0.028	
47.57	0.499	0.002	0.038	
47.60	0.499	0.002	0.099	
47.63	0.499	0.007	0.165	
47.67	0.499	0.021	0.027	
47.70	0.501	0.016	-0.273	
47.73	0.501	-0.011	-0.218	
47.77	0.500	-0.012	0.180	
47.80	0.499	0.015	0.237	
47.83	0.502	0.019	-0.087	
47.87	0.501	0.002	-0.246	
47.90	0.502	-0.012	-0.032	
47.93	0.500	0.000	0.185	
47.97	0.502	0.015	0.008	
48.00	0.502	0.002	-0.226	
48.03	0.501	-0.006	-0.300	
48.07	0.502	-0.023	-0.191	
48.10	0.499	-0.025	0.122	
48.13	0.499	-0.011	0.319	
48.17	0.499	0.000	0.359	
48.20	0.499	0.019	0.202	
48.23	0.501	0.020	-0.114	
48.27	0.501	0.004	-0.244	
48.30	0.501	-0.002	-0.193	
48.33	0.501	-0.007	-0.130	
48.37	0.500	-0.016	0.042	
48.40	0.499	-0.002	0.134	
48.43	0.500	0.007	-0.123	
48.47	0.501	-0.017	-0.204	
48.50	0.498	-0.020	0.070	
48.53	0.499	-0.006	0.192	
48.57	0.499	-0.002	0.175	
48.60	0.498	0.004	0.181	
48.63	0.499	0.009	0.187	
48.67	0.499	0.021	0.075	
48.70	0.501	0.018	-0.138	
48.73	0.500	0.006	-0.216	
48.77	0.501	0.001	-0.212	
48.80	0.500	-0.006	-0.222	
48.83	0.501	-0.020	-0.057	
48.87	0.499	-0.016	0.270	
48.90	0.499	0.004	0.415	
48.93	0.499	0.023	0.214	
48.97	0.501	0.023	-0.150	
49.00	0.501	0.007	-0.338	
49.03	0.501	-0.004	-0.339	
49.07	0.501	-0.021	-0.165	
49.10	0.499	-0.019	0.100	
49.13	0.499	-0.007	0.175	
49.17	0.499	-0.003	0.129	
49.20	0.499	0.000	0.081	
49.23	0.499	0.002	0.037	
49.27	0.499	0.003	-0.011	
49.30	0.499	0.001	-0.028	
49.33	0.499	-0.001	0.024	
49.37	0.499	0.002	0.081	
49.40	0.499	0.006	0.078	
49.43	0.499	0.014	-0.103	
49.47	0.501	-0.002	-0.250	
49.50	0.499	-0.016	-0.061	
49.53	0.499	-0.005	0.111	
49.57	0.499	0.001	0.064	
49.60	0.500	-0.001	0.010	
49.63	0.499	-0.002	0.018	
49.67	0.499	0.000	0.040	
49.70	0.499	0.002	0.048	
49.73	0.499	0.006	-0.005	
49.77	0.500	0.001	-0.051	
49.80	0.499	-0.001	0.008	
49.83	0.500	-0.000	0.118	
49.87	0.499	0.006	0.209	
49.90	0.500	0.022	0.066	
49.93	0.501	0.018	-0.280	
49.97	0.501	-0.003	-0.449	
50.00	0.501	-0.024	-0.248	
50.03	0.499	-0.025	0.117	
50.07	0.499	-0.007	0.244	
50.10	0.499	-0.001	0.160	
50.13	0.499	0.001	0.102	
50.17	0.499	0.002	0.125	
50.20	0.499	0.007	0.214	
50.23	0.499	0.022	0.141	
50.27	0.501	0.022	-0.091	
50.30	0.501	0.011	-0.196	
50.33	0.501	0.004	-0.160	
50.37	0.501	0.001	-0.122	
50.40	0.501	-0.001	-0.142	
50.43	0.501	-0.006	-0.205	
50.47	0.501	-0.020	-0.120	
50.50	0.499	-0.020	0.120	
50.53	0.500	-0.006	0.202	
50.57	0.499	-0.001	0.126	
50.60	0.500	0.001	0.063	
50.63	0.499	0.002	0.021	
50.67	0.500	0.002	-0.006	
50.70	0.500	0.001	-0.009	
50.73	0.500	0.001	0.012	
50.77	0.500	0.001	0.050	
50.80	0.500	0.002	0.125	
50.83	0.500	0.008	0.223	
50.87	0.500	0.025	0.114	
50.90	0.502	0.022	-0.162	
50.93	0.502	0.007	-0.266	
50.97	0.502	-0.000	-0.240	
51.00	0.502	-0.007	-0.221	
51.03	0.502	-0.020	-0.062	
51.07	0.500	-0.016	0.200	
51.10	0.500	0.007	0.105	
51.13	0.502	-0.004	-0.138	
51.17	0.500	-0.016	-0.034	
51.20	0.500	-0.007	0.106	
51.23	0.500	-0.002	0.084	
51.27	0.500	-0.001	0.037	
51.30	0.500	-0.002	0.041	
51.33	0.499	-0.000	0.114	
51.37	0.500	0.005	0.189	
51.40	0.499	0.018	0.107	
51.43	0.501	0.017	-0.105	
51.47	0.501	0.005	-0.157	
51.50	0.501	0.003	-0.105	
51.53	0.501	-0.001	-0.065	
51.57	0.501	-0.002	-0.020	
51.60	0.501	-0.001	-0.040	
51.63	0.501	-0.002	-0.109	
51.67	0.501	-0.008	-0.154	
51.70	0.501	-0.019	-0.003	
51.73	0.499	-0.015	0.306	
51.77	0.499	0.012	0.308	
51.80	0.501	0.017	-0.004	
51.83	0.501	0.006	-0.184	
51.87	0.501	-0.000	-0.213	
51.90	0.501	-0.007	-0.216	
51.93	0.501	-0.019	-0.067	
51.97	0.499	-0.018	0.244	
52.00	0.499	0.001	0.418	
52.03	0.499	0.021	0.258	
52.07	0.501	0.024	-0.076	
52.10	0.501	0.008	-0.200	
52.13	0.501	0.004	-0.121	
52.17	0.501	0.002	-0.063	
52.20	0.501	0.001	-0.028	
52.23	0.501	0.000	-0.010	
52.27	0.501	0.000	-0.006	
52.30	0.501	0.000	-0.034	
52.33	0.501	-0.000	-0.113	
52.37	0.501	-0.006	-0.205	
52.40	0.501	-0.020	-0.125	
52.43	0.500	-0.020	0.103	
52.47	0.499	-0.008	0.191	
52.50	0.499	-0.003	0.169	
52.53	0.499	0.002	0.148	
52.57	0.500	0.005	0.147	
52.60	0.499	0.017	0.023	
52.63	0.501	0.009	-0.159	
52.67	0.500	0.001	-0.194	
52.70	0.501	-0.004	-0.189	
52.73	0.500	-0.016	-0.040	
52.77	0.500	-0.007	0.094	
52.80	0.500	-0.004	0.067	
52.83	0.499	-0.003	0.033	
52.87	0.499	-0.003	0.010	
52.90	0.499	-0.002	0.008	
52.93	0.499	-0.002	0.012	
52.97	0.499	-0.001	0.004	
53.00	0.499	-0.002	-0.000	
53.03	0.499	-0.002	0.011	
53.07	0.499	-0.001	0.008	
53.10	0.499	-0.001	-0.008	
53.13	0.499	-0.002	-0.009	
53.17	0.499	-0.002	0.008	
53.20	0.499	-0.001	0.014	
53.23	0.499	-0.001	0.020	
53.27	0.499	0.001	0.011	
53.30	0.499	0.000	-0.013	
53.33	0.499	-0.000	-0.022	
53.37	0.499	-0.002	-0.013	
53.40	0.499	-0.002	0.010	
53.43	0.499	-0.001	0.018	
53.47	0.499	-0.000	0.011	
53.50	0.499	0.000	0.010	
53.53	0.499	0.000	0.023	
53.57	0.499	0.001	0.061	
53.60	0.499	0.004	0.093	
53.63	0.499	0.008	0.074	
53.67	0.499	0.015	-0.103	
53.70	0.501	0.001	-0.250	
53.73	0.499	-0.013	-0.082	
53.77	0.499	-0.005	0.107	
53.80	0.499	-0.000	0.159	
53.83	0.499	0.007	0.147	
53.87	0.499	0.008	0.151	
53.90	0.499	0.020	0.071	
53.93	0.501	0.019	-0.168	
53.97	0.501	0.004	-0.258	
54.00	0.501	-0.009	-0.052	
54.03	0.499	0.001	0.155	
54.07	0.501	0.013	0.052	
54.10	0.501	0.004	-0.082	
54.13	0.501	0.001	-0.076	
54.17	0.501	-0.000	-0.076	
54.20	0.501	-0.002	-0.099	
54.23	0.501	-0.006	-0.134	
54.27	0.501	-0.016	-0.033	
54.30	0.499	-0.007	0.070	
54.33	0.501	-0.008	0.081	
54.37	0.499	-0.011	0.279	
54.40	0.499	0.018	0.271	
54.43	0.501	0.020	-0.048	
54.47	0.501	0.007	-0.175	
54.50	0.501	0.001	-0.124	
54.53	0.501	-0.001	-0.067	
54.57	0.501	-0.002	-0.032	
54.60	0.501	-0.002	-0.013	
54.63	0.501	-0.003	-0.004	
54.67	0.501	-0.003	-0.001	
54.70	0.501	-0.003	-0.000	
54.73	0.500	-0.003	0.000	
54.77	0.501	-0.003	0.001	
54.80	0.500	-0.003	0.004	
54.83	0.500	-0.002	0.011	
54.87	0.500	-0.002	0.021	
54.90	0.500	-0.001	0.014	
54.93	0.500	-0.000	-0.027	
54.97	0.500	-0.001	-0.100	
55.00	0.500	-0.006	-0.182	
55.03	0.500	-0.018	-0.127	
55.07	0.499	-0.021	0.104	
55.10	0.498	-0.006	0.202	
55.13	0.499	-0.000	0.110	
55.17	0.498	0.000	0.030	
55.20	0.499	-0.001	0.016	
55.23	0.498	0.000	0.033	
55.27	0.499	0.002	0.021	
55.30	0.498	0.003	-0.022	
55.33	0.499	0.000	-0.048	
55.37	0.498	-0.003	-0.003	
55.40	0.499	-0.001	0.073	
55.43	0.498	0.002	0.157	
55.47	0.499	0.009	0.233	
55.50	0.499	0.024	0.119	
55.53	0.501	0.023	-0.174	
55.57	0.501	0.006	-0.309	
55.60	0.501	-0.001	-0.306	
55.63	0.501	-0.018	-0.155	
55.67	0.499	-0.017	0.137	
55.70	0.499	-0.003	0.243	
55.73	0.499	0.011	0.036	
55.77	0.501	-0.001	-0.179	
55.80	0.499	-0.014	-0.051	
55.83	0.499	-0.005	0.132	
55.87	0.499	0.000	0.187	
55.90	0.499	0.006	0.233	
55.93	0.499	0.020	0.127	
55.97	0.501	0.020	-0.119	
56.00	0.501	0.006	-0.203	
56.03	0.501	0.001	-0.134	
56.07	0.501	-0.001	-0.104	
56.10	0.501	-0.003	-0.130	
56.13	0.501	-0.008	-0.176	
56.17	0.501	-0.020	-0.070	
56.20	0.499	-0.020	0.221	
56.23	0.499	-0.000	0.348	
56.27	0.499	0.017	0.105	
56.30	0.501	0.012	-0.285	
56.33	0.501	-0.016	-0.308	
56.37	0.499	-0.020	0.001	
56.40	0.499	-0.008	0.144	
56.43	0.498	-0.004	0.111	
56.47	0.499	-0.002	0.089	
56.50	0.498	-0.000	0.116	
56.53	0.498	0.004	0.155	
56.57	0.498	0.016	0.023	
56.60	0.500	0.007	-0.138	
56.63	0.499	0.001	-0.140	
56.67	0.500	-0.004	-0.089	
56.70	0.498	-0.003	-0.061	
56.73	0.500	-0.005	-0.096	
56.77	0.498	-0.016	0.036	
56.80	0.498	-0.002	0.147	
56.83	0.498	-0.000	0.093	
56.87	0.498	0.003	0.055	
56.90	0.499	0.004	0.002	
56.93	0.499	0.002	-0.028	
56.97	0.499	0.001	-0.025	
57.00	0.499	0.000	-0.007	
57.03	0.499	0.000	0.007	
57.07	0.499	0.001	0.002	
57.10	0.499	0.001	-0.004	
57.13	0.499	0.001	0.006	
57.17	0.499	0.001	0.010	
57.20	0.499	0.001	0.045	
57.23	0.499	0.002	0.131	
57.27	0.499	0.008	0.222	
57.30	0.499	0.023	0.139	
57.33	0.501	0.024	-0.112	
57.37	0.501	0.011	-0.250	
57.40	0.501	0.002	-0.219	
57.43	0.501	-0.004	-0.136	
57.47	0.501	-0.012	0.061	
57.50	0.499	0.002	0.185	
57.53	0.501	0.013	-0.020	
57.57	0.501	-0.000	-0.189	
57.60	0.501	-0.014	0.002	
57.63	0.499	-0.001	0.221	
57.67	0.501	0.015	0.051	
57.70	0.501	0.005	-0.210	
57.73	0.501	-0.005	-0.301	
57.77	0.501	-0.022	-0.178	
57.80	0.499	-0.022	0.117	
57.83	0.499	-0.007	0.236	
57.87	0.499	-0.002	0.193	
57.90	0.499	0.003	0.152	
57.93	0.499	0.015	-0.043	
57.97	0.501	-0.001	-0.160	
58.00	0.499	-0.011	0.093	
58.03	0.499	0.013	0.127	
58.07	0.501	0.014	-0.227	
58.10	0.501	-0.014	-0.287	
58.13	0.499	-0.019	0.008	
58.17	0.499	-0.007	0.185	
58.20	0.499	-0.001	0.221	
58.23	0.499	0.006	0.252	
58.27	0.499	0.020	0.134	
58.30	0.501	0.020	-0.125	
58.33	0.501	0.006	-0.247	
58.37	0.501	-0.000	-0.245	
58.40	0.501	-0.007	-0.270	
58.43	0.501	-0.023	-0.154	
58.47	0.499	-0.024	0.132	
58.50	0.499	-0.008	0.258	
58.53	0.499	-0.000	0.191	
58.57	0.499	0.006	0.064	
58.60	0.499	0.003	-0.030	
58.63	0.499	-0.000	0.011	
58.67	0.499	0.001	0.111	
58.70	0.499	0.007	0.183	
58.73	0.499	0.021	0.036	
58.77	0.501	0.018	-0.312	
58.80	0.501	-0.012	-0.333	
58.83	0.499	-0.018	0.007	
58.87	0.499	-0.004	0.205	
58.90	0.499	0.002	0.224	
58.93	0.500	0.009	0.236	
58.97	0.500	0.023	0.114	
59.00	0.502	0.021	-0.127	
59.03	0.501	0.008	-0.199	
59.07	0.502	0.002	-0.110	
59.10	0.501	0.001	-0.029	
59.13	0.502	0.004	-0.053	
59.17	0.502	-0.000	-0.119	
59.20	0.502	-0.005	-0.146	
59.23	0.502	-0.017	0.008	
59.27	0.500	-0.005	0.181	
59.30	0.502	0.002	0.168	
59.33	0.500	0.006	0.133	
59.37	0.502	0.015	-0.042	
59.40	0.502	0.002	-0.180	
59.43	0.502	-0.001	-0.193	
59.47	0.502	-0.008	-0.245	
59.50	0.502	-0.024	-0.099	
59.53	0.500	-0.022	0.229	
59.57	0.500	-0.003	0.363	
59.60	0.499	0.015	0.140	
59.63	0.501	0.013	-0.253	
59.67	0.501	-0.015	-0.284	
59.70	0.499	-0.018	0.029	
59.73	0.500	-0.006	0.195	
59.77	0.499	0.000	0.218	
59.80	0.500	0.006	0.238	
59.83	0.499	0.020	0.124	
59.87	0.501	0.020	-0.127	
59.90	0.501	0.006	-0.210	
59.93	0.501	0.000	-0.119	
59.97	0.501	-0.002	-0.025	
60.00	0.501	0.002	0.049	
