Vernier Format 2
3.4.txt 1/28/2019 20:12:0
Run 1
Time	Position	Velocity	Acceleration	
T	P	V	A	
s	m	m/s	m/s^2	

0.00	0.502	0.001	-0.097	
0.03	0.502	-0.004	-0.057	
0.07	0.502	-0.004	-0.015	
0.10	0.502	-0.004	-0.005	
0.13	0.502	-0.004	-0.027	
0.17	0.502	-0.004	-0.082	
0.20	0.501	-0.008	-0.153	
0.23	0.502	-0.021	-0.046	
0.27	0.499	-0.018	0.243	
0.30	0.500	0.007	0.235	
0.33	0.501	0.003	0.062	
0.37	0.499	0.004	0.039	
0.40	0.501	0.011	-0.096	
0.43	0.501	-0.009	-0.058	
0.47	0.499	0.002	0.110	
0.50	0.501	0.012	-0.026	
0.53	0.501	-0.007	0.011	
0.57	0.500	0.006	0.172	
0.60	0.502	0.017	0.021	
0.63	0.502	0.006	-0.094	
0.67	0.502	0.004	-0.056	
0.70	0.502	0.004	-0.025	
0.73	0.502	0.003	-0.004	
0.77	0.502	0.003	0.013	
0.80	0.502	0.005	0.014	
0.83	0.502	0.005	-0.004	
0.87	0.503	0.004	-0.025	
0.90	0.503	0.003	-0.032	
0.93	0.503	0.001	-0.011	
0.97	0.503	0.002	0.006	
1.00	0.503	0.002	0.002	
1.03	0.503	0.002	-0.008	
1.07	0.503	0.002	-0.022	
1.10	0.503	0.001	-0.023	
1.13	0.503	0.000	-0.015	
1.17	0.503	-0.000	-0.014	
1.20	0.503	-0.001	-0.018	
1.23	0.503	-0.002	-0.005	
1.27	0.503	-0.002	0.021	
1.30	0.503	0.000	0.028	
1.33	0.503	0.002	-0.012	
1.37	0.503	-0.001	-0.041	
1.40	0.503	-0.002	-0.029	
1.43	0.503	-0.003	-0.021	
1.47	0.503	-0.003	-0.021	
1.50	0.503	-0.004	-0.015	
1.53	0.502	-0.005	-0.000	
1.57	0.502	-0.004	-0.004	
1.60	0.502	-0.005	-0.012	
1.63	0.502	-0.005	-0.006	
1.67	0.502	-0.005	0.001	
1.70	0.502	-0.005	0.010	
1.73	0.501	-0.005	0.019	
1.77	0.501	-0.003	0.015	
1.80	0.501	-0.003	0.001	
1.83	0.501	-0.004	0.005	
1.87	0.501	-0.003	0.016	
1.90	0.501	-0.003	0.019	
1.93	0.501	-0.002	0.025	
1.97	0.501	-0.001	0.023	
2.00	0.501	-0.000	0.012	
2.03	0.501	0.000	0.006	
2.07	0.501	0.000	0.012	
2.10	0.501	0.000	0.026	
2.13	0.501	0.001	0.044	
2.17	0.501	0.005	0.022	
2.20	0.501	0.003	-0.010	
2.23	0.501	0.003	-0.006	
2.27	0.501	0.003	0.005	
2.30	0.501	0.003	0.017	
2.33	0.502	0.004	0.011	
2.37	0.502	0.004	-0.008	
2.40	0.502	0.003	-0.011	
2.43	0.502	0.003	0.001	
2.47	0.502	0.004	-0.001	
2.50	0.502	0.003	-0.005	
2.53	0.502	0.003	0.003	
2.57	0.502	0.004	-0.004	
2.60	0.503	0.003	-0.016	
2.63	0.502	0.003	-0.018	
2.67	0.503	0.002	-0.022	
2.70	0.503	0.001	-0.016	
2.73	0.503	0.001	-0.004	
2.77	0.503	0.001	-0.011	
2.80	0.503	0.000	-0.021	
2.83	0.503	-0.001	-0.001	
2.87	0.503	-0.000	0.018	
2.90	0.503	0.001	0.017	
2.93	0.503	0.002	-0.019	
2.97	0.503	-0.001	-0.043	
3.00	0.503	-0.002	-0.026	
3.03	0.503	-0.003	-0.015	
3.07	0.502	-0.003	-0.013	
3.10	0.503	-0.003	-0.022	
3.13	0.502	-0.005	-0.018	
3.17	0.502	-0.005	-0.001	
3.20	0.502	-0.005	0.014	
3.23	0.502	-0.003	0.010	
3.27	0.502	-0.003	-0.010	
3.30	0.502	-0.005	-0.014	
3.33	0.501	-0.005	0.001	
3.37	0.501	-0.005	0.018	
3.40	0.501	-0.003	0.020	
3.43	0.501	-0.003	0.003	
3.47	0.501	-0.003	-0.036	
3.50	0.501	-0.004	-0.103	
3.53	0.501	-0.008	-0.176	
3.57	0.501	-0.021	-0.098	
3.60	0.499	-0.021	0.139	
3.63	0.499	-0.006	0.245	
3.67	0.499	-0.000	0.225	
3.70	0.499	0.008	0.194	
3.73	0.499	0.018	0.035	
3.77	0.501	0.007	-0.050	
3.80	0.499	0.007	0.050	
3.83	0.501	0.018	-0.019	
3.87	0.501	0.007	-0.116	
3.90	0.501	0.004	-0.076	
3.93	0.501	0.003	-0.035	
3.97	0.501	0.003	-0.004	
4.00	0.502	0.003	0.009	
4.03	0.501	0.003	0.018	
4.07	0.502	0.004	0.012	
4.10	0.502	0.004	-0.008	
4.13	0.502	0.003	-0.011	
4.17	0.502	0.003	0.001	
4.20	0.502	0.004	0.000	
4.23	0.502	0.003	-0.000	
4.27	0.502	0.003	0.014	
4.30	0.502	0.005	0.014	
4.33	0.503	0.005	-0.003	
4.37	0.503	0.004	-0.023	
4.40	0.503	0.003	-0.029	
4.43	0.503	0.002	-0.012	
4.47	0.503	0.003	-0.019	
4.50	0.503	0.001	-0.036	
4.53	0.503	-0.000	-0.043	
4.57	0.503	-0.002	-0.078	
4.60	0.503	-0.003	-0.168	
4.63	0.503	-0.011	-0.283	
4.67	0.503	-0.030	-0.163	
4.70	0.501	-0.030	0.176	
4.73	0.500	-0.012	0.364	
4.77	0.500	0.001	0.338	
4.80	0.500	0.011	0.220	
4.83	0.501	0.021	-0.067	
4.87	0.502	0.013	-0.461	
4.90	0.503	-0.024	-0.425	
4.93	0.500	-0.033	0.075	
4.97	0.499	-0.008	0.305	
5.00	0.500	0.002	0.146	
5.03	0.500	-0.002	0.033	
5.07	0.499	-0.000	0.028	
5.10	0.500	0.001	0.010	
5.13	0.500	0.000	-0.004	
5.17	0.500	0.000	-0.008	
5.20	0.500	-0.000	-0.009	
5.23	0.500	-0.000	-0.015	
5.27	0.500	-0.001	-0.023	
5.30	0.500	-0.001	-0.057	
5.33	0.500	-0.005	-0.073	
5.37	0.499	-0.009	0.010	
5.40	0.499	-0.006	0.128	
5.43	0.499	0.004	0.120	
5.47	0.499	0.007	-0.037	
5.50	0.499	0.001	-0.169	
5.53	0.500	-0.008	-0.169	
5.57	0.499	-0.022	0.128	
5.60	0.497	0.000	0.418	
5.63	0.499	0.027	0.166	
5.67	0.500	0.012	-0.129	
5.70	0.499	0.005	-0.107	
5.73	0.500	0.005	-0.052	
5.77	0.500	0.003	-0.002	
5.80	0.500	0.005	0.030	
5.83	0.500	0.006	0.013	
5.87	0.501	0.006	-0.003	
5.90	0.501	0.005	-0.006	
5.93	0.501	0.005	-0.011	
5.97	0.501	0.005	-0.027	
6.00	0.501	0.002	-0.013	
6.03	0.501	0.003	0.037	
6.07	0.501	0.008	0.003	
6.10	0.502	0.005	-0.075	
6.13	0.502	0.001	-0.090	
6.17	0.502	-0.003	-0.050	
6.20	0.501	-0.003	-0.004	
6.23	0.502	-0.002	0.012	
6.27	0.501	-0.001	0.000	
6.30	0.502	-0.002	-0.019	
6.33	0.501	-0.003	-0.032	
6.37	0.501	-0.004	-0.048	
6.40	0.501	-0.007	-0.030	
6.43	0.501	-0.008	0.036	
6.47	0.500	-0.004	0.087	
6.50	0.501	0.001	0.052	
6.53	0.501	0.000	-0.014	
6.57	0.501	-0.002	-0.033	
6.60	0.500	-0.002	-0.041	
6.63	0.501	-0.005	-0.019	
6.67	0.500	-0.004	0.029	
6.70	0.500	-0.002	0.034	
6.73	0.500	-0.002	0.027	
6.77	0.500	-0.000	0.023	
6.80	0.500	0.000	0.012	
6.83	0.500	0.001	-0.010	
6.87	0.500	-0.001	-0.017	
6.90	0.500	-0.001	-0.004	
6.93	0.500	-0.001	0.010	
6.97	0.500	0.000	0.020	
7.00	0.500	0.001	-0.001	
7.03	0.500	-0.000	-0.016	
7.07	0.500	-0.002	0.027	
7.10	0.500	-0.000	0.104	
7.13	0.500	0.005	0.152	
7.17	0.500	0.018	0.007	
7.20	0.502	0.007	-0.159	
7.23	0.500	-0.007	0.036	
7.27	0.500	0.014	0.113	
7.30	0.502	0.009	-0.022	
7.33	0.501	0.007	-0.043	
7.37	0.503	0.007	-0.081	
7.40	0.501	0.003	-0.118	
7.43	0.503	-0.002	-0.114	
7.47	0.501	-0.013	0.105	
7.50	0.501	0.004	0.329	
7.53	0.502	0.022	0.196	
7.57	0.503	0.022	-0.091	
7.60	0.504	0.009	-0.208	
7.63	0.504	0.002	-0.143	
7.67	0.504	0.000	-0.061	
7.70	0.504	0.000	-0.017	
7.73	0.504	0.000	-0.007	
7.77	0.504	-0.000	-0.012	
7.80	0.504	-0.001	-0.022	
7.83	0.504	-0.002	-0.023	
7.87	0.503	-0.002	-0.019	
7.90	0.504	-0.003	-0.040	
7.93	0.503	-0.004	-0.072	
7.97	0.503	-0.007	-0.084	
8.00	0.503	-0.017	0.070	
8.03	0.501	-0.003	0.198	
8.07	0.503	0.010	-0.011	
8.10	0.503	-0.003	-0.222	
8.13	0.503	-0.019	-0.081	
8.17	0.501	-0.010	0.122	
8.20	0.502	-0.005	0.174	
8.23	0.500	0.002	0.190	
8.27	0.502	0.014	0.039	
8.30	0.502	0.005	-0.123	
8.33	0.502	-0.000	-0.144	
8.37	0.502	-0.004	-0.165	
8.40	0.502	-0.009	-0.204	
8.43	0.502	-0.023	-0.081	
8.47	0.500	-0.021	0.209	
8.50	0.500	-0.004	0.344	
8.53	0.500	0.013	0.166	
8.57	0.502	0.006	-0.004	
8.60	0.500	0.005	0.013	
8.63	0.501	0.014	-0.129	
8.67	0.502	-0.001	-0.303	
8.70	0.501	-0.017	-0.192	
8.73	0.500	-0.019	0.063	
8.77	0.500	-0.007	0.182	
8.80	0.500	-0.002	0.158	
8.83	0.500	0.002	0.139	
8.87	0.500	0.006	0.132	
8.90	0.500	0.018	-0.041	
8.93	0.502	0.004	-0.203	
8.97	0.500	-0.011	0.030	
9.00	0.500	0.004	0.296	
9.03	0.500	0.022	0.215	
9.07	0.502	0.026	-0.081	
9.10	0.503	0.010	-0.211	
9.13	0.502	0.004	-0.129	
9.17	0.503	0.003	-0.055	
9.20	0.503	0.002	-0.022	
9.23	0.503	0.002	-0.024	
9.27	0.503	0.001	-0.025	
9.30	0.503	0.000	-0.019	
9.33	0.503	-0.000	-0.016	
9.37	0.503	-0.001	-0.004	
9.40	0.503	-0.001	0.003	
9.43	0.503	-0.001	-0.005	
9.47	0.503	-0.001	-0.001	
9.50	0.503	-0.001	0.000	
9.53	0.503	-0.001	-0.015	
9.57	0.503	-0.002	-0.019	
9.60	0.502	-0.002	-0.011	
9.63	0.503	-0.003	-0.008	
9.67	0.502	-0.003	-0.011	
9.70	0.502	-0.003	-0.017	
9.73	0.502	-0.004	-0.005	
9.77	0.502	-0.004	0.020	
9.80	0.502	-0.002	0.025	
9.83	0.502	-0.000	-0.036	
9.87	0.502	-0.005	-0.090	
9.90	0.502	-0.007	-0.094	
9.93	0.502	-0.017	0.035	
9.97	0.500	-0.004	0.126	
10.00	0.502	0.005	-0.115	
10.03	0.501	-0.018	-0.191	
10.07	0.500	-0.021	0.067	
10.10	0.499	-0.007	0.174	
10.13	0.500	-0.002	0.102	
10.17	0.499	-0.002	0.044	
10.20	0.499	-0.002	0.038	
10.23	0.499	0.000	0.044	
10.27	0.499	0.003	0.012	
10.30	0.499	0.002	-0.030	
10.33	0.500	-0.001	-0.015	
10.37	0.499	-0.001	0.061	
10.40	0.499	0.003	0.144	
10.43	0.499	0.008	0.211	
10.47	0.500	0.022	0.136	
10.50	0.501	0.023	-0.088	
10.53	0.502	0.010	-0.173	
10.57	0.502	0.006	-0.094	
10.60	0.502	0.006	-0.040	
10.63	0.502	0.005	-0.035	
10.67	0.502	0.003	-0.030	
10.70	0.502	0.003	-0.021	
10.73	0.502	0.002	-0.016	
10.77	0.502	0.001	-0.001	
10.80	0.502	0.002	0.010	
10.83	0.503	0.002	0.003	
10.87	0.502	0.002	-0.008	
10.90	0.503	0.002	-0.022	
10.93	0.503	0.001	-0.026	
10.97	0.503	0.000	-0.022	
11.00	0.503	-0.001	-0.023	
11.03	0.503	-0.002	-0.016	
11.07	0.502	-0.002	-0.000	
11.10	0.503	-0.001	-0.002	
11.13	0.502	-0.002	-0.008	
11.17	0.502	-0.002	-0.006	
11.20	0.502	-0.002	-0.015	
11.23	0.502	-0.004	-0.011	
11.27	0.502	-0.004	0.017	
11.30	0.502	-0.001	-0.005	
11.33	0.502	-0.003	-0.056	
11.37	0.502	-0.004	-0.114	
11.40	0.502	-0.009	-0.189	
11.43	0.502	-0.023	-0.082	
11.47	0.500	-0.021	0.190	
11.50	0.500	-0.004	0.277	
11.53	0.500	0.010	0.027	
11.57	0.501	-0.003	-0.209	
11.60	0.500	-0.018	-0.073	
11.63	0.499	-0.009	0.106	
11.67	0.499	-0.003	0.092	
11.70	0.499	-0.002	0.043	
11.73	0.499	-0.002	0.020	
11.77	0.499	-0.001	0.013	
11.80	0.499	-0.001	0.018	
11.83	0.499	0.000	0.027	
11.87	0.499	0.001	0.012	
11.90	0.499	0.001	0.004	
11.93	0.499	0.001	0.017	
11.97	0.499	0.002	0.025	
12.00	0.499	0.003	0.023	
12.03	0.499	0.003	0.028	
12.07	0.499	0.005	0.035	
12.10	0.500	0.004	0.094	
12.13	0.499	0.009	0.194	
12.17	0.500	0.023	0.120	
12.20	0.501	0.023	-0.117	
12.23	0.502	0.009	-0.197	
12.27	0.502	0.004	-0.116	
12.30	0.502	0.003	-0.048	
12.33	0.502	0.002	-0.016	
12.37	0.502	0.002	-0.013	
12.40	0.502	0.001	-0.003	
12.43	0.502	0.002	0.004	
12.47	0.502	0.002	-0.005	
12.50	0.502	0.001	-0.002	
12.53	0.502	0.002	-0.004	
12.57	0.502	0.002	-0.025	
12.60	0.502	0.000	-0.037	
12.63	0.502	-0.002	-0.022	
12.67	0.502	-0.002	0.003	
12.70	0.502	-0.001	0.008	
12.73	0.502	-0.001	-0.002	
12.77	0.502	-0.002	0.003	
12.80	0.502	-0.001	0.022	
12.83	0.502	0.002	-0.005	
12.87	0.502	-0.001	-0.037	
12.90	0.502	-0.002	-0.032	
12.93	0.502	-0.003	-0.028	
12.97	0.502	-0.004	-0.013	
13.00	0.502	-0.004	0.010	
13.03	0.501	-0.003	0.017	
13.07	0.502	-0.003	0.001	
13.10	0.501	-0.003	-0.040	
13.13	0.501	-0.004	-0.115	
13.17	0.501	-0.009	-0.198	
13.20	0.501	-0.023	-0.122	
13.23	0.499	-0.023	0.113	
13.27	0.499	-0.009	0.191	
13.30	0.499	-0.005	0.127	
13.33	0.499	-0.002	0.081	
13.37	0.499	-0.001	0.045	
13.40	0.499	0.000	0.025	
13.43	0.499	0.001	0.004	
13.47	0.499	0.000	-0.006	
13.50	0.499	-0.000	0.015	
13.53	0.499	0.002	0.008	
13.57	0.499	0.001	-0.010	
13.60	0.499	0.000	0.009	
13.63	0.499	0.001	0.061	
13.67	0.499	0.004	0.136	
13.70	0.499	0.009	0.209	
13.73	0.499	0.023	0.123	
13.77	0.501	0.023	-0.118	
13.80	0.501	0.009	-0.198	
13.83	0.501	0.004	-0.115	
13.87	0.501	0.003	-0.041	
13.90	0.502	0.003	-0.002	
13.93	0.501	0.003	0.009	
13.97	0.502	0.004	-0.001	
14.00	0.502	0.003	-0.014	
14.03	0.502	0.003	-0.014	
14.07	0.502	0.002	-0.015	
14.10	0.502	0.001	-0.005	
14.13	0.502	0.002	-0.000	
14.17	0.502	0.002	-0.013	
14.20	0.502	0.001	-0.009	
14.23	0.502	0.001	0.010	
14.27	0.502	0.001	0.025	
14.30	0.502	0.004	-0.008	
14.33	0.503	0.001	-0.044	
14.37	0.502	-0.001	-0.026	
14.40	0.502	-0.001	-0.010	
14.43	0.502	-0.001	-0.017	
14.47	0.502	-0.002	-0.019	
14.50	0.502	-0.002	-0.011	
14.53	0.502	-0.003	-0.004	
14.57	0.502	-0.003	-0.002	
14.60	0.502	-0.003	-0.005	
14.63	0.502	-0.003	-0.018	
14.67	0.502	-0.003	-0.055	
14.70	0.502	-0.006	-0.091	
14.73	0.502	-0.009	-0.115	
14.77	0.501	-0.019	-0.011	
14.80	0.500	-0.009	0.086	
14.83	0.501	-0.007	0.035	
14.87	0.499	-0.014	0.122	
14.90	0.499	0.007	0.059	
14.93	0.501	-0.004	-0.136	
14.97	0.499	-0.015	-0.005	
15.00	0.499	-0.003	0.104	
15.03	0.499	-0.002	0.066	
15.07	0.499	0.000	0.045	
15.10	0.499	0.001	0.030	
15.13	0.499	0.000	0.060	
15.17	0.499	0.003	0.100	
15.20	0.499	0.015	-0.053	
15.23	0.501	0.001	-0.214	
15.27	0.499	-0.013	-0.035	
15.30	0.499	-0.000	0.132	
15.33	0.499	0.002	0.155	
15.37	0.499	0.006	0.223	
15.40	0.499	0.022	0.143	
15.43	0.501	0.023	-0.104	
15.47	0.501	0.009	-0.188	
15.50	0.502	0.004	-0.107	
15.53	0.501	0.003	-0.033	
15.57	0.502	0.004	-0.008	
15.60	0.502	0.003	-0.005	
15.63	0.502	0.003	0.010	
15.67	0.502	0.004	0.025	
15.70	0.502	0.006	0.010	
15.73	0.502	0.005	-0.023	
15.77	0.502	0.003	-0.029	
15.80	0.503	0.003	-0.026	
15.83	0.503	0.002	-0.031	
15.87	0.503	0.000	-0.034	
15.90	0.503	-0.000	-0.030	
15.93	0.503	-0.002	-0.019	
15.97	0.502	-0.002	-0.001	
16.00	0.503	-0.001	-0.001	
16.03	0.502	-0.002	-0.005	
16.07	0.502	-0.002	0.004	
16.10	0.502	-0.001	-0.003	
16.13	0.502	-0.002	-0.012	
16.17	0.502	-0.002	-0.007	
16.20	0.502	-0.003	-0.003	
16.23	0.502	-0.003	-0.001	
16.27	0.502	-0.003	-0.001	
16.30	0.502	-0.003	-0.004	
16.33	0.502	-0.003	-0.008	
16.37	0.502	-0.003	-0.008	
16.40	0.502	-0.004	0.011	
16.43	0.501	-0.003	0.042	
16.47	0.501	0.001	0.008	
16.50	0.502	-0.001	-0.068	
16.53	0.501	-0.004	-0.129	
16.57	0.501	-0.009	-0.166	
16.60	0.501	-0.023	0.012	
16.63	0.499	-0.016	0.357	
16.67	0.499	0.015	0.339	
16.70	0.501	0.019	-0.012	
16.73	0.501	0.005	-0.166	
16.77	0.501	0.001	-0.146	
16.80	0.501	-0.002	-0.160	
16.83	0.501	-0.007	-0.208	
16.87	0.501	-0.022	-0.075	
16.90	0.499	-0.020	0.268	
16.93	0.499	0.001	0.436	
16.97	0.499	0.021	0.256	
17.00	0.501	0.023	-0.067	
17.03	0.501	0.009	-0.194	
17.07	0.501	0.004	-0.149	
17.10	0.501	0.001	-0.142	
17.13	0.501	-0.003	-0.185	
17.17	0.502	-0.014	-0.139	
17.20	0.500	-0.018	0.072	
17.23	0.500	-0.005	0.176	
17.27	0.500	-0.000	0.103	
17.30	0.500	0.000	0.044	
17.33	0.500	0.000	0.057	
17.37	0.500	0.002	0.131	
17.40	0.500	0.008	0.209	
17.43	0.500	0.022	0.112	
17.47	0.502	0.021	-0.127	
17.50	0.502	0.007	-0.190	
17.53	0.502	0.003	-0.109	
17.57	0.502	0.002	-0.060	
17.60	0.502	0.000	-0.039	
17.63	0.502	-0.000	-0.034	
17.67	0.502	-0.002	-0.025	
17.70	0.502	-0.002	-0.008	
17.73	0.502	-0.002	0.006	
17.77	0.502	-0.002	0.018	
17.80	0.502	-0.001	0.013	
17.83	0.502	-0.001	-0.001	
17.87	0.502	-0.002	0.003	
17.90	0.502	-0.001	0.019	
17.93	0.502	0.002	-0.010	
17.97	0.502	-0.002	-0.041	
18.00	0.502	-0.003	-0.014	
18.03	0.502	-0.003	0.011	
18.07	0.501	-0.001	0.001	
18.10	0.502	-0.002	-0.033	
18.13	0.501	-0.003	-0.059	
18.17	0.501	-0.005	-0.075	
18.20	0.501	-0.015	0.068	
18.23	0.500	-0.002	0.225	
18.27	0.501	0.012	0.080	
18.30	0.501	0.003	-0.064	
18.33	0.501	0.001	-0.046	
18.37	0.501	0.000	-0.016	
18.40	0.501	0.000	0.011	
18.43	0.501	0.002	0.010	
18.47	0.501	0.001	0.008	
18.50	0.501	0.002	0.010	
18.53	0.501	0.002	0.007	
18.57	0.501	0.002	0.025	
18.60	0.501	0.003	0.044	
18.63	0.502	0.007	0.007	
18.67	0.502	0.004	-0.029	
18.70	0.502	0.003	-0.021	
18.73	0.502	0.003	-0.010	
18.77	0.502	0.003	-0.002	
18.80	0.502	0.003	-0.000	
18.83	0.502	0.003	-0.001	
18.87	0.502	0.003	-0.003	
18.90	0.502	0.002	-0.007	
18.93	0.503	0.002	-0.012	
18.97	0.502	0.001	-0.004	
19.00	0.503	0.002	-0.000	
19.03	0.503	0.002	-0.015	
19.07	0.503	0.001	-0.019	
19.10	0.503	0.000	-0.011	
19.13	0.503	0.000	-0.004	
19.17	0.503	0.000	-0.001	
19.20	0.503	0.000	0.000	
19.23	0.503	0.000	0.003	
19.27	0.503	0.000	0.004	
19.30	0.503	0.000	0.003	
19.33	0.503	0.001	-0.015	
19.37	0.503	-0.001	-0.022	
19.40	0.503	-0.001	-0.018	
19.43	0.503	-0.002	-0.018	
19.47	0.502	-0.002	-0.009	
19.50	0.503	-0.003	-0.004	
19.53	0.502	-0.003	-0.001	
19.57	0.502	-0.003	-0.003	
19.60	0.502	-0.003	-0.007	
19.63	0.502	-0.003	-0.011	
19.67	0.502	-0.004	0.001	
19.70	0.502	-0.003	0.014	
19.73	0.502	-0.003	0.014	
19.77	0.502	-0.002	0.014	
19.80	0.502	-0.001	0.001	
19.83	0.502	-0.002	-0.010	
19.87	0.501	-0.002	-0.004	
19.90	0.502	-0.002	0.002	
19.93	0.501	-0.002	0.005	
19.97	0.501	-0.001	-0.010	
20.00	0.501	-0.003	-0.033	
