Vernier Format 2
3.9.txt 1/28/2019 19:24:41
Run 1
Time	Position	Velocity	Acceleration	
T	P	V	A	
s	m	m/s	m/s^2	

0.00	0.517	-0.001	-0.123	
0.03	0.517	-0.006	-0.074	
0.07	0.516	-0.007	-0.021	
0.10	0.517	-0.006	-0.003	
0.13	0.516	-0.007	0.009	
0.17	0.516	-0.006	0.021	
0.20	0.516	-0.006	0.037	
0.23	0.516	-0.002	0.025	
0.27	0.516	-0.003	-0.014	
0.30	0.515	-0.004	-0.022	
0.33	0.515	-0.005	-0.012	
0.37	0.515	-0.005	-0.000	
0.40	0.515	-0.005	0.010	
0.43	0.515	-0.005	0.022	
0.47	0.515	-0.003	0.021	
0.50	0.514	-0.003	0.006	
0.53	0.514	-0.003	-0.011	
0.57	0.514	-0.003	-0.033	
0.60	0.514	-0.005	-0.043	
0.63	0.514	-0.007	-0.028	
0.67	0.514	-0.007	0.004	
0.70	0.513	-0.007	0.040	
0.73	0.513	-0.005	0.066	
0.77	0.513	-0.001	0.056	
0.80	0.513	-0.000	0.032	
0.83	0.513	0.000	0.024	
0.87	0.513	0.001	0.031	
0.90	0.513	0.002	0.033	
0.93	0.513	0.004	0.012	
0.97	0.513	0.003	-0.003	
1.00	0.514	0.003	0.005	
1.03	0.514	0.003	0.020	
1.07	0.514	0.005	0.029	
1.10	0.514	0.005	0.028	
1.13	0.514	0.006	0.029	
1.17	0.514	0.008	0.001	
1.20	0.515	0.007	-0.039	
1.23	0.515	0.004	-0.033	
1.27	0.515	0.004	0.003	
1.30	0.515	0.005	0.021	
1.33	0.515	0.006	0.002	
1.37	0.516	0.005	-0.019	
1.40	0.516	0.004	-0.014	
1.43	0.516	0.004	-0.013	
1.47	0.516	0.004	-0.030	
1.50	0.516	0.001	-0.019	
1.53	0.516	0.001	0.017	
1.57	0.516	0.004	0.021	
1.60	0.516	0.004	-0.013	
1.63	0.516	0.003	-0.037	
1.67	0.517	0.001	-0.035	
1.70	0.516	0.000	-0.023	
1.73	0.517	-0.000	-0.017	
1.77	0.516	-0.001	-0.006	
1.80	0.516	-0.001	-0.005	
1.83	0.516	-0.001	-0.026	
1.87	0.516	-0.003	-0.041	
1.90	0.516	-0.004	-0.033	
1.93	0.516	-0.005	-0.015	
1.97	0.516	-0.005	-0.004	
2.00	0.516	-0.005	0.002	
2.03	0.516	-0.005	0.007	
2.07	0.515	-0.005	0.011	
2.10	0.515	-0.004	-0.000	
2.13	0.515	-0.005	-0.011	
2.17	0.515	-0.005	-0.008	
2.20	0.515	-0.005	-0.006	
2.23	0.514	-0.005	-0.003	
2.27	0.514	-0.005	0.004	
2.30	0.514	-0.006	0.033	
2.33	0.514	-0.003	0.052	
2.37	0.514	-0.001	0.034	
2.40	0.514	-0.001	0.012	
2.43	0.514	-0.001	0.017	
2.47	0.514	0.000	0.033	
2.50	0.514	0.002	0.027	
2.53	0.514	0.002	0.011	
2.57	0.514	0.002	0.010	
2.60	0.514	0.002	0.040	
2.63	0.514	0.004	0.076	
2.67	0.514	0.009	0.040	
2.70	0.515	0.009	-0.036	
2.73	0.515	0.005	-0.048	
2.77	0.515	0.004	-0.008	
2.80	0.515	0.005	0.020	
2.83	0.516	0.006	0.027	
2.87	0.516	0.007	0.015	
2.90	0.516	0.007	-0.010	
2.93	0.516	0.006	-0.018	
2.97	0.516	0.005	-0.010	
3.00	0.516	0.005	-0.004	
3.03	0.517	0.005	-0.003	
3.07	0.517	0.005	-0.008	
3.10	0.517	0.005	-0.022	
3.13	0.517	0.004	-0.042	
3.17	0.517	0.001	-0.040	
3.20	0.517	0.001	-0.018	
3.23	0.517	0.001	-0.016	
3.27	0.517	-0.001	-0.005	
3.30	0.517	0.000	0.014	
3.33	0.517	0.001	0.003	
3.37	0.517	0.000	-0.012	
3.40	0.517	0.000	-0.018	
3.43	0.517	-0.001	-0.025	
3.47	0.517	-0.002	-0.023	
3.50	0.517	-0.002	-0.012	
3.53	0.517	-0.003	-0.009	
3.57	0.517	-0.003	-0.017	
3.60	0.517	-0.003	-0.037	
3.63	0.517	-0.005	-0.049	
3.67	0.517	-0.007	-0.034	
3.70	0.516	-0.009	0.009	
3.73	0.516	-0.007	0.045	
3.77	0.516	-0.003	0.017	
3.80	0.516	-0.005	-0.031	
3.83	0.516	-0.007	-0.030	
3.87	0.515	-0.008	-0.005	
3.90	0.515	-0.008	0.040	
3.93	0.515	-0.004	0.058	
3.97	0.515	-0.003	0.041	
4.00	0.514	-0.002	0.034	
4.03	0.515	-0.001	0.025	
4.07	0.514	-0.000	0.012	
4.10	0.515	0.000	0.006	
4.13	0.514	0.000	0.010	
4.17	0.515	0.000	0.026	
4.20	0.514	0.001	0.051	
4.23	0.515	0.004	0.054	
4.27	0.515	0.006	0.019	
4.30	0.515	0.005	-0.013	
4.33	0.515	0.005	-0.025	
4.37	0.516	0.003	-0.021	
4.40	0.515	0.003	-0.004	
4.43	0.516	0.004	-0.003	
4.47	0.516	0.002	0.014	
4.50	0.516	0.004	0.032	
4.53	0.516	0.005	0.023	
4.57	0.516	0.006	-0.000	
4.60	0.517	0.005	-0.020	
4.63	0.516	0.004	-0.008	
4.67	0.517	0.005	0.003	
4.70	0.517	0.005	-0.005	
4.73	0.517	0.005	-0.019	
4.77	0.517	0.003	-0.022	
4.80	0.517	0.003	-0.012	
4.83	0.517	0.003	-0.009	
4.87	0.517	0.002	-0.015	
4.90	0.517	0.002	-0.030	
4.93	0.518	0.000	-0.034	
4.97	0.517	-0.001	-0.016	
5.00	0.517	-0.001	-0.005	
5.03	0.517	-0.001	-0.020	
5.07	0.517	-0.002	-0.029	
5.10	0.517	-0.003	-0.029	
5.13	0.517	-0.004	-0.016	
5.17	0.517	-0.004	0.005	
5.20	0.517	-0.003	0.003	
5.23	0.517	-0.003	-0.019	
5.27	0.517	-0.005	-0.029	
5.30	0.516	-0.006	-0.010	
5.33	0.516	-0.006	0.010	
5.37	0.516	-0.005	0.014	
5.40	0.516	-0.005	0.015	
5.43	0.516	-0.004	0.005	
5.47	0.516	-0.005	0.001	
5.50	0.515	-0.004	0.016	
5.53	0.515	-0.003	0.023	
5.57	0.515	-0.003	0.021	
5.60	0.515	-0.002	0.023	
5.63	0.515	-0.001	0.017	
5.67	0.515	-0.001	0.004	
5.70	0.515	-0.001	0.011	
5.73	0.515	0.000	0.023	
5.77	0.515	0.001	0.011	
5.80	0.515	0.001	0.003	
5.83	0.515	0.001	0.013	
5.87	0.515	0.002	0.013	
5.90	0.515	0.002	0.003	
5.93	0.515	0.001	0.012	
5.97	0.515	0.003	0.027	
6.00	0.516	0.004	0.022	
6.03	0.516	0.004	0.021	
6.07	0.516	0.005	0.023	
6.10	0.516	0.006	0.001	
6.13	0.516	0.005	-0.020	
6.17	0.516	0.004	-0.015	
6.20	0.516	0.004	-0.013	
6.23	0.517	0.004	-0.030	
6.27	0.517	0.001	-0.023	
6.30	0.517	0.001	0.009	
6.33	0.517	0.003	0.011	
6.37	0.517	0.003	-0.002	
6.40	0.517	0.002	0.011	
6.43	0.517	0.004	0.008	
6.47	0.517	0.004	-0.026	
6.50	0.517	0.001	-0.037	
6.53	0.517	0.000	-0.022	
6.57	0.517	0.000	-0.014	
6.60	0.517	-0.000	-0.020	
6.63	0.517	-0.001	-0.040	
6.67	0.517	-0.003	-0.051	
6.70	0.517	-0.006	-0.022	
6.73	0.517	-0.005	0.017	
6.77	0.517	-0.003	0.023	
6.80	0.517	-0.003	0.009	
6.83	0.517	-0.003	-0.010	
6.87	0.516	-0.003	-0.028	
6.90	0.516	-0.005	-0.033	
6.93	0.516	-0.006	-0.011	
6.97	0.516	-0.006	0.007	
7.00	0.516	-0.005	0.007	
7.03	0.516	-0.005	0.007	
7.07	0.515	-0.005	0.008	
7.10	0.515	-0.005	0.013	
7.13	0.515	-0.004	0.008	
7.17	0.515	-0.004	0.011	
7.20	0.515	-0.004	0.034	
7.23	0.515	-0.001	0.034	
7.27	0.515	-0.001	0.011	
7.30	0.515	-0.001	0.009	
7.33	0.514	-0.000	0.016	
7.37	0.515	0.000	0.015	
7.40	0.514	0.000	0.019	
7.43	0.515	0.002	0.015	
7.47	0.515	0.001	0.019	
7.50	0.515	0.003	0.027	
7.53	0.515	0.004	0.012	
7.57	0.515	0.003	0.003	
7.60	0.515	0.003	0.012	
7.63	0.515	0.004	0.012	
7.67	0.515	0.005	-0.000	
7.70	0.516	0.004	0.003	
7.73	0.516	0.005	0.008	
7.77	0.516	0.005	-0.003	
7.80	0.516	0.005	-0.015	
7.83	0.516	0.003	-0.010	
7.87	0.516	0.003	0.010	
7.90	0.516	0.005	0.014	
7.93	0.516	0.005	-0.001	
7.97	0.517	0.005	-0.018	
8.00	0.517	0.003	-0.021	
8.03	0.517	0.003	-0.012	
8.07	0.517	0.003	-0.008	
8.10	0.517	0.002	-0.012	
8.13	0.517	0.002	-0.023	
8.17	0.517	0.001	-0.026	
8.20	0.517	0.000	-0.023	
8.23	0.517	-0.001	-0.026	
8.27	0.517	-0.002	-0.023	
8.30	0.517	-0.002	-0.011	
8.33	0.517	-0.003	-0.004	
8.37	0.517	-0.003	-0.002	
8.40	0.517	-0.003	-0.004	
8.43	0.517	-0.003	-0.011	
8.47	0.517	-0.003	-0.022	
8.50	0.517	-0.005	-0.021	
8.53	0.516	-0.005	-0.007	
8.57	0.516	-0.005	0.006	
8.60	0.516	-0.005	0.017	
8.63	0.516	-0.003	0.011	
8.67	0.516	-0.003	-0.009	
8.70	0.516	-0.005	-0.008	
8.73	0.515	-0.005	0.033	
8.77	0.515	-0.003	0.088	
8.80	0.515	0.001	0.122	
8.83	0.515	0.013	-0.046	
8.87	0.517	-0.001	-0.237	
8.90	0.515	-0.016	-0.088	
8.93	0.515	-0.007	0.084	
8.97	0.515	-0.004	0.091	
9.00	0.515	-0.001	0.069	
9.03	0.515	0.000	0.072	
9.07	0.515	0.002	0.140	
9.10	0.515	0.008	0.221	
9.13	0.515	0.022	0.152	
9.17	0.517	0.025	-0.086	
9.20	0.517	0.011	-0.190	
9.23	0.517	0.006	-0.136	
9.27	0.517	0.003	-0.102	
9.30	0.517	0.002	-0.124	
9.33	0.518	-0.002	-0.200	
9.37	0.518	-0.017	-0.124	
9.40	0.516	-0.017	0.124	
9.43	0.516	-0.002	0.199	
9.47	0.516	0.002	0.115	
9.50	0.516	0.003	0.059	
9.53	0.516	0.005	0.024	
9.57	0.516	0.005	0.001	
9.60	0.517	0.005	-0.018	
9.63	0.517	0.003	-0.021	
9.67	0.517	0.003	-0.012	
9.70	0.517	0.003	-0.008	
9.73	0.517	0.002	-0.012	
9.77	0.517	0.002	-0.023	
9.80	0.517	0.001	-0.026	
9.83	0.517	0.000	-0.023	
9.87	0.517	-0.001	-0.026	
9.90	0.517	-0.002	-0.023	
9.93	0.517	-0.002	-0.012	
9.97	0.517	-0.003	-0.008	
10.00	0.517	-0.003	-0.011	
10.03	0.517	-0.003	-0.018	
10.07	0.517	-0.004	-0.012	
10.10	0.516	-0.004	0.007	
10.13	0.516	-0.003	0.007	
10.17	0.516	-0.003	-0.007	
10.20	0.516	-0.004	-0.001	
10.23	0.516	-0.005	0.050	
10.27	0.516	-0.002	0.124	
10.30	0.516	0.002	0.202	
10.33	0.516	0.018	0.090	
10.37	0.517	0.017	-0.243	
10.40	0.517	-0.004	-0.406	
10.43	0.517	-0.023	-0.193	
10.47	0.515	-0.022	0.169	
10.50	0.515	-0.004	0.320	
10.53	0.515	0.012	0.121	
10.57	0.517	0.003	-0.088	
10.60	0.515	-0.001	-0.122	
10.63	0.517	-0.005	-0.131	
10.67	0.515	-0.015	0.026	
10.70	0.515	-0.003	0.178	
10.73	0.515	0.002	0.169	
10.77	0.515	0.007	0.162	
10.80	0.515	0.018	0.009	
10.83	0.517	0.008	-0.140	
10.87	0.515	0.004	-0.147	
10.90	0.517	-0.001	-0.151	
10.93	0.516	-0.011	-0.007	
10.97	0.516	-0.001	0.104	
11.00	0.516	0.001	0.082	
11.03	0.516	0.004	0.059	
11.07	0.516	0.005	0.022	
11.10	0.516	0.005	0.007	
11.13	0.517	0.005	-0.003	
11.17	0.517	0.005	-0.011	
11.20	0.517	0.005	-0.022	
11.23	0.517	0.003	-0.022	
11.27	0.517	0.003	-0.012	
11.30	0.517	0.003	-0.008	
11.33	0.517	0.002	-0.012	
11.37	0.517	0.002	-0.022	
11.40	0.517	0.001	-0.022	
11.43	0.517	0.000	-0.012	
11.47	0.517	0.000	-0.008	
11.50	0.517	-0.000	-0.012	
11.53	0.517	-0.001	-0.022	
11.57	0.517	-0.002	-0.022	
11.60	0.517	-0.002	-0.012	
11.63	0.517	-0.003	-0.009	
11.67	0.517	-0.003	-0.013	
11.70	0.517	-0.003	-0.017	
11.73	0.517	-0.005	0.015	
11.77	0.517	-0.004	0.089	
11.80	0.516	0.001	0.143	
11.83	0.516	0.013	-0.001	
11.87	0.518	0.002	-0.165	
11.90	0.516	-0.004	-0.157	
11.93	0.518	-0.009	-0.100	
11.97	0.516	-0.017	0.129	
12.00	0.516	-0.001	0.333	
12.03	0.516	0.017	0.214	
12.07	0.517	0.019	-0.078	
12.10	0.518	0.004	-0.191	
12.13	0.517	-0.000	-0.108	
12.17	0.517	-0.001	-0.066	
12.20	0.517	-0.002	-0.085	
12.23	0.517	-0.005	-0.130	
12.27	0.517	-0.017	-0.021	
12.30	0.515	-0.006	0.080	
12.33	0.517	-0.004	-0.004	
12.37	0.516	-0.012	0.044	
12.40	0.516	-0.002	0.111	
12.43	0.516	-0.000	0.078	
12.47	0.516	0.002	0.055	
12.50	0.516	0.003	0.033	
12.53	0.516	0.004	0.019	
12.57	0.516	0.005	0.000	
12.60	0.516	0.004	0.001	
12.63	0.516	0.005	0.004	
12.67	0.517	0.005	-0.008	
12.70	0.517	0.004	-0.007	
12.73	0.517	0.004	-0.007	
12.77	0.517	0.003	-0.004	
12.80	0.517	0.003	0.010	
12.83	0.517	0.004	0.007	
12.87	0.517	0.004	-0.012	
12.90	0.518	0.003	-0.018	
12.93	0.517	0.003	-0.011	
12.97	0.518	0.003	-0.005	
13.00	0.518	0.003	-0.006	
13.03	0.518	0.002	-0.015	
13.07	0.518	0.002	-0.029	
13.10	0.518	0.000	-0.034	
13.13	0.518	-0.001	-0.016	
13.17	0.518	-0.001	-0.009	
13.20	0.518	-0.001	-0.027	
13.23	0.518	-0.003	-0.040	
13.27	0.518	-0.004	-0.029	
13.30	0.518	-0.005	-0.004	
13.33	0.517	-0.005	0.016	
13.37	0.517	-0.003	0.017	
13.40	0.517	-0.003	-0.000	
13.43	0.517	-0.003	-0.018	
13.47	0.517	-0.005	-0.020	
13.50	0.517	-0.005	-0.007	
13.53	0.517	-0.005	0.007	
13.57	0.516	-0.005	0.021	
13.60	0.516	-0.003	0.019	
13.63	0.516	-0.003	0.005	
13.67	0.516	-0.003	-0.003	
13.70	0.516	-0.004	0.009	
13.73	0.516	-0.003	0.026	
13.77	0.516	-0.001	0.018	
13.80	0.516	-0.002	0.011	
13.83	0.516	-0.001	0.009	
13.87	0.516	-0.001	-0.002	
13.90	0.516	-0.001	0.008	
13.93	0.516	-0.000	0.027	
13.97	0.516	0.001	0.040	
14.00	0.516	0.003	0.046	
14.03	0.516	0.004	0.037	
14.07	0.516	0.005	0.051	
14.10	0.516	0.006	0.100	
14.13	0.516	0.011	0.131	
14.17	0.517	0.024	-0.067	
14.20	0.519	0.007	-0.274	
14.23	0.517	-0.009	-0.099	
14.27	0.517	0.001	0.098	
14.30	0.517	0.005	0.094	
14.33	0.518	0.008	0.046	
14.37	0.518	0.008	0.011	
14.40	0.518	0.007	0.027	
14.43	0.518	0.007	0.096	
14.47	0.518	0.012	0.185	
14.50	0.519	0.026	0.083	
14.53	0.521	0.024	-0.203	
14.57	0.521	0.007	-0.350	
14.60	0.521	-0.003	-0.360	
14.63	0.521	-0.021	-0.214	
14.67	0.519	-0.023	0.089	
14.70	0.519	-0.008	0.207	
14.73	0.519	-0.002	0.103	
14.77	0.519	-0.003	0.004	
14.80	0.519	-0.005	-0.005	
14.83	0.518	-0.003	0.016	
14.87	0.519	-0.003	0.009	
14.90	0.518	-0.003	-0.005	
14.93	0.518	-0.003	-0.020	
14.97	0.518	-0.005	-0.019	
15.00	0.518	-0.005	-0.005	
15.03	0.518	-0.005	0.004	
15.07	0.518	-0.004	-0.004	
15.10	0.518	-0.005	-0.011	
15.13	0.517	-0.006	0.011	
15.17	0.517	-0.004	0.018	
15.20	0.517	-0.003	-0.004	
15.23	0.517	-0.005	-0.010	
15.27	0.517	-0.005	0.002	
15.30	0.517	-0.005	0.022	
15.33	0.517	-0.003	0.032	
15.37	0.516	-0.002	0.030	
15.40	0.516	-0.001	0.019	
15.43	0.516	-0.001	0.001	
15.47	0.516	-0.001	0.004	
15.50	0.516	-0.000	0.013	
15.53	0.516	-0.000	0.012	
15.57	0.516	0.000	0.019	
15.60	0.516	0.001	0.039	
15.63	0.516	0.002	0.078	
15.67	0.517	0.005	0.124	
15.70	0.517	0.010	0.160	
15.73	0.517	0.022	0.017	
15.77	0.519	0.019	-0.323	
15.80	0.519	-0.011	-0.339	
15.83	0.517	-0.017	0.012	
15.87	0.517	-0.002	0.179	
15.90	0.517	0.003	0.124	
15.93	0.518	0.005	0.057	
15.97	0.518	0.005	0.052	
16.00	0.518	0.006	0.116	
16.03	0.518	0.011	0.212	
16.07	0.518	0.027	0.133	
16.10	0.520	0.027	-0.139	
16.13	0.521	0.010	-0.229	
16.17	0.521	0.006	-0.155	
16.20	0.521	0.002	-0.117	
16.23	0.521	-0.001	-0.100	
16.27	0.521	-0.004	-0.081	
16.30	0.521	-0.012	0.085	
16.33	0.519	0.002	0.227	
16.37	0.521	0.015	0.060	
16.40	0.521	0.005	-0.098	
16.43	0.521	0.001	-0.093	
16.47	0.521	-0.001	-0.093	
16.50	0.521	-0.003	-0.108	
16.53	0.521	-0.007	-0.144	
16.57	0.521	-0.018	-0.070	
16.60	0.519	-0.011	-0.004	
16.63	0.520	-0.013	-0.059	
16.67	0.518	-0.021	0.041	
16.70	0.518	-0.010	0.137	
16.73	0.518	-0.007	0.093	
16.77	0.518	-0.005	0.056	
16.80	0.518	-0.003	0.020	
16.83	0.518	-0.003	-0.004	
16.87	0.518	-0.004	0.001	
16.90	0.517	-0.004	0.047	
16.93	0.517	-0.002	0.089	
16.97	0.517	0.002	0.093	
17.00	0.517	0.012	-0.074	
17.03	0.519	-0.003	-0.237	
17.07	0.517	-0.017	-0.073	
17.10	0.517	-0.007	0.098	
17.13	0.517	-0.003	0.103	
17.17	0.517	0.000	0.076	
17.20	0.517	0.002	0.031	
17.23	0.517	0.002	-0.001	
17.27	0.517	0.001	-0.006	
17.30	0.517	0.001	0.011	
17.33	0.517	0.002	0.015	
17.37	0.517	0.002	0.003	
17.40	0.517	0.002	-0.006	
17.43	0.517	0.001	0.005	
17.47	0.517	0.002	0.022	
17.50	0.517	0.003	0.030	
17.53	0.517	0.005	0.029	
17.57	0.518	0.005	0.020	
17.60	0.518	0.006	0.021	
17.63	0.518	0.006	0.038	
17.67	0.518	0.007	0.093	
17.70	0.518	0.010	0.187	
17.73	0.518	0.025	0.115	
17.77	0.521	0.025	-0.135	
17.80	0.521	0.009	-0.217	
17.83	0.521	0.004	-0.128	
17.87	0.521	0.003	-0.060	
17.90	0.521	0.002	-0.054	
17.93	0.521	0.001	-0.092	
17.97	0.521	-0.004	-0.108	
18.00	0.521	-0.013	0.041	
18.03	0.519	-0.002	0.196	
18.07	0.521	0.011	0.062	
18.10	0.521	0.003	-0.117	
18.13	0.521	-0.002	-0.160	
18.17	0.521	-0.007	-0.178	
18.20	0.521	-0.019	-0.069	
18.23	0.519	-0.011	0.017	
18.27	0.520	-0.011	-0.052	
18.30	0.518	-0.021	0.033	
18.33	0.518	-0.010	0.127	
18.37	0.518	-0.007	0.084	
18.40	0.518	-0.005	0.047	
18.43	0.518	-0.005	0.027	
18.47	0.517	-0.003	0.018	
18.50	0.517	-0.003	0.008	
18.53	0.517	-0.004	0.041	
18.57	0.517	-0.001	0.091	
18.60	0.517	0.002	0.131	
18.63	0.517	0.013	0.015	
18.67	0.519	0.003	-0.092	
18.70	0.517	0.001	-0.028	
18.73	0.519	0.001	0.035	
18.77	0.517	0.003	0.080	
18.80	0.518	0.014	-0.065	
18.83	0.519	0.000	-0.228	
18.87	0.518	-0.014	-0.090	
18.90	0.517	-0.004	0.027	
18.93	0.519	-0.004	-0.037	
18.97	0.517	-0.013	0.040	
19.00	0.517	-0.002	0.129	
19.03	0.517	0.001	0.084	
19.07	0.517	0.003	0.048	
19.10	0.517	0.003	0.030	
19.13	0.517	0.005	0.023	
19.17	0.518	0.005	0.011	
19.20	0.518	0.005	0.005	
19.23	0.518	0.005	0.005	
19.27	0.518	0.005	0.030	
19.30	0.518	0.006	0.068	
19.33	0.518	0.008	0.124	
19.37	0.518	0.020	0.039	
19.40	0.521	0.011	-0.049	
19.43	0.519	0.010	0.029	
19.47	0.521	0.020	-0.055	
19.50	0.521	0.007	-0.154	
19.53	0.521	0.003	-0.092	
19.57	0.521	0.002	-0.041	
19.60	0.521	0.002	-0.028	
19.63	0.521	0.000	-0.032	
19.67	0.521	-0.000	-0.033	
19.70	0.521	-0.002	-0.028	
19.73	0.521	-0.002	-0.023	
19.77	0.521	-0.003	-0.056	
19.80	0.521	-0.004	-0.134	
19.83	0.521	-0.010	-0.228	
19.87	0.521	-0.026	-0.135	
19.90	0.518	-0.025	0.126	
19.93	0.518	-0.010	0.194	
19.97	0.518	-0.007	0.096	
20.00	0.518	-0.006	0.039	
20.03	0.518	-0.006	0.021	
20.07	0.518	-0.005	0.019	
20.10	0.517	-0.005	0.025	
20.13	0.517	-0.003	0.020	
20.17	0.517	-0.003	0.004	
20.20	0.517	-0.003	-0.007	
20.23	0.517	-0.004	0.002	
20.27	0.517	-0.003	0.015	
20.30	0.517	-0.003	0.018	
20.33	0.517	-0.002	0.025	
20.37	0.517	-0.001	0.023	
20.40	0.517	-0.000	0.011	
20.43	0.517	0.000	0.003	
20.47	0.517	-0.000	0.006	
20.50	0.517	-0.000	0.036	
20.53	0.517	0.001	0.093	
20.57	0.517	0.006	0.116	
20.60	0.517	0.016	-0.056	
20.63	0.519	0.003	-0.220	
20.67	0.517	-0.011	-0.059	
20.70	0.517	-0.000	0.094	
20.73	0.517	0.003	0.064	
20.77	0.517	0.003	0.030	
20.80	0.517	0.003	0.030	
20.83	0.517	0.005	0.068	
20.87	0.518	0.007	0.135	
20.90	0.518	0.012	0.216	
20.93	0.518	0.027	0.120	
20.97	0.520	0.027	-0.148	
21.00	0.521	0.010	-0.227	
21.03	0.520	0.005	-0.119	
21.07	0.521	0.004	-0.042	
21.10	0.521	0.004	-0.023	
21.13	0.521	0.003	-0.024	
21.17	0.521	0.003	-0.023	
21.20	0.521	0.002	-0.032	
21.23	0.521	0.000	-0.041	
21.27	0.521	-0.000	-0.067	
21.30	0.521	-0.003	-0.098	
21.33	0.521	-0.007	-0.120	
21.37	0.521	-0.017	-0.001	
21.40	0.519	-0.007	0.114	
21.43	0.521	-0.004	0.077	
21.47	0.519	-0.001	0.014	
21.50	0.521	-0.003	-0.061	
21.53	0.519	-0.006	-0.097	
21.57	0.520	-0.010	-0.085	
21.60	0.518	-0.019	0.121	
21.63	0.518	-0.003	0.335	
21.67	0.518	0.016	0.213	
21.70	0.520	0.017	-0.082	
21.73	0.520	0.002	-0.185	
21.77	0.519	-0.001	-0.100	
21.80	0.520	-0.003	-0.036	
21.83	0.519	-0.002	-0.032	
21.87	0.519	-0.002	-0.101	
21.90	0.519	-0.007	-0.196	
21.93	0.519	-0.022	-0.104	
21.97	0.517	-0.021	0.152	
22.00	0.518	-0.005	0.342	
22.03	0.517	0.006	0.353	
22.07	0.518	0.024	0.174	
22.10	0.519	0.024	-0.156	
22.13	0.520	0.007	-0.272	
22.17	0.520	-0.007	-0.064	
22.20	0.518	0.005	0.106	
22.23	0.520	0.015	-0.082	
22.27	0.521	-0.007	-0.129	
22.30	0.519	-0.001	-0.001	
22.33	0.521	-0.001	0.001	
22.37	0.519	-0.007	0.143	
22.40	0.519	0.016	0.076	
22.43	0.521	0.005	-0.162	
22.47	0.520	-0.009	-0.062	
22.50	0.520	0.000	0.073	
22.53	0.520	0.002	0.074	
22.57	0.520	0.005	0.049	
22.60	0.520	0.006	0.002	
22.63	0.520	0.004	-0.008	
22.67	0.521	0.003	0.038	
22.70	0.520	0.006	0.086	
22.73	0.521	0.017	-0.077	
22.77	0.523	0.002	-0.260	
22.80	0.521	-0.013	-0.092	
22.83	0.521	-0.004	0.115	
22.87	0.521	0.001	0.158	
22.90	0.521	0.006	0.152	
22.93	0.521	0.017	-0.028	
22.97	0.523	0.003	-0.164	
23.00	0.521	-0.001	-0.104	
23.03	0.523	-0.004	-0.028	
23.07	0.521	-0.002	0.044	
23.10	0.522	0.001	0.046	
23.13	0.521	0.001	0.028	
23.17	0.522	0.008	-0.111	
23.20	0.522	-0.006	-0.249	
23.23	0.522	-0.021	-0.075	
23.27	0.520	-0.010	0.088	
23.30	0.521	-0.007	0.042	
23.33	0.519	-0.007	-0.040	
23.37	0.521	-0.010	-0.110	
23.40	0.519	-0.021	0.005	
23.43	0.519	-0.010	0.129	
23.47	0.519	-0.006	0.102	
23.50	0.518	-0.004	0.088	
23.53	0.518	-0.002	0.106	
23.57	0.518	0.002	0.149	
23.60	0.518	0.015	0.012	
23.63	0.520	0.003	-0.134	
23.67	0.518	-0.001	-0.096	
23.70	0.520	-0.003	-0.024	
23.73	0.518	-0.010	0.224	
23.77	0.518	0.019	0.259	
23.80	0.520	0.022	-0.074	
23.83	0.520	0.005	-0.212	
23.87	0.520	0.001	-0.169	
23.90	0.520	-0.003	-0.150	
23.93	0.520	-0.014	0.019	
23.97	0.518	-0.002	0.189	
24.00	0.520	0.004	0.186	
24.03	0.519	0.010	0.167	
24.07	0.521	0.021	0.002	
24.10	0.521	0.009	-0.137	
24.13	0.521	0.005	-0.102	
24.17	0.521	0.003	-0.076	
24.20	0.521	0.002	-0.094	
24.23	0.522	-0.002	-0.133	
24.27	0.521	-0.014	0.009	
24.30	0.520	-0.001	0.126	
24.33	0.522	0.003	0.027	
24.37	0.520	0.001	-0.076	
24.40	0.522	-0.004	-0.136	
24.43	0.520	-0.015	-0.003	
24.47	0.520	-0.003	0.115	
24.50	0.520	-0.001	0.071	
24.53	0.520	0.000	0.057	
24.57	0.520	0.001	0.060	
24.60	0.520	0.003	0.070	
24.63	0.520	0.013	-0.087	
24.67	0.522	-0.003	-0.216	
24.70	0.520	-0.016	0.037	
24.73	0.520	-0.001	0.294	
24.77	0.520	0.018	0.160	
24.80	0.522	0.018	-0.189	
24.83	0.522	-0.002	-0.341	
24.87	0.521	-0.019	-0.126	
24.90	0.519	-0.008	0.061	
24.93	0.521	-0.006	0.023	
24.97	0.519	-0.006	-0.049	
25.00	0.521	-0.009	-0.129	
25.03	0.519	-0.022	-0.011	
25.07	0.518	-0.011	0.141	
25.10	0.518	-0.005	0.105	
25.13	0.518	-0.003	0.041	
25.17	0.518	-0.004	0.009	
25.20	0.518	-0.004	0.024	
25.23	0.518	-0.003	0.037	
25.27	0.518	-0.001	0.026	
25.30	0.518	-0.001	0.008	
25.33	0.518	-0.001	0.012	
25.37	0.518	0.000	0.023	
25.40	0.518	0.001	0.011	
25.43	0.518	0.001	0.004	
25.47	0.518	0.001	0.017	
25.50	0.518	0.002	0.023	
25.53	0.518	0.003	0.020	
25.57	0.518	0.003	0.019	
25.60	0.518	0.004	0.007	
25.63	0.518	0.004	-0.010	
25.67	0.518	0.002	0.028	
25.70	0.518	0.004	0.089	
25.73	0.518	0.009	0.099	
25.77	0.519	0.019	-0.074	
25.80	0.521	0.003	-0.200	
25.83	0.519	-0.009	0.048	
25.87	0.519	0.006	0.294	
25.90	0.519	0.024	0.187	
25.93	0.521	0.025	-0.115	
25.97	0.521	0.009	-0.267	
26.00	0.521	0.002	-0.263	
26.03	0.522	0.000	-0.269	
26.07	0.521	-0.020	-0.141	
26.10	0.520	-0.020	0.109	
26.13	0.519	-0.006	0.186	
26.17	0.520	-0.002	0.093	
26.20	0.519	-0.002	0.022	
26.23	0.519	-0.002	-0.003	
26.27	0.519	-0.003	-0.006	
26.30	0.519	-0.003	-0.003	
26.33	0.519	-0.003	0.018	
26.37	0.519	-0.003	0.067	
26.40	0.519	0.000	0.125	
26.43	0.519	0.012	0.002	
26.47	0.521	0.002	-0.161	
26.50	0.519	-0.004	-0.168	
26.53	0.520	-0.008	-0.173	
26.57	0.518	-0.021	-0.030	
26.60	0.518	-0.011	0.120	
26.63	0.518	-0.007	0.104	
26.67	0.518	-0.003	0.055	
26.70	0.518	-0.003	0.005	
26.73	0.517	-0.004	-0.001	
26.77	0.517	-0.004	0.022	
26.80	0.517	-0.003	0.036	
26.83	0.517	-0.001	0.022	
26.87	0.517	-0.001	-0.002	
26.90	0.517	-0.002	-0.002	
26.93	0.517	-0.002	0.022	
26.97	0.517	0.000	0.036	
27.00	0.517	0.002	0.021	
27.03	0.517	0.002	-0.006	
27.07	0.517	0.001	-0.012	
27.10	0.517	0.000	0.004	
27.13	0.517	0.001	0.025	
27.17	0.517	0.002	0.033	
27.20	0.517	0.004	0.015	
27.23	0.518	0.003	0.005	
27.27	0.517	0.003	0.021	
27.30	0.518	0.005	0.038	
27.33	0.518	0.006	0.072	
27.37	0.518	0.009	0.124	
27.40	0.518	0.013	0.173	
27.43	0.519	0.025	0.079	
27.47	0.521	0.023	-0.135	
27.50	0.521	0.010	-0.199	
27.53	0.521	0.006	-0.161	
27.57	0.521	0.002	-0.143	
27.60	0.521	-0.002	-0.147	
27.63	0.521	-0.014	-0.015	
27.67	0.519	-0.004	0.142	
27.70	0.521	0.001	0.155	
27.73	0.519	0.007	0.122	
27.77	0.521	0.016	-0.093	
27.80	0.521	0.000	-0.272	
27.83	0.521	-0.016	-0.093	
27.87	0.519	-0.007	0.121	
27.90	0.521	-0.001	0.151	
27.93	0.519	0.004	0.132	
27.97	0.521	0.013	-0.028	
28.00	0.521	0.000	-0.141	
28.03	0.521	-0.003	-0.085	
28.07	0.521	-0.003	-0.075	
28.10	0.521	-0.005	-0.135	
28.13	0.521	-0.011	-0.217	
28.17	0.520	-0.025	-0.126	
28.20	0.518	-0.025	0.122	
28.23	0.518	-0.011	0.205	
28.27	0.518	-0.005	0.112	
28.30	0.518	-0.005	0.036	
28.33	0.518	-0.006	0.034	
28.37	0.517	-0.004	0.080	
28.40	0.517	-0.001	0.144	
28.43	0.517	0.004	0.227	
28.47	0.517	0.020	0.143	
28.50	0.519	0.020	-0.108	
28.53	0.519	0.006	-0.195	
28.57	0.519	0.002	-0.124	
28.60	0.519	0.000	-0.088	
28.63	0.519	-0.002	-0.120	
28.67	0.519	-0.006	-0.188	
28.70	0.519	-0.020	-0.097	
28.73	0.517	-0.018	0.141	
28.77	0.517	-0.004	0.209	
28.80	0.517	0.001	0.120	
28.83	0.517	0.003	0.051	
28.87	0.518	0.003	0.028	
28.90	0.518	0.003	0.060	
28.93	0.518	0.006	0.101	
28.97	0.518	0.010	0.130	
29.00	0.518	0.021	0.005	
29.03	0.520	0.010	-0.114	
29.07	0.518	0.007	-0.049	
29.10	0.521	0.006	0.030	
29.13	0.519	0.008	0.107	
29.17	0.521	0.020	-0.002	
29.20	0.521	0.009	-0.135	
29.23	0.521	0.005	-0.101	
29.27	0.521	0.003	-0.058	
29.30	0.521	0.002	-0.030	
29.33	0.521	0.001	-0.014	
29.37	0.521	0.001	0.006	
29.40	0.521	0.002	0.006	
29.43	0.521	0.002	-0.016	
29.47	0.522	0.000	-0.029	
29.50	0.521	-0.000	-0.033	
29.53	0.522	-0.002	-0.026	
29.57	0.521	-0.002	-0.013	
29.60	0.521	-0.003	-0.008	
29.63	0.521	-0.003	-0.008	
29.67	0.521	-0.003	-0.013	
29.70	0.521	-0.004	-0.013	
29.73	0.521	-0.003	-0.045	
29.77	0.521	-0.005	-0.130	
29.80	0.521	-0.011	-0.217	
29.83	0.520	-0.025	-0.130	
29.87	0.518	-0.026	0.116	
29.90	0.518	-0.011	0.202	
29.93	0.518	-0.007	0.134	
29.97	0.518	-0.005	0.102	
30.00	0.518	-0.002	0.101	
30.03	0.518	0.002	0.092	
30.07	0.518	0.011	-0.081	
30.10	0.519	-0.003	-0.244	
30.13	0.517	-0.018	-0.067	
30.17	0.517	-0.007	0.116	
30.20	0.517	-0.002	0.100	
30.23	0.517	-0.000	0.051	
30.27	0.517	0.000	0.018	
30.30	0.517	0.000	0.018	
30.33	0.517	0.001	0.037	
30.37	0.517	0.002	0.068	
30.40	0.517	0.005	0.082	
30.43	0.517	0.008	0.076	
30.47	0.518	0.017	-0.084	
30.50	0.519	0.003	-0.237	
30.53	0.518	-0.011	-0.066	
30.57	0.518	-0.001	0.109	
30.60	0.518	0.003	0.102	
30.63	0.518	0.006	0.073	
30.67	0.518	0.005	0.106	
30.70	0.518	0.010	0.204	
30.73	0.519	0.025	0.134	
30.77	0.521	0.025	-0.112	
30.80	0.521	0.011	-0.207	
30.83	0.521	0.007	-0.170	
30.87	0.521	0.003	-0.177	
30.90	0.521	-0.003	-0.194	
30.93	0.521	-0.017	-0.031	
30.97	0.519	-0.013	0.306	
31.00	0.519	0.015	0.322	
31.03	0.521	0.022	-0.043	
31.07	0.522	0.006	-0.266	
31.10	0.522	-0.004	-0.235	
31.13	0.522	-0.016	-0.016	
31.17	0.519	-0.002	0.117	
31.20	0.522	0.007	-0.124	
31.23	0.521	-0.018	-0.175	
31.27	0.519	-0.020	0.144	
31.30	0.519	-0.002	0.311	
31.33	0.519	0.015	0.119	
31.37	0.521	0.010	-0.192	
31.40	0.521	-0.014	-0.100	
31.43	0.519	-0.002	0.146	
31.47	0.521	0.011	0.033	
31.50	0.521	0.000	-0.102	
31.53	0.520	-0.003	-0.072	
31.57	0.520	-0.005	-0.025	
31.60	0.520	-0.003	-0.023	
31.63	0.520	-0.004	-0.070	
31.67	0.520	-0.007	-0.121	
31.70	0.520	-0.018	-0.027	
31.73	0.518	-0.009	0.082	
31.77	0.520	-0.007	0.049	
31.80	0.517	-0.013	0.177	
31.83	0.518	0.010	0.141	
31.87	0.519	0.003	-0.064	
31.90	0.518	0.000	-0.111	
31.93	0.519	-0.005	-0.133	
31.97	0.518	-0.015	0.023	
32.00	0.517	-0.002	0.153	
32.03	0.518	0.002	0.102	
32.07	0.518	0.003	0.079	
32.10	0.518	0.005	0.108	
32.13	0.518	0.010	0.148	
32.17	0.518	0.021	0.016	
32.20	0.520	0.012	-0.140	
32.23	0.519	0.005	-0.095	
32.27	0.520	0.002	0.038	
32.30	0.519	0.008	0.140	
32.33	0.521	0.020	0.011	
32.37	0.521	0.009	-0.132	
32.40	0.521	0.005	-0.102	
32.43	0.521	0.003	-0.055	
32.47	0.521	0.002	-0.024	
32.50	0.521	0.001	-0.005	
32.53	0.521	0.002	0.002	
32.57	0.522	0.002	-0.015	
32.60	0.521	0.001	-0.050	
32.63	0.522	0.000	-0.125	
32.67	0.522	-0.005	-0.225	
32.70	0.522	-0.022	-0.110	
32.73	0.519	-0.021	0.230	
32.77	0.520	-0.002	0.419	
32.80	0.519	0.019	0.262	
32.83	0.522	0.022	-0.093	
32.87	0.522	0.005	-0.238	
32.90	0.521	-0.002	-0.136	
32.93	0.521	-0.003	-0.039	
32.97	0.521	-0.002	-0.005	
33.00	0.521	-0.001	-0.043	
33.03	0.521	-0.004	-0.092	
33.07	0.521	-0.009	-0.089	
33.10	0.521	-0.017	0.080	
33.13	0.519	-0.001	0.192	
33.17	0.521	0.010	-0.044	
33.20	0.521	-0.014	-0.077	
33.23	0.519	-0.003	0.054	
33.27	0.521	0.006	-0.166	
33.30	0.521	-0.020	-0.226	
33.33	0.518	-0.023	0.055	
33.37	0.518	-0.009	0.194	
33.40	0.518	-0.004	0.175	
33.43	0.518	0.000	0.161	
33.47	0.518	0.006	0.132	
33.50	0.518	0.016	-0.068	
33.53	0.520	0.002	-0.253	
33.57	0.518	-0.014	-0.086	
33.60	0.518	-0.005	0.145	
33.63	0.518	0.002	0.208	
33.67	0.518	0.009	0.210	
33.70	0.519	0.022	0.055	
33.73	0.521	0.011	-0.064	
33.77	0.519	0.010	-0.005	
33.80	0.521	0.019	-0.110	
33.83	0.521	0.004	-0.221	
33.87	0.521	-0.009	-0.009	
33.90	0.519	0.003	0.212	
33.93	0.521	0.019	0.085	
33.97	0.522	0.010	-0.084	
34.00	0.522	0.006	-0.086	
34.03	0.522	0.003	-0.050	
34.07	0.522	0.003	-0.012	
34.10	0.522	0.004	-0.016	
34.13	0.522	0.002	-0.031	
34.17	0.522	0.001	-0.028	
34.20	0.522	0.001	-0.035	
34.23	0.522	0.000	-0.072	
34.27	0.522	-0.003	-0.106	
34.30	0.523	-0.015	0.056	
34.33	0.520	-0.000	0.225	
34.37	0.523	0.013	0.047	
34.40	0.522	0.003	-0.153	
34.43	0.522	-0.003	-0.204	
34.47	0.522	-0.010	-0.211	
34.50	0.522	-0.022	-0.056	
34.53	0.520	-0.020	0.236	
34.57	0.520	0.005	0.229	
34.60	0.522	0.001	0.031	
34.63	0.520	0.000	-0.028	
34.67	0.521	0.005	-0.190	
34.70	0.521	-0.018	-0.188	
34.73	0.519	-0.019	0.094	
34.77	0.519	0.001	0.072	
34.80	0.521	-0.008	-0.104	
34.83	0.518	-0.019	0.019	
34.87	0.518	-0.007	0.152	
34.90	0.518	-0.003	0.137	
34.93	0.518	0.001	0.117	
34.97	0.518	0.011	-0.058	
35.00	0.520	-0.003	-0.219	
35.03	0.518	-0.016	-0.053	
35.07	0.518	-0.005	0.106	
35.10	0.518	-0.002	0.083	
35.13	0.518	0.000	0.044	
35.17	0.518	0.000	0.021	
35.20	0.518	0.001	0.029	
35.23	0.518	0.002	0.040	
35.27	0.518	0.003	0.065	
35.30	0.518	0.006	0.086	
35.33	0.518	0.009	0.075	
35.37	0.518	0.017	-0.084	
35.40	0.520	0.003	-0.201	
35.43	0.519	-0.009	0.019	
35.47	0.519	0.005	0.230	
35.50	0.519	0.019	0.112	
35.53	0.521	0.011	-0.015	
35.57	0.519	0.011	0.027	
35.60	0.521	0.018	-0.040	
35.63	0.521	0.009	-0.120	
35.67	0.522	0.006	-0.094	
35.70	0.522	0.003	-0.060	
35.73	0.522	0.001	-0.011	
35.77	0.522	0.003	0.012	
35.80	0.522	0.004	-0.006	
35.83	0.522	0.002	-0.038	
35.87	0.522	0.001	-0.069	
35.90	0.522	-0.002	-0.103	
35.93	0.522	-0.005	-0.139	
35.97	0.522	-0.017	-0.007	
36.00	0.520	-0.006	0.131	
36.03	0.522	-0.001	0.076	
36.07	0.520	-0.001	0.025	
36.10	0.522	-0.003	0.057	
36.13	0.520	0.000	0.135	
36.17	0.521	0.014	0.009	
36.20	0.522	0.002	-0.141	
36.23	0.521	-0.003	-0.115	
36.27	0.521	-0.005	-0.097	
36.30	0.521	-0.007	-0.106	
36.33	0.521	-0.012	-0.130	
36.37	0.520	-0.022	-0.008	
36.40	0.518	-0.010	0.070	
36.43	0.520	-0.010	-0.037	
36.47	0.518	-0.020	0.034	
36.50	0.518	-0.009	0.140	
36.53	0.518	-0.005	0.098	
36.57	0.518	-0.003	0.048	
36.60	0.518	-0.003	0.016	
36.63	0.518	-0.002	0.013	
36.67	0.518	-0.002	0.022	
36.70	0.517	-0.001	0.023	
36.73	0.518	-0.000	0.015	
36.77	0.517	0.000	0.016	
36.80	0.518	0.001	0.024	
36.83	0.517	0.002	0.027	
36.87	0.518	0.003	0.027	
36.90	0.518	0.003	0.056	
36.93	0.518	0.006	0.090	
36.97	0.518	0.008	0.127	
37.00	0.518	0.020	0.009	
37.03	0.520	0.009	-0.114	
37.07	0.518	0.005	-0.038	
37.10	0.520	0.006	0.053	
37.13	0.519	0.010	0.119	
37.17	0.521	0.021	0.002	
37.20	0.521	0.010	-0.121	
37.23	0.521	0.007	-0.091	
37.27	0.521	0.005	-0.088	
37.30	0.521	0.003	-0.117	
37.33	0.522	-0.002	-0.161	
37.37	0.522	-0.014	-0.048	
37.40	0.520	-0.004	0.051	
37.43	0.522	-0.004	-0.009	
37.47	0.520	-0.012	0.096	
37.50	0.520	0.001	0.223	
37.53	0.520	0.014	0.060	
37.57	0.522	0.005	-0.128	
37.60	0.520	-0.000	-0.162	
37.63	0.522	-0.005	-0.179	
37.67	0.520	-0.018	-0.029	
37.70	0.520	-0.008	0.135	
37.73	0.520	-0.004	0.156	
37.77	0.519	0.002	0.165	
37.80	0.520	0.014	-0.012	
37.83	0.521	0.001	-0.177	
37.87	0.519	-0.004	-0.164	
37.90	0.521	-0.008	-0.164	
37.93	0.519	-0.020	-0.023	
37.97	0.519	-0.010	0.104	
38.00	0.519	-0.007	0.069	
38.03	0.518	-0.006	0.047	
38.07	0.518	-0.005	0.041	
38.10	0.518	-0.003	0.031	
38.13	0.518	-0.003	0.015	
38.17	0.518	-0.003	0.005	
38.20	0.518	-0.003	0.002	
38.23	0.518	-0.003	0.004	
38.27	0.518	-0.002	0.011	
38.30	0.518	-0.002	0.023	
38.33	0.518	-0.001	0.026	
38.37	0.518	0.000	0.023	
38.40	0.518	0.001	0.026	
38.43	0.518	0.002	0.020	
38.47	0.518	0.002	0.005	
38.50	0.518	0.002	-0.003	
38.53	0.518	0.001	0.012	
38.57	0.518	0.003	0.034	
38.60	0.518	0.004	0.037	
38.63	0.518	0.005	0.051	
38.67	0.518	0.007	0.085	
38.70	0.518	0.010	0.128	
38.73	0.519	0.021	0.037	
38.77	0.521	0.011	-0.041	
38.80	0.519	0.011	0.038	
38.83	0.521	0.021	-0.049	
38.87	0.521	0.010	-0.178	
38.90	0.521	0.004	-0.188	
38.93	0.522	-0.002	-0.189	
38.97	0.522	-0.014	-0.019	
39.00	0.520	-0.003	0.127	
39.03	0.522	0.001	0.087	
39.07	0.520	0.003	0.036	
39.10	0.522	0.003	-0.022	
39.13	0.520	0.001	-0.050	
39.17	0.522	-0.001	-0.055	
39.20	0.520	-0.002	-0.071	
39.23	0.522	-0.005	-0.084	
39.27	0.520	-0.015	0.089	
39.30	0.520	-0.001	0.284	
39.33	0.520	0.015	0.182	
39.37	0.522	0.017	-0.092	
39.40	0.522	0.003	-0.235	
39.43	0.521	-0.004	-0.202	
39.47	0.521	-0.008	-0.183	
39.50	0.521	-0.020	-0.063	
39.53	0.519	-0.011	0.029	
39.57	0.521	-0.012	-0.041	
39.60	0.519	-0.022	0.060	
39.63	0.518	-0.008	0.156	
39.67	0.519	-0.004	0.070	
39.70	0.518	-0.005	0.005	
39.73	0.518	-0.006	0.002	
39.77	0.518	-0.005	0.028	
39.80	0.518	-0.003	0.032	
39.83	0.518	-0.003	0.026	
39.87	0.518	-0.002	0.027	
39.90	0.518	-0.001	0.023	
39.93	0.518	-0.000	0.012	
39.97	0.518	0.000	0.005	
40.00	0.518	0.000	0.006	
40.03	0.518	0.000	0.014	
40.07	0.518	0.001	0.026	
40.10	0.518	0.002	0.026	
40.13	0.518	0.003	0.003	
40.17	0.518	0.002	0.007	
40.20	0.518	0.002	0.060	
40.23	0.518	0.005	0.141	
40.27	0.518	0.011	0.223	
40.30	0.518	0.025	0.131	
40.33	0.520	0.026	-0.115	
40.37	0.521	0.011	-0.198	
40.40	0.521	0.007	-0.119	
40.43	0.521	0.005	-0.056	
40.47	0.521	0.005	-0.031	
40.50	0.521	0.003	-0.023	
40.53	0.521	0.003	-0.011	
40.57	0.522	0.003	-0.005	
40.60	0.521	0.003	-0.009	
40.63	0.522	0.003	-0.037	
40.67	0.522	0.001	-0.080	
40.70	0.522	-0.002	-0.127	
40.73	0.522	-0.013	-0.023	
40.77	0.520	-0.003	0.071	
40.80	0.522	-0.003	0.008	
40.83	0.520	-0.003	-0.047	
40.87	0.522	-0.005	-0.110	
40.90	0.520	-0.017	-0.004	
40.93	0.520	-0.007	0.148	
40.97	0.520	-0.003	0.208	
41.00	0.519	0.006	0.260	
41.03	0.520	0.021	0.115	
41.07	0.522	0.018	-0.155	
41.10	0.522	0.003	-0.218	
41.13	0.521	-0.002	-0.119	
41.17	0.521	-0.003	-0.051	
41.20	0.521	-0.004	-0.010	
41.23	0.521	-0.003	-0.001	
41.27	0.521	-0.003	-0.014	
41.30	0.521	-0.005	-0.015	
41.33	0.521	-0.005	0.001	
41.37	0.521	-0.005	0.018	
41.40	0.520	-0.003	0.017	
41.43	0.520	-0.003	-0.017	
41.47	0.520	-0.004	-0.059	
41.50	0.520	-0.006	-0.102	
41.53	0.520	-0.017	0.031	
41.57	0.518	-0.005	0.192	
41.60	0.520	0.002	0.179	
41.63	0.518	0.007	0.135	
41.67	0.520	0.017	-0.057	
41.70	0.520	0.003	-0.196	
41.73	0.520	-0.010	0.007	
41.77	0.519	0.003	0.213	
41.80	0.521	0.018	0.071	
41.83	0.521	0.008	-0.094	
41.87	0.521	0.004	-0.074	
41.90	0.521	0.003	-0.027	
41.93	0.521	0.003	0.014	
41.97	0.521	0.005	0.021	
42.00	0.521	0.005	0.010	
42.03	0.522	0.005	0.000	
42.07	0.522	0.005	-0.010	
42.10	0.522	0.005	-0.022	
42.13	0.522	0.003	-0.022	
42.17	0.522	0.003	-0.011	
42.20	0.522	0.003	-0.004	
42.23	0.522	0.003	-0.002	
42.27	0.522	0.003	-0.004	
42.30	0.522	0.002	-0.011	
42.33	0.522	0.002	-0.022	
42.37	0.523	0.001	-0.023	
42.40	0.522	0.000	-0.015	
42.43	0.523	-0.000	-0.015	
42.47	0.522	-0.001	-0.023	
42.50	0.523	-0.002	-0.022	
42.53	0.522	-0.002	-0.011	
42.57	0.522	-0.003	-0.004	
42.60	0.522	-0.003	-0.001	
42.63	0.522	-0.003	0.001	
42.67	0.522	-0.003	0.002	
42.70	0.522	-0.002	-0.003	
42.73	0.522	-0.002	-0.038	
42.77	0.522	-0.003	-0.124	
42.80	0.522	-0.009	-0.216	
42.83	0.522	-0.025	-0.086	
42.87	0.519	-0.023	0.254	
42.90	0.519	-0.002	0.410	
42.93	0.519	0.018	0.190	
42.97	0.522	0.016	-0.180	
43.00	0.521	-0.010	-0.135	
43.03	0.519	-0.000	0.109	
43.07	0.521	0.013	-0.023	
43.10	0.521	-0.000	-0.183	
43.13	0.521	-0.014	0.005	
43.17	0.519	-0.000	0.215	
43.20	0.521	0.014	0.084	
43.23	0.521	0.005	-0.070	
43.27	0.521	0.003	-0.069	
43.30	0.521	0.000	-0.041	
43.33	0.521	0.000	-0.000	
43.37	0.521	0.001	0.024	
43.40	0.521	0.002	0.028	
43.43	0.522	0.004	0.000	
43.47	0.522	0.003	-0.041	
43.50	0.522	0.000	-0.056	
43.53	0.522	-0.001	-0.060	
43.57	0.522	-0.009	0.054	
43.60	0.520	0.004	0.128	
43.63	0.522	0.014	-0.138	
43.67	0.522	-0.013	-0.203	
43.70	0.521	-0.016	0.118	
43.73	0.521	0.002	0.277	
43.77	0.521	0.018	0.045	
43.80	0.523	0.005	-0.216	
43.83	0.521	-0.011	-0.091	
43.87	0.521	-0.002	0.107	
43.90	0.521	0.001	0.186	
43.93	0.521	0.009	0.240	
43.97	0.522	0.024	0.074	
44.00	0.523	0.021	-0.273	
44.03	0.524	0.000	-0.441	
44.07	0.523	-0.021	-0.254	
44.10	0.522	-0.022	0.089	
44.13	0.521	-0.006	0.209	
44.17	0.522	0.000	0.090	
44.20	0.522	-0.002	-0.004	
44.23	0.521	-0.005	0.038	
44.27	0.521	-0.001	0.137	
44.30	0.521	0.005	0.181	
44.33	0.521	0.018	0.033	
44.37	0.523	0.013	-0.236	
44.40	0.523	-0.012	-0.140	
44.43	0.521	-0.003	0.129	
44.47	0.523	0.011	0.047	
44.50	0.523	0.002	-0.094	
44.53	0.522	-0.002	-0.098	
44.57	0.522	-0.005	-0.092	
44.60	0.522	-0.007	-0.093	
44.63	0.522	-0.010	-0.110	
44.67	0.522	-0.020	0.026	
44.70	0.520	-0.007	0.141	
44.73	0.522	-0.003	0.048	
44.77	0.520	-0.004	-0.046	
44.80	0.521	-0.008	-0.065	
44.83	0.519	-0.016	0.126	
44.87	0.519	0.000	0.303	
44.90	0.519	0.016	0.157	
44.93	0.521	0.010	-0.006	
44.97	0.520	0.009	-0.012	
45.00	0.522	0.015	-0.133	
45.03	0.522	0.001	-0.249	
45.07	0.522	-0.012	-0.098	
45.10	0.520	-0.004	0.045	
45.13	0.522	-0.004	0.063	
45.17	0.520	-0.008	0.227	
45.20	0.520	0.017	0.221	
45.23	0.522	0.020	-0.093	
45.27	0.522	0.005	-0.255	
45.30	0.522	-0.010	-0.093	
45.33	0.521	-0.000	0.066	
45.37	0.522	0.002	0.053	
45.40	0.521	0.003	0.031	
45.43	0.523	0.003	0.015	
45.47	0.521	0.003	0.007	
45.50	0.523	0.005	-0.055	
45.53	0.521	0.001	-0.133	
45.57	0.523	-0.005	-0.151	
45.60	0.521	-0.016	0.007	
45.63	0.521	-0.004	0.164	
45.67	0.521	0.001	0.148	
45.70	0.521	0.005	0.124	
45.73	0.521	0.014	-0.021	
45.77	0.523	0.002	-0.133	
45.80	0.521	-0.001	-0.083	
45.83	0.523	-0.003	-0.033	
45.87	0.521	-0.003	0.021	
45.90	0.523	-0.001	0.066	
45.93	0.521	0.001	0.116	
45.97	0.522	0.013	0.003	
46.00	0.522	0.002	-0.127	
46.03	0.522	-0.003	-0.086	
46.07	0.522	-0.004	-0.043	
46.10	0.522	-0.005	-0.012	
46.13	0.522	-0.004	0.012	
46.17	0.522	-0.003	0.015	
46.20	0.522	-0.003	0.004	
46.23	0.521	-0.003	-0.003	
46.27	0.521	-0.004	0.008	
46.30	0.521	-0.003	0.023	
46.33	0.521	-0.001	0.011	
46.37	0.521	-0.002	0.004	
46.40	0.521	-0.002	0.016	
46.43	0.521	-0.001	0.019	
46.47	0.521	-0.000	0.011	
46.50	0.521	0.000	0.008	
46.53	0.521	0.000	0.011	
46.57	0.521	0.001	0.019	
46.60	0.521	0.002	0.016	
46.63	0.521	0.002	0.004	
46.67	0.521	0.001	0.010	
46.70	0.521	0.003	0.015	
46.73	0.521	0.004	-0.026	
46.77	0.521	0.002	-0.079	
46.80	0.522	-0.002	-0.114	
46.83	0.522	-0.012	0.002	
46.87	0.520	-0.002	0.123	
46.90	0.522	0.002	0.107	
46.93	0.520	0.005	0.094	
46.97	0.522	0.008	0.071	
47.00	0.521	0.009	0.047	
47.03	0.522	0.016	-0.101	
47.07	0.523	0.003	-0.234	
47.10	0.523	-0.010	-0.079	
47.13	0.521	-0.002	0.091	
47.17	0.523	0.001	0.123	
47.20	0.521	0.005	0.118	
47.23	0.523	0.016	-0.072	
47.27	0.523	0.001	-0.259	
47.30	0.523	-0.015	-0.092	
47.33	0.521	-0.005	0.112	
47.37	0.523	-0.001	0.137	
47.40	0.521	0.003	0.144	
47.43	0.523	0.015	-0.012	
47.47	0.523	0.003	-0.174	
47.50	0.523	-0.003	-0.178	
47.53	0.523	-0.008	-0.189	
47.57	0.522	-0.020	-0.062	
47.60	0.521	-0.011	0.046	
47.63	0.522	-0.011	0.010	
47.67	0.520	-0.017	0.127	
47.70	0.520	-0.003	0.247	
47.73	0.520	0.010	0.110	
47.77	0.522	0.002	0.008	
47.80	0.520	0.003	0.067	
47.83	0.521	0.013	-0.025	
47.87	0.521	0.002	-0.123	
47.90	0.521	-0.001	-0.078	
47.93	0.521	-0.003	-0.032	
47.97	0.521	-0.002	0.003	
48.00	0.521	-0.002	0.021	
48.03	0.521	-0.001	0.022	
48.07	0.521	-0.000	0.011	
48.10	0.521	0.000	0.005	
48.13	0.521	0.000	0.005	
48.17	0.521	0.000	0.011	
48.20	0.521	0.001	0.022	
48.23	0.521	0.002	0.022	
48.27	0.521	0.002	0.011	
48.30	0.521	0.003	-0.000	
48.33	0.521	0.003	-0.029	
48.37	0.521	0.001	-0.068	
48.40	0.522	-0.001	-0.118	
48.43	0.522	-0.013	-0.008	
48.47	0.520	-0.002	0.115	
48.50	0.522	0.002	0.057	
48.53	0.520	0.003	-0.031	
48.57	0.522	-0.000	-0.119	
48.60	0.520	-0.012	-0.010	
48.63	0.520	-0.002	0.116	
48.67	0.521	0.002	0.067	
48.70	0.521	0.003	0.011	
48.73	0.521	0.001	-0.007	
48.77	0.521	0.002	-0.003	
48.80	0.521	0.001	0.002	
48.83	0.521	0.002	0.003	
48.87	0.521	0.002	-0.014	
48.90	0.521	0.001	-0.018	
48.93	0.521	0.000	-0.007	
48.97	0.521	-0.000	0.021	
49.00	0.521	0.001	0.056	
49.03	0.521	0.003	0.096	
49.07	0.521	0.013	-0.019	
49.10	0.523	0.002	-0.159	
49.13	0.521	-0.003	-0.150	
49.17	0.522	-0.007	-0.119	
49.20	0.521	-0.017	0.075	
49.23	0.520	-0.002	0.248	
49.27	0.520	0.012	0.116	
49.30	0.522	0.005	-0.023	
49.33	0.520	0.002	0.023	
49.37	0.522	0.011	-0.039	
49.40	0.522	0.001	-0.123	
49.43	0.522	-0.003	-0.070	
49.47	0.522	-0.003	-0.022	
49.50	0.521	-0.003	0.000	
49.53	0.521	-0.003	0.002	
49.57	0.521	-0.003	0.002	
49.60	0.521	-0.003	0.004	
49.63	0.521	-0.002	0.011	
49.67	0.521	-0.002	0.023	
49.70	0.521	-0.001	0.026	
49.73	0.521	0.000	0.023	
49.77	0.521	0.001	0.026	
49.80	0.521	0.002	0.022	
49.83	0.521	0.002	0.008	
49.87	0.521	0.002	-0.004	
49.90	0.521	0.002	-0.015	
49.93	0.521	0.001	-0.028	
49.97	0.521	0.001	-0.048	
50.00	0.522	-0.001	-0.073	
50.03	0.522	-0.011	0.068	
50.07	0.520	0.003	0.195	
50.10	0.522	0.016	-0.046	
50.13	0.522	0.001	-0.299	
50.17	0.522	-0.017	-0.187	
50.20	0.520	-0.018	0.110	
50.23	0.520	-0.002	0.212	
50.27	0.521	0.003	0.124	
50.30	0.521	0.004	0.076	
50.33	0.521	0.006	0.069	
50.37	0.521	0.009	0.047	
50.40	0.521	0.015	-0.120	
50.43	0.523	0.000	-0.260	
50.47	0.521	-0.014	-0.087	
50.50	0.521	-0.005	0.081	
50.53	0.521	-0.002	0.070	
50.57	0.521	0.000	0.031	
50.60	0.521	-0.000	-0.003	
50.63	0.521	-0.001	-0.019	
50.67	0.521	-0.002	-0.014	
50.70	0.521	-0.002	0.029	
50.73	0.521	-0.001	0.082	
50.77	0.521	0.003	0.132	
50.80	0.521	0.014	0.023	
50.83	0.522	0.003	-0.077	
50.87	0.521	0.002	0.008	
50.90	0.522	0.010	-0.040	
50.93	0.522	0.001	-0.120	
50.97	0.522	-0.003	-0.080	
51.00	0.522	-0.005	-0.029	
51.03	0.522	-0.005	0.012	
51.07	0.521	-0.003	0.020	
51.10	0.521	-0.003	0.012	
51.13	0.521	-0.003	0.008	
51.17	0.521	-0.002	0.008	
51.20	0.521	-0.002	0.012	
51.23	0.521	-0.001	0.004	
51.27	0.521	-0.002	0.001	
51.30	0.521	-0.002	0.019	
51.33	0.521	-0.000	0.029	
51.37	0.521	0.000	0.029	
51.40	0.521	0.002	0.019	
51.43	0.521	0.002	-0.001	
51.47	0.521	0.001	-0.006	
51.50	0.521	0.002	-0.027	
51.53	0.521	0.001	-0.064	
51.57	0.521	-0.003	-0.060	
51.60	0.521	-0.010	0.104	
51.63	0.520	0.004	0.236	
51.67	0.521	0.018	0.039	
51.70	0.522	0.008	-0.187	
51.73	0.522	-0.000	-0.234	
51.77	0.522	-0.016	-0.044	
51.80	0.520	-0.011	0.320	
51.83	0.520	0.019	0.299	
51.87	0.522	0.024	-0.120	
51.90	0.523	0.006	-0.398	
51.93	0.523	-0.017	-0.275	
51.97	0.521	-0.019	0.065	
52.00	0.521	-0.004	0.198	
52.03	0.521	0.001	0.119	
52.07	0.521	0.002	0.039	
52.10	0.521	0.002	-0.001	
52.13	0.521	0.001	0.021	
52.17	0.521	0.002	0.066	
52.20	0.521	0.006	0.067	
52.23	0.521	0.014	-0.112	
52.27	0.523	-0.002	-0.266	
52.30	0.521	-0.017	-0.081	
52.33	0.521	-0.007	0.123	
52.37	0.521	-0.002	0.154	
52.40	0.521	0.004	0.116	
52.43	0.521	0.013	-0.101	
52.47	0.523	-0.004	-0.244	
52.50	0.521	-0.019	-0.004	
52.53	0.520	-0.005	0.232	
52.57	0.520	0.012	0.080	
52.60	0.522	0.002	-0.135	
52.63	0.520	-0.004	-0.164	
52.67	0.522	-0.009	-0.152	
52.70	0.520	-0.019	0.002	
52.73	0.520	-0.008	0.148	
52.77	0.520	-0.006	0.198	
52.80	0.519	0.002	0.276	
52.83	0.519	0.019	0.167	
52.87	0.521	0.020	-0.103	
52.90	0.521	0.005	-0.188	
52.93	0.521	0.001	-0.098	
52.97	0.521	0.000	-0.024	
53.00	0.521	0.001	0.014	
53.03	0.521	0.002	-0.015	
53.07	0.521	0.002	-0.107	
53.10	0.522	-0.004	-0.205	
53.13	0.521	-0.019	-0.106	
53.17	0.520	-0.016	0.145	
53.20	0.520	-0.002	0.212	
53.23	0.520	0.003	0.138	
53.27	0.520	0.006	0.085	
53.30	0.521	0.007	0.064	
53.33	0.520	0.009	0.072	
53.37	0.521	0.019	-0.089	
53.40	0.523	0.004	-0.255	
53.43	0.521	-0.013	-0.042	
53.47	0.521	-0.001	0.238	
53.50	0.521	0.011	0.315	
53.53	0.521	0.027	0.161	
53.57	0.523	0.026	-0.133	
53.60	0.523	0.011	-0.227	
53.63	0.524	0.005	-0.141	
53.67	0.524	0.003	-0.058	
53.70	0.524	0.003	-0.018	
53.73	0.524	0.002	-0.014	
53.77	0.524	0.002	-0.025	
53.80	0.524	0.001	-0.035	
53.83	0.524	0.000	-0.063	
53.87	0.524	-0.002	-0.111	
53.90	0.524	-0.007	-0.149	
53.93	0.524	-0.019	-0.002	
53.97	0.522	-0.007	0.135	
54.00	0.524	-0.002	0.056	
54.03	0.522	-0.002	-0.056	
54.07	0.524	-0.007	-0.120	
54.10	0.522	-0.019	0.042	
54.13	0.521	-0.006	0.243	
54.17	0.521	0.009	0.145	
54.20	0.523	0.003	0.023	
54.23	0.521	0.004	0.034	
54.27	0.523	0.013	-0.117	
54.30	0.523	-0.003	-0.270	
54.33	0.523	-0.018	-0.089	
54.37	0.521	-0.008	0.113	
54.40	0.522	-0.004	0.155	
54.43	0.520	0.001	0.187	
54.47	0.522	0.014	0.038	
54.50	0.522	0.004	-0.116	
54.53	0.522	-0.000	-0.092	
54.57	0.522	-0.002	-0.066	
54.60	0.522	-0.003	-0.069	
54.63	0.522	-0.006	-0.069	
54.67	0.522	-0.014	0.098	
54.70	0.520	0.001	0.240	
54.73	0.522	0.013	0.083	
54.77	0.522	0.005	-0.056	
54.80	0.522	0.003	-0.045	
54.83	0.522	0.002	-0.021	
54.87	0.522	0.003	-0.002	
54.90	0.522	0.003	0.002	
54.93	0.522	0.003	0.001	
54.97	0.522	0.003	-0.031	
55.00	0.522	0.003	-0.114	
55.03	0.523	-0.002	-0.217	
55.07	0.523	-0.019	-0.099	
55.10	0.521	-0.018	0.244	
55.13	0.521	0.003	0.419	
55.17	0.521	0.023	0.214	
55.20	0.523	0.023	-0.172	
55.23	0.523	0.004	-0.352	
55.27	0.523	-0.013	-0.176	
55.30	0.521	-0.006	-0.008	
55.33	0.523	-0.005	-0.051	
55.37	0.522	-0.015	0.035	
55.40	0.521	-0.004	0.141	
55.43	0.522	0.000	0.093	
55.47	0.522	0.002	0.028	
55.50	0.522	0.002	-0.032	
55.53	0.522	-0.001	-0.059	
55.57	0.522	-0.004	-0.035	
55.60	0.521	-0.004	0.039	
55.63	0.521	-0.002	0.119	
55.67	0.521	0.004	0.162	
55.70	0.521	0.016	0.003	
55.73	0.523	0.011	-0.329	
55.77	0.523	-0.017	-0.334	
55.80	0.521	-0.024	0.022	
55.83	0.521	-0.010	0.247	
55.87	0.520	-0.000	0.259	
55.90	0.521	0.014	0.057	
55.93	0.522	0.001	-0.101	
55.97	0.520	-0.000	-0.062	
56.00	0.522	-0.000	-0.075	
56.03	0.520	-0.004	-0.108	
56.07	0.522	-0.008	-0.097	
56.10	0.520	-0.017	0.084	
56.13	0.520	-0.003	0.247	
56.17	0.520	0.012	0.085	
56.20	0.522	0.003	-0.096	
56.23	0.520	-0.001	-0.124	
56.27	0.522	-0.005	-0.136	
56.30	0.520	-0.015	0.009	
56.33	0.520	-0.003	0.126	
56.37	0.520	-0.001	0.086	
56.40	0.520	0.001	0.059	
56.43	0.520	0.003	0.019	
56.47	0.520	0.002	-0.013	
56.50	0.520	0.001	-0.010	
56.53	0.520	0.002	0.002	
56.57	0.520	0.001	0.022	
56.60	0.520	0.003	0.063	
56.63	0.520	0.005	0.094	
56.67	0.520	0.008	0.129	
56.70	0.521	0.019	0.019	
56.73	0.522	0.010	-0.120	
56.77	0.521	0.006	-0.120	
56.80	0.523	0.002	-0.099	
56.83	0.521	0.001	-0.090	
56.87	0.523	-0.002	-0.122	
56.90	0.521	-0.013	-0.009	
56.93	0.521	-0.003	0.098	
56.97	0.521	-0.001	0.061	
57.00	0.521	0.000	0.036	
57.03	0.521	0.001	0.022	
57.07	0.521	0.002	0.010	
57.10	0.522	0.002	-0.015	
57.13	0.521	0.000	-0.029	
57.17	0.522	-0.000	-0.029	
57.20	0.521	-0.002	-0.019	
57.23	0.521	-0.002	-0.001	
57.27	0.521	-0.001	-0.005	
57.30	0.521	-0.002	-0.016	
57.33	0.521	-0.003	-0.018	
57.37	0.521	-0.003	-0.020	
57.40	0.521	-0.004	-0.006	
57.43	0.521	-0.004	0.035	
57.47	0.521	-0.002	0.063	
57.50	0.521	0.001	0.051	
57.53	0.520	0.007	-0.083	
57.57	0.522	-0.006	-0.168	
57.60	0.520	-0.017	0.076	
57.63	0.520	-0.001	0.320	
57.67	0.520	0.018	0.206	
57.70	0.522	0.018	-0.083	
57.73	0.522	0.004	-0.185	
57.77	0.521	0.000	-0.113	
57.80	0.522	-0.002	-0.045	
57.83	0.521	-0.002	0.006	
57.87	0.521	-0.001	0.018	
57.90	0.521	-0.000	0.015	
57.93	0.521	0.000	0.013	
57.97	0.521	0.001	0.012	
58.00	0.521	0.002	-0.020	
58.03	0.521	0.000	-0.069	
58.07	0.522	-0.004	-0.076	
58.10	0.521	-0.012	0.091	
58.13	0.520	0.003	0.216	
58.17	0.522	0.017	-0.029	
58.20	0.522	0.002	-0.298	
58.23	0.522	-0.017	-0.199	
58.27	0.520	-0.018	0.104	
58.30	0.520	-0.002	0.237	
58.33	0.521	0.003	0.202	
58.37	0.520	0.008	0.185	
58.40	0.521	0.022	0.009	
58.43	0.523	0.010	-0.177	
58.47	0.521	0.003	-0.181	
58.50	0.523	-0.002	-0.161	
58.53	0.521	-0.013	0.011	
58.57	0.521	-0.001	0.173	
58.60	0.521	0.006	0.137	
58.63	0.522	0.008	0.053	
58.67	0.522	0.013	-0.140	
58.70	0.523	-0.002	-0.273	
58.73	0.522	-0.017	-0.088	
58.77	0.521	-0.007	0.090	
58.80	0.521	-0.004	0.089	
58.83	0.521	-0.001	0.049	
58.87	0.521	-0.001	0.011	
58.90	0.521	-0.002	0.033	
58.93	0.521	-0.000	0.084	
58.97	0.521	0.005	0.107	
59.00	0.521	0.013	-0.018	
59.03	0.523	0.001	-0.102	
59.07	0.521	0.001	-0.062	
59.10	0.523	0.006	-0.203	
59.13	0.523	-0.019	-0.172	
59.17	0.520	-0.019	0.171	
59.20	0.520	0.006	0.180	
59.23	0.522	0.000	0.003	
59.27	0.520	-0.001	-0.001	
59.30	0.522	-0.001	0.045	
59.33	0.520	0.001	0.124	
59.37	0.522	0.013	0.032	
59.40	0.522	0.004	-0.090	
59.43	0.522	0.001	-0.064	
59.47	0.522	0.000	-0.032	
59.50	0.522	0.000	-0.007	
59.53	0.522	0.000	-0.000	
59.57	0.522	0.000	0.004	
59.60	0.522	0.000	0.010	
59.63	0.522	0.001	0.013	
59.67	0.522	0.002	-0.023	
59.70	0.522	0.001	-0.107	
59.73	0.522	-0.004	-0.200	
59.77	0.522	-0.018	-0.125	
59.80	0.520	-0.019	0.130	
59.83	0.520	-0.004	0.227	
59.87	0.520	0.003	0.135	
59.90	0.520	0.004	0.045	
59.93	0.521	0.003	0.015	
59.97	0.521	0.004	0.039	
60.00	0.521	0.007	0.069	
