Vernier Format 2
0.7.txt 11/18/113 3:13:52
Run 1
Time	Position	Velocity	Acceleration	
T	P	V	A	
s	m	m/s	m/s^2	

0.00	0.313	0.000	-0.003	
0.03	0.313	0.000	-0.010	
0.07	0.313	-0.000	-0.017	
0.10	0.313	-0.001	-0.024	
0.13	0.313	-0.003	0.001	
0.17	0.312	-0.002	0.048	
0.20	0.312	0.001	0.058	
0.23	0.312	0.003	0.046	
0.27	0.313	0.005	0.023	
0.30	0.313	0.005	-0.009	
0.33	0.313	0.004	-0.036	
0.37	0.313	0.001	-0.031	
0.40	0.313	0.001	0.004	
0.43	0.313	0.002	0.025	
0.47	0.313	0.003	0.029	
0.50	0.313	0.005	0.014	
0.53	0.314	0.005	-0.019	
0.57	0.314	0.003	-0.050	
0.60	0.314	-0.000	-0.033	
0.63	0.314	-0.000	0.029	
0.67	0.314	0.003	0.043	
0.70	0.314	0.004	0.011	
0.73	0.314	0.003	-0.012	
0.77	0.314	0.003	-0.023	
0.80	0.314	0.003	-0.050	
0.83	0.314	-0.001	-0.051	
0.87	0.314	-0.003	0.003	
0.90	0.314	-0.000	0.040	
0.93	0.314	0.002	0.029	
0.97	0.314	0.002	-0.001	
1.00	0.314	0.001	-0.019	
1.03	0.314	0.001	-0.035	
1.07	0.314	-0.002	-0.037	
1.10	0.314	-0.003	0.003	
1.13	0.314	-0.001	0.025	
1.17	0.314	-0.000	0.014	
1.20	0.314	0.000	-0.005	
1.23	0.314	-0.000	-0.030	
1.27	0.314	-0.002	-0.055	
1.30	0.314	-0.006	-0.037	
1.33	0.314	-0.006	0.022	
1.37	0.314	-0.002	0.035	
1.40	0.314	-0.002	0.014	
1.43	0.313	-0.002	0.000	
1.47	0.313	-0.002	-0.029	
1.50	0.313	-0.004	-0.055	
1.53	0.313	-0.007	-0.022	
1.57	0.313	-0.006	0.041	
1.60	0.313	-0.002	0.047	
1.63	0.313	-0.002	0.027	
1.67	0.312	-0.002	0.026	
1.70	0.312	-0.000	0.019	
1.73	0.312	0.001	-0.009	
1.77	0.313	-0.002	-0.013	
1.80	0.312	-0.002	0.038	
1.83	0.312	0.002	0.070	
1.87	0.312	0.004	0.049	
1.90	0.313	0.005	0.015	
1.93	0.313	0.005	-0.010	
1.97	0.313	0.004	-0.023	
2.00	0.313	0.002	0.001	
2.03	0.313	0.003	0.047	
2.07	0.313	0.007	0.053	
2.10	0.314	0.008	0.030	
2.13	0.314	0.009	-0.011	
2.17	0.314	0.007	-0.056	
2.20	0.314	0.005	-0.076	
2.23	0.315	0.001	-0.058	
2.27	0.314	-0.001	-0.006	
2.30	0.314	0.002	0.022	
2.33	0.315	0.002	0.006	
2.37	0.315	0.002	-0.027	
2.40	0.315	0.001	-0.071	
2.43	0.315	-0.003	-0.091	
2.47	0.315	-0.007	-0.044	
2.50	0.314	-0.007	0.023	
2.53	0.314	-0.004	0.038	
2.57	0.314	-0.003	0.015	
2.60	0.314	-0.003	-0.011	
2.63	0.314	-0.004	-0.022	
2.67	0.314	-0.004	-0.031	
2.70	0.314	-0.007	-0.021	
2.73	0.313	-0.008	0.036	
2.77	0.313	-0.004	0.070	
2.80	0.313	-0.001	0.050	
2.83	0.313	-0.000	0.019	
2.87	0.313	-0.000	-0.003	
2.90	0.313	-0.001	-0.013	
2.93	0.313	-0.002	0.001	
2.97	0.313	-0.001	0.034	
3.00	0.313	0.001	0.043	
3.03	0.313	0.002	0.027	
3.07	0.313	0.003	0.008	
3.10	0.313	0.004	-0.026	
3.13	0.313	0.001	-0.057	
3.17	0.313	-0.002	-0.028	
3.20	0.313	-0.002	0.033	
3.23	0.313	0.001	0.049	
3.27	0.313	0.003	0.033	
3.30	0.313	0.004	0.000	
3.33	0.313	0.003	-0.033	
3.37	0.313	0.001	-0.049	
3.40	0.314	-0.002	-0.033	
3.43	0.313	-0.002	0.028	
3.47	0.313	0.001	0.057	
3.50	0.313	0.004	0.027	
3.53	0.314	0.003	-0.007	
3.57	0.314	0.002	-0.022	
3.60	0.314	0.002	-0.028	
3.63	0.314	-0.001	-0.000	
3.67	0.314	0.001	0.044	
3.70	0.314	0.004	0.046	
3.73	0.314	0.005	0.019	
3.77	0.314	0.005	-0.010	
3.80	0.314	0.004	-0.041	
3.83	0.314	0.002	-0.058	
3.87	0.314	-0.001	-0.034	
3.90	0.314	-0.001	0.013	
3.93	0.314	0.001	0.023	
3.97	0.314	0.002	-0.004	
4.00	0.314	0.001	-0.027	
4.03	0.314	-0.000	-0.045	
4.07	0.314	-0.002	-0.069	
4.10	0.314	-0.006	-0.056	
4.13	0.314	-0.008	0.007	
4.17	0.314	-0.004	0.035	
4.20	0.314	-0.003	0.014	
4.23	0.314	-0.004	-0.001	
4.27	0.313	-0.003	-0.018	
4.30	0.313	-0.004	-0.046	
4.33	0.313	-0.008	-0.026	
4.37	0.313	-0.008	0.040	
4.40	0.312	-0.004	0.066	
4.43	0.312	-0.002	0.035	
4.47	0.312	-0.002	0.009	
4.50	0.312	-0.002	0.008	
4.53	0.312	-0.001	0.006	
4.57	0.312	-0.002	0.016	
4.60	0.312	-0.001	0.052	
4.63	0.312	0.002	0.072	
4.67	0.312	0.005	0.055	
4.70	0.312	0.007	0.014	
4.73	0.313	0.006	-0.026	
4.77	0.313	0.003	-0.010	
4.80	0.313	0.004	0.041	
4.83	0.313	0.008	0.036	
4.87	0.314	0.007	0.000	
4.90	0.314	0.006	-0.011	
4.93	0.314	0.007	-0.027	
4.97	0.314	0.006	-0.063	
5.00	0.314	0.001	-0.063	
5.03	0.314	-0.000	-0.011	
5.07	0.314	0.002	0.019	
5.10	0.314	0.002	0.006	
5.13	0.314	0.002	-0.024	
5.17	0.315	0.001	-0.064	
5.20	0.315	-0.003	-0.080	
5.23	0.314	-0.006	-0.044	
5.27	0.314	-0.006	0.014	
5.30	0.314	-0.004	0.038	
5.33	0.314	-0.003	0.030	
5.37	0.314	-0.002	0.018	
5.40	0.314	-0.001	-0.008	
5.43	0.314	-0.002	-0.042	
5.47	0.314	-0.006	-0.028	
5.50	0.313	-0.006	0.033	
5.53	0.313	-0.002	0.055	
5.57	0.313	-0.000	0.034	
5.60	0.313	0.000	0.015	
5.63	0.313	0.000	-0.000	
5.67	0.313	0.001	-0.024	
5.70	0.313	-0.002	-0.028	
5.73	0.313	-0.003	0.014	
5.77	0.313	-0.000	0.043	
5.80	0.313	0.002	0.026	
5.83	0.313	0.002	-0.012	
5.87	0.313	0.000	-0.037	
5.90	0.313	-0.001	-0.046	
5.93	0.313	-0.004	-0.026	
5.97	0.313	-0.004	0.022	
6.00	0.313	-0.001	0.040	
6.03	0.313	-0.000	0.030	
6.07	0.313	0.001	0.019	
6.10	0.313	0.002	-0.004	
6.13	0.313	0.001	-0.035	
6.17	0.313	-0.003	-0.017	
6.20	0.313	-0.002	0.038	
6.23	0.313	0.001	0.054	
6.27	0.313	0.003	0.045	
6.30	0.313	0.005	0.023	
6.33	0.313	0.005	-0.008	
6.37	0.313	0.004	-0.031	
6.40	0.314	0.001	-0.020	
6.43	0.313	0.001	0.026	
6.47	0.314	0.004	0.046	
6.50	0.314	0.005	0.037	
6.53	0.314	0.007	0.010	
6.57	0.314	0.007	-0.034	
6.60	0.314	0.004	-0.064	
6.63	0.315	0.001	-0.051	
6.67	0.314	-0.000	0.002	
6.70	0.314	0.002	0.030	
6.73	0.315	0.004	0.002	
6.77	0.315	0.002	-0.042	
6.80	0.315	0.000	-0.071	
6.83	0.315	-0.002	-0.091	
6.87	0.315	-0.008	-0.064	
6.90	0.314	-0.008	0.009	
6.93	0.314	-0.005	0.028	
6.97	0.314	-0.005	0.011	
7.00	0.314	-0.005	0.003	
7.03	0.314	-0.005	-0.005	
7.07	0.313	-0.004	-0.025	
7.10	0.313	-0.007	-0.028	
7.13	0.313	-0.008	0.015	
7.17	0.313	-0.006	0.049	
7.20	0.312	-0.003	0.046	
7.23	0.312	-0.002	0.033	
7.27	0.312	-0.002	0.030	
7.30	0.312	0.000	0.014	
7.33	0.312	-0.001	0.012	
7.37	0.312	-0.001	0.052	
7.40	0.312	0.003	0.060	
7.43	0.312	0.005	0.035	
7.47	0.313	0.005	0.015	
7.50	0.313	0.005	-0.000	
7.53	0.313	0.006	-0.025	
7.57	0.313	0.003	-0.033	
7.60	0.313	0.002	0.004	
7.63	0.313	0.004	0.025	
7.67	0.314	0.005	0.014	
7.70	0.314	0.005	-0.006	
7.73	0.314	0.005	-0.034	
7.77	0.314	0.003	-0.065	
7.80	0.314	-0.001	-0.055	
7.83	0.314	-0.002	0.007	
7.87	0.314	0.001	0.035	
7.90	0.314	0.002	0.013	
7.93	0.314	0.001	-0.005	
7.97	0.314	0.002	-0.029	
8.00	0.314	0.000	-0.068	
8.03	0.314	-0.005	-0.047	
8.07	0.314	-0.005	0.032	
8.10	0.314	-0.001	0.068	
8.13	0.314	0.001	0.040	
8.17	0.314	0.002	-0.006	
8.20	0.314	0.000	-0.032	
8.23	0.314	-0.001	-0.035	
8.27	0.314	-0.003	-0.007	
8.30	0.314	-0.002	0.036	
8.33	0.314	0.001	0.035	
8.37	0.314	0.001	0.018	
8.40	0.314	0.002	-0.004	
8.43	0.314	0.001	-0.045	
8.47	0.314	-0.001	-0.073	
8.50	0.314	-0.005	-0.044	
8.53	0.313	-0.006	0.024	
8.57	0.313	-0.002	0.040	
8.60	0.313	-0.001	0.001	
8.63	0.313	-0.002	-0.030	
8.67	0.313	-0.004	-0.041	
8.70	0.313	-0.006	-0.014	
8.73	0.313	-0.006	0.043	
8.77	0.313	-0.002	0.058	
8.80	0.313	-0.000	0.031	
8.83	0.313	0.000	0.004	
8.87	0.313	-0.000	-0.018	
8.90	0.313	-0.001	-0.031	
8.93	0.313	-0.004	-0.006	
8.97	0.312	-0.003	0.055	
9.00	0.312	0.001	0.080	
9.03	0.312	0.004	0.053	
9.07	0.313	0.005	0.016	
9.10	0.313	0.005	-0.010	
9.13	0.313	0.004	-0.023	
9.17	0.313	0.002	0.001	
9.20	0.313	0.003	0.044	
9.23	0.313	0.006	0.047	
9.27	0.314	0.007	0.023	
9.30	0.314	0.008	-0.003	
9.33	0.314	0.007	-0.031	
9.37	0.314	0.006	-0.063	
9.40	0.315	0.002	-0.059	
9.43	0.314	0.001	-0.023	
9.47	0.315	0.001	-0.013	
9.50	0.315	0.000	-0.016	
9.53	0.315	0.000	-0.020	
9.57	0.315	-0.000	-0.036	
9.60	0.315	-0.002	-0.060	
9.63	0.315	-0.006	-0.047	
9.67	0.314	-0.006	0.003	
9.70	0.314	-0.004	0.020	
9.73	0.314	-0.004	0.014	
9.77	0.314	-0.003	-0.000	
9.80	0.314	-0.004	-0.033	
9.83	0.314	-0.006	-0.050	
9.87	0.313	-0.009	-0.018	
9.90	0.313	-0.008	0.048	
9.93	0.313	-0.004	0.073	
9.97	0.313	-0.001	0.045	
10.00	0.313	-0.001	0.024	
10.03	0.312	-0.000	0.012	
10.07	0.313	0.000	-0.012	
10.10	0.313	-0.003	0.004	
10.13	0.312	-0.001	0.059	
10.17	0.312	0.003	0.062	
10.20	0.313	0.005	0.024	
10.23	0.313	0.005	-0.013	
10.27	0.313	0.003	-0.030	
10.30	0.313	0.002	-0.029	
10.33	0.313	0.001	-0.015	
10.37	0.313	0.001	0.010	
10.40	0.313	0.002	0.018	
10.43	0.313	0.002	0.012	
10.47	0.313	0.003	0.002	
10.50	0.313	0.003	-0.013	
10.53	0.314	0.003	-0.043	
10.57	0.314	-0.001	-0.043	
10.60	0.313	-0.002	0.015	
10.63	0.313	0.001	0.043	
10.67	0.314	0.002	0.026	
10.70	0.314	0.003	0.003	
10.73	0.314	0.002	-0.019	
10.77	0.314	0.001	-0.035	
10.80	0.314	-0.001	-0.021	
10.83	0.314	-0.001	0.026	
10.87	0.314	0.002	0.046	
10.90	0.314	0.003	0.037	
10.93	0.314	0.004	0.008	
10.97	0.314	0.004	-0.037	
11.00	0.314	0.002	-0.065	
11.03	0.314	-0.002	-0.032	
11.07	0.314	-0.002	0.028	
11.10	0.314	0.001	0.038	
11.13	0.314	0.002	0.010	
11.17	0.314	0.002	-0.026	
11.20	0.314	0.000	-0.053	
11.23	0.314	-0.002	-0.070	
11.27	0.314	-0.006	-0.051	
11.30	0.314	-0.006	0.002	
11.33	0.314	-0.004	0.021	
11.37	0.314	-0.004	0.018	
11.40	0.313	-0.003	0.010	
11.43	0.313	-0.003	-0.015	
11.47	0.313	-0.004	-0.039	
11.50	0.313	-0.007	-0.028	
11.53	0.313	-0.008	0.029	
11.57	0.312	-0.004	0.058	
11.60	0.312	-0.002	0.031	
11.63	0.312	-0.002	0.005	
11.67	0.312	-0.002	0.001	
11.70	0.312	-0.002	-0.001	
11.73	0.312	-0.003	0.023	
11.77	0.312	-0.001	0.071	
11.80	0.312	0.003	0.073	
11.83	0.312	0.005	0.039	
11.87	0.312	0.005	0.011	
11.90	0.313	0.006	-0.018	
11.93	0.313	0.003	-0.021	
11.97	0.313	0.003	0.026	
12.00	0.313	0.006	0.047	
12.03	0.313	0.007	0.022	
12.07	0.314	0.008	-0.008	
12.10	0.314	0.007	-0.041	
12.13	0.314	0.005	-0.059	
12.17	0.314	0.002	-0.037	
12.20	0.314	0.001	0.006	
12.23	0.314	0.003	0.012	
12.27	0.314	0.003	-0.008	
12.30	0.314	0.003	-0.027	
12.33	0.315	0.002	-0.057	
12.37	0.315	-0.001	-0.081	
12.40	0.315	-0.006	-0.055	
12.43	0.314	-0.006	0.005	
12.47	0.314	-0.004	0.027	
12.50	0.314	-0.003	0.011	
12.53	0.314	-0.003	-0.012	
12.57	0.314	-0.004	-0.023	
12.60	0.314	-0.004	-0.031	
12.63	0.314	-0.007	-0.021	
12.67	0.313	-0.008	0.037	
12.70	0.313	-0.004	0.073	
12.73	0.313	-0.001	0.058	
12.77	0.313	0.000	0.029	
12.80	0.313	0.001	-0.010	
12.83	0.313	0.000	-0.052	
12.87	0.313	-0.004	-0.028	
12.90	0.312	-0.003	0.044	
12.93	0.313	0.001	0.061	
12.97	0.313	0.002	0.032	
13.00	0.313	0.003	0.001	
13.03	0.313	0.002	-0.029	
13.07	0.313	0.001	-0.054	
13.10	0.313	-0.003	-0.033	
13.13	0.313	-0.003	0.029	
13.17	0.313	0.001	0.046	
13.20	0.313	0.002	0.018	
13.23	0.313	0.001	0.001	
13.27	0.313	0.002	-0.015	
13.30	0.313	0.001	-0.039	
13.33	0.313	-0.003	-0.018	
13.37	0.313	-0.002	0.033	
13.40	0.313	0.001	0.045	
13.43	0.313	0.002	0.030	
13.47	0.313	0.003	0.018	
13.50	0.313	0.003	0.010	
13.53	0.313	0.005	-0.021	
13.57	0.314	0.001	-0.032	
13.60	0.313	0.000	0.020	
13.63	0.313	0.004	0.048	
13.67	0.314	0.005	0.035	
13.70	0.314	0.006	0.017	
13.73	0.314	0.007	-0.019	
13.77	0.314	0.005	-0.069	
13.80	0.314	-0.000	-0.062	
13.83	0.314	-0.001	-0.001	
13.87	0.314	0.001	0.023	
13.90	0.314	0.002	0.005	
13.93	0.314	0.002	-0.027	
13.97	0.314	0.000	-0.056	
14.00	0.314	-0.002	-0.076	
14.03	0.314	-0.006	-0.060	
14.07	0.314	-0.008	0.006	
14.10	0.314	-0.004	0.035	
14.13	0.314	-0.003	0.014	
14.17	0.314	-0.004	-0.001	
14.20	0.313	-0.003	-0.018	
14.23	0.313	-0.004	-0.046	
14.27	0.313	-0.008	-0.029	
14.30	0.313	-0.008	0.034	
14.33	0.312	-0.004	0.058	
14.37	0.312	-0.003	0.041	
14.40	0.312	-0.002	0.026	
14.43	0.312	-0.001	0.005	
14.47	0.312	-0.001	-0.019	
14.50	0.312	-0.004	-0.002	
14.53	0.312	-0.003	0.056	
14.57	0.312	0.001	0.081	
14.60	0.312	0.004	0.057	
14.63	0.312	0.005	0.026	
14.67	0.312	0.005	0.005	
14.70	0.313	0.006	-0.020	
14.73	0.313	0.003	-0.022	
14.77	0.313	0.003	0.022	
14.80	0.313	0.006	0.038	
14.83	0.313	0.007	0.004	
14.87	0.314	0.006	-0.024	
14.90	0.314	0.005	-0.052	
14.93	0.314	0.001	-0.048	
14.97	0.314	0.000	0.010	
15.00	0.314	0.003	0.032	
15.03	0.314	0.004	0.003	
15.07	0.314	0.003	-0.023	
15.10	0.314	0.002	-0.041	
15.13	0.314	0.001	-0.063	
15.17	0.314	-0.003	-0.049	
15.20	0.314	-0.004	-0.000	
15.23	0.314	-0.002	0.013	
15.27	0.314	-0.002	0.007	
15.30	0.314	-0.002	0.007	
15.33	0.314	-0.001	-0.012	
15.37	0.314	-0.002	-0.043	
15.40	0.314	-0.006	-0.028	
15.43	0.313	-0.006	0.033	
15.47	0.313	-0.002	0.055	
15.50	0.313	-0.000	0.033	
15.53	0.313	0.000	0.011	
15.57	0.313	0.000	-0.007	
15.60	0.313	0.000	-0.032	
15.63	0.314	-0.003	-0.025	
15.67	0.313	-0.003	0.025	
15.70	0.313	0.000	0.032	
15.73	0.313	0.000	0.008	
15.77	0.313	0.000	-0.007	
15.80	0.313	-0.000	-0.023	
15.83	0.313	-0.001	-0.036	
15.87	0.313	-0.004	-0.022	
15.90	0.313	-0.004	0.022	
15.93	0.313	-0.001	0.036	
15.97	0.313	-0.000	0.019	
16.00	0.313	0.000	0.001	
16.03	0.313	-0.000	-0.015	
16.07	0.313	-0.001	-0.024	
16.10	0.313	-0.003	0.001	
16.13	0.312	-0.002	0.047	
16.17	0.313	0.001	0.055	
16.20	0.313	0.003	0.038	
16.23	0.313	0.004	0.012	
16.27	0.313	0.003	-0.007	
16.30	0.313	0.004	-0.017	
16.33	0.313	0.001	-0.006	
16.37	0.313	0.002	0.037	
16.40	0.313	0.005	0.040	
16.43	0.314	0.005	0.019	
16.47	0.314	0.006	0.011	
16.50	0.314	0.007	-0.012	
16.53	0.314	0.006	-0.048	
16.57	0.314	0.002	-0.044	
16.60	0.314	0.001	-0.000	
16.63	0.314	0.003	0.009	
16.67	0.315	0.003	-0.009	
16.70	0.315	0.003	-0.027	
16.73	0.315	0.002	-0.056	
16.77	0.315	-0.001	-0.078	
16.80	0.315	-0.005	-0.049	
16.83	0.314	-0.006	0.013	
16.87	0.314	-0.002	0.020	
16.90	0.314	-0.003	-0.011	
16.93	0.314	-0.004	-0.023	
16.97	0.314	-0.005	-0.026	
17.00	0.314	-0.005	-0.044	
17.03	0.314	-0.009	-0.033	
17.07	0.313	-0.010	0.037	
17.10	0.313	-0.005	0.066	
17.13	0.313	-0.003	0.038	
17.17	0.313	-0.003	0.012	
17.20	0.313	-0.003	-0.005	
17.23	0.312	-0.003	-0.008	
17.27	0.312	-0.004	0.016	
17.30	0.312	-0.003	0.066	
17.33	0.312	0.001	0.084	
17.37	0.312	0.004	0.054	
17.40	0.312	0.005	0.016	
17.43	0.313	0.005	-0.014	
17.47	0.313	0.004	-0.035	
17.50	0.313	0.001	-0.021	
17.53	0.313	0.001	0.025	
17.57	0.313	0.004	0.044	
17.60	0.313	0.005	0.027	
17.63	0.313	0.007	-0.013	
17.67	0.314	0.005	-0.064	
17.70	0.314	0.000	-0.054	
17.73	0.314	-0.000	0.011	
17.77	0.314	0.003	0.028	
17.80	0.314	0.003	0.007	
17.83	0.314	0.003	-0.008	
17.87	0.314	0.002	-0.027	
17.90	0.314	0.001	-0.048	
17.93	0.314	-0.002	-0.044	
17.97	0.314	-0.003	0.000	
18.00	0.314	-0.001	0.028	
18.03	0.314	-0.000	0.026	
18.07	0.314	0.001	0.017	
18.10	0.314	0.002	-0.008	
18.13	0.314	0.001	-0.046	
18.17	0.314	-0.003	-0.036	
18.20	0.314	-0.003	0.022	
18.23	0.314	-0.001	0.050	
18.27	0.314	0.002	0.029	
18.30	0.314	0.002	-0.011	
18.33	0.314	0.000	-0.037	
18.37	0.314	-0.001	-0.046	
18.40	0.314	-0.004	-0.026	
18.43	0.314	-0.004	0.020	
18.47	0.314	-0.001	0.031	
18.50	0.314	-0.000	0.008	
18.53	0.314	-0.001	-0.022	
18.57	0.314	-0.002	-0.041	
18.60	0.313	-0.004	-0.044	
18.63	0.313	-0.006	-0.019	
18.67	0.313	-0.006	0.032	
18.70	0.313	-0.002	0.036	
18.73	0.313	-0.002	0.009	
18.77	0.313	-0.002	-0.003	
18.80	0.313	-0.003	-0.011	
18.83	0.312	-0.003	-0.013	
18.87	0.312	-0.004	0.005	
18.90	0.312	-0.004	0.048	
18.93	0.312	-0.000	0.073	
18.97	0.312	0.002	0.064	
19.00	0.312	0.004	0.034	
19.03	0.312	0.005	-0.003	
19.07	0.313	0.004	-0.027	
19.10	0.313	0.002	-0.009	
19.13	0.313	0.002	0.044	
19.17	0.313	0.006	0.058	
19.20	0.313	0.007	0.030	
19.23	0.313	0.008	0.003	
19.27	0.314	0.007	-0.023	
19.30	0.314	0.006	-0.047	
19.33	0.314	0.003	-0.044	
19.37	0.314	0.002	-0.001	
19.40	0.314	0.004	0.019	
19.43	0.314	0.005	-0.000	
19.47	0.315	0.004	-0.035	
19.50	0.315	0.002	-0.068	
19.53	0.315	-0.001	-0.081	
19.57	0.315	-0.004	-0.060	
19.60	0.314	-0.006	-0.009	
19.63	0.314	-0.004	0.016	
19.67	0.314	-0.003	0.003	
19.70	0.314	-0.004	-0.008	
19.73	0.314	-0.004	-0.026	
19.77	0.314	-0.005	-0.057	
19.80	0.314	-0.010	-0.029	
19.83	0.313	-0.009	0.044	
19.87	0.313	-0.004	0.062	
19.90	0.313	-0.003	0.037	
19.93	0.313	-0.002	0.021	
19.97	0.313	-0.002	0.020	
20.00	0.313	-0.001	0.027	
