Vernier Format 2
1000g.txt 6/30/2018 4:54:49
Run 1
Time	Position	Velocity	Acceleration	
T	P	V	A	
s	m	m/s	m/s^2	

0.00	0.262	-0.061	0.177	
0.03	0.260	-0.060	0.415	
0.07	0.257	-0.045	0.768	
0.10	0.256	-0.008	1.090	
0.13	0.257	0.035	1.200	
0.17	0.259	0.078	1.079	
0.20	0.262	0.111	0.800	
0.23	0.266	0.133	0.437	
0.27	0.271	0.143	-0.028	
0.30	0.276	0.134	-0.563	
0.33	0.281	0.102	-0.992	
0.37	0.283	0.062	-1.230	
0.40	0.285	0.018	-1.347	
0.43	0.285	-0.031	-1.351	
0.47	0.283	-0.077	-1.175	
0.50	0.279	-0.113	-0.845	
0.53	0.275	-0.136	-0.441	
0.57	0.270	-0.142	-0.046	
0.60	0.265	-0.135	0.273	
0.63	0.261	-0.129	0.727	
0.67	0.256	-0.093	1.323	
0.70	0.254	-0.031	1.617	
0.73	0.254	0.024	1.594	
0.77	0.255	0.084	1.288	
0.80	0.261	0.112	0.880	
0.83	0.263	0.137	0.566	
0.87	0.270	0.158	0.031	
0.90	0.275	0.141	-0.543	
0.93	0.279	0.115	-0.926	
0.97	0.282	0.077	-1.195	
1.00	0.285	0.032	-1.343	
1.03	0.285	-0.015	-1.394	
1.07	0.283	-0.064	-1.310	
1.10	0.280	-0.107	-1.038	
1.13	0.276	-0.144	-0.462	
1.17	0.269	-0.140	0.167	
1.20	0.267	-0.119	0.453	
1.23	0.262	-0.108	0.657	
1.27	0.259	-0.079	0.935	
1.30	0.257	-0.042	1.136	
1.33	0.256	-0.007	1.392	
1.37	0.255	0.054	1.485	
1.40	0.260	0.109	1.080	
1.43	0.264	0.128	0.555	
1.47	0.268	0.141	0.129	
1.50	0.273	0.138	-0.301	
1.53	0.278	0.121	-0.708	
1.57	0.282	0.090	-1.070	
1.60	0.284	0.046	-1.315	
1.63	0.285	-0.003	-1.374	
1.67	0.284	-0.050	-1.265	
1.70	0.282	-0.091	-1.018	
1.73	0.278	-0.121	-0.637	
1.77	0.273	-0.135	-0.186	
1.80	0.268	-0.133	0.261	
1.83	0.264	-0.117	0.671	
1.87	0.260	-0.086	0.996	
1.90	0.258	-0.047	1.181	
1.93	0.257	-0.005	1.262	
1.97	0.257	0.040	1.235	
2.00	0.260	0.082	1.043	
2.03	0.263	0.112	0.735	
2.07	0.267	0.133	0.346	
2.10	0.272	0.138	-0.123	
2.13	0.277	0.124	-0.577	
2.17	0.281	0.098	-0.959	
2.20	0.284	0.058	-1.244	
2.23	0.285	0.010	-1.363	
2.27	0.285	-0.038	-1.291	
2.30	0.282	-0.080	-1.055	
2.33	0.279	-0.111	-0.722	
2.37	0.275	-0.130	-0.329	
2.40	0.270	-0.133	0.080	
2.43	0.265	-0.125	0.508	
2.47	0.261	-0.099	0.917	
2.50	0.258	-0.059	1.165	
2.53	0.257	-0.017	1.255	
2.57	0.257	0.027	1.229	
2.60	0.259	0.068	1.090	
2.63	0.262	0.103	0.833	
2.67	0.266	0.126	0.466	
2.70	0.271	0.136	0.035	
2.73	0.276	0.130	-0.444	
2.77	0.280	0.104	-0.871	
2.80	0.283	0.068	-1.171	
2.83	0.285	0.023	-1.335	
2.87	0.285	-0.027	-1.295	
2.90	0.283	-0.068	-1.088	
2.93	0.280	-0.100	-0.813	
2.97	0.276	-0.124	-0.475	
3.00	0.271	-0.134	-0.060	
3.03	0.266	-0.128	0.381	
3.07	0.262	-0.108	0.786	
3.10	0.259	-0.074	1.107	
3.13	0.257	-0.029	1.239	
3.17	0.257	0.015	1.164	
3.20	0.258	0.051	1.014	
3.23	0.261	0.077	0.977	
3.27	0.263	0.119	0.816	
3.30	0.269	0.147	0.234	
3.33	0.274	0.135	-0.370	
3.37	0.278	0.113	-0.761	
3.40	0.281	0.083	-1.068	
3.43	0.284	0.042	-1.304	
3.47	0.285	-0.009	-1.374	
3.50	0.283	-0.057	-1.217	
3.53	0.280	-0.094	-0.910	
3.57	0.277	-0.118	-0.560	
3.60	0.272	-0.131	-0.208	
3.63	0.268	-0.134	0.198	
3.67	0.263	-0.117	0.574	
3.70	0.260	-0.098	0.995	
3.73	0.255	-0.049	1.336	
3.77	0.257	-0.000	1.409	
3.80	0.255	0.048	1.351	
3.83	0.260	0.099	1.004	
3.87	0.263	0.118	0.547	
3.90	0.268	0.131	0.172	
3.93	0.272	0.130	-0.222	
3.97	0.277	0.116	-0.591	
4.00	0.280	0.089	-0.914	
4.03	0.283	0.054	-1.174	
4.07	0.284	0.008	-1.307	
4.10	0.283	-0.039	-1.253	
4.13	0.281	-0.079	-1.054	
4.17	0.278	-0.112	-0.729	
4.20	0.274	-0.130	-0.342	
4.23	0.269	-0.134	0.031	
4.27	0.264	-0.125	0.353	
4.30	0.261	-0.114	0.764	
4.33	0.256	-0.079	1.260	
4.37	0.255	-0.021	1.498	
4.40	0.255	0.030	1.460	
4.43	0.257	0.077	1.298	
4.47	0.260	0.124	0.891	
4.50	0.266	0.144	0.279	
4.53	0.270	0.137	-0.208	
4.57	0.275	0.125	-0.544	
4.60	0.279	0.102	-0.869	
4.63	0.282	0.066	-1.139	
4.67	0.283	0.021	-1.270	
4.70	0.283	-0.023	-1.253	
4.73	0.282	-0.065	-1.108	
4.77	0.279	-0.101	-0.810	
4.80	0.275	-0.122	-0.413	
4.83	0.270	-0.127	-0.041	
4.87	0.266	-0.123	0.281	
4.90	0.262	-0.109	0.616	
4.93	0.259	-0.085	1.028	
4.97	0.256	-0.043	1.454	
5.00	0.255	0.026	1.478	
5.03	0.258	0.065	1.202	
5.07	0.259	0.101	0.964	
5.10	0.265	0.137	0.490	
5.13	0.270	0.137	-0.054	
5.17	0.274	0.128	-0.444	
5.20	0.278	0.106	-0.787	
5.23	0.282	0.075	-1.073	
5.27	0.284	0.032	-1.257	
5.30	0.284	-0.015	-1.258	
5.33	0.282	-0.055	-1.123	
5.37	0.280	-0.092	-0.890	
5.40	0.276	-0.119	-0.530	
5.43	0.272	-0.129	-0.109	
5.47	0.267	-0.125	0.308	
5.50	0.263	-0.108	0.694	
5.53	0.260	-0.077	0.989	
5.57	0.258	-0.038	1.159	
5.60	0.257	0.003	1.215	
5.63	0.258	0.046	1.161	
5.67	0.260	0.085	0.952	
5.70	0.264	0.113	0.608	
5.73	0.268	0.127	0.197	
5.77	0.273	0.126	-0.222	
5.80	0.277	0.111	-0.602	
5.83	0.280	0.085	-0.932	
5.87	0.283	0.047	-1.165	
5.90	0.284	0.003	-1.251	
5.93	0.283	-0.040	-1.193	
5.97	0.281	-0.080	-0.989	
6.00	0.277	-0.110	-0.650	
6.03	0.273	-0.126	-0.241	
6.07	0.269	-0.127	0.188	
6.10	0.264	-0.111	0.553	
6.13	0.261	-0.086	0.812	
6.17	0.258	-0.055	0.997	
6.20	0.257	-0.025	1.266	
6.23	0.256	0.032	1.416	
6.27	0.260	0.087	1.088	
6.30	0.263	0.107	0.649	
6.33	0.267	0.125	0.305	
6.37	0.271	0.130	-0.090	
6.40	0.276	0.120	-0.503	
6.43	0.280	0.095	-0.880	
6.47	0.282	0.058	-1.131	
6.50	0.284	0.015	-1.229	
6.53	0.283	-0.028	-1.194	
6.57	0.282	-0.068	-1.025	
6.60	0.279	-0.099	-0.744	
6.63	0.275	-0.119	-0.389	
6.67	0.270	-0.127	0.045	
6.70	0.266	-0.116	0.474	
6.73	0.262	-0.092	0.799	
6.77	0.259	-0.061	1.031	
6.80	0.258	-0.021	1.148	
6.83	0.258	0.019	1.142	
6.87	0.259	0.058	1.041	
6.90	0.262	0.091	0.839	
6.93	0.266	0.118	0.490	
6.97	0.270	0.127	0.028	
7.00	0.275	0.117	-0.377	
7.03	0.278	0.100	-0.712	
7.07	0.282	0.070	-1.026	
7.10	0.283	0.027	-1.193	
7.13	0.283	-0.014	-1.191	
7.17	0.282	-0.054	-1.094	
7.20	0.280	-0.090	-0.883	
7.23	0.276	-0.116	-0.573	
7.27	0.272	-0.129	-0.219	
7.30	0.267	-0.130	0.177	
7.33	0.263	-0.122	0.695	
7.37	0.258	-0.087	1.260	
7.40	0.256	-0.023	1.395	
7.43	0.258	0.014	1.243	
7.47	0.257	0.055	1.138	
7.50	0.261	0.098	0.814	
7.53	0.264	0.111	0.424	
7.57	0.269	0.123	0.092	
7.60	0.273	0.119	-0.267	
7.63	0.277	0.104	-0.602	
7.67	0.280	0.079	-0.923	
7.70	0.282	0.041	-1.150	
7.73	0.283	-0.004	-1.180	
7.77	0.282	-0.043	-1.049	
7.80	0.280	-0.074	-0.882	
7.83	0.277	-0.104	-0.632	
7.87	0.273	-0.119	-0.273	
7.90	0.269	-0.121	0.094	
7.93	0.264	-0.113	0.477	
7.97	0.261	-0.095	0.952	
8.00	0.257	-0.045	1.268	
8.03	0.258	0.006	1.143	
8.07	0.259	0.026	1.088	
8.10	0.259	0.073	1.106	
8.13	0.264	0.115	0.714	
8.17	0.268	0.124	0.211	
8.20	0.272	0.124	-0.189	
8.23	0.276	0.111	-0.546	
8.27	0.280	0.087	-0.843	
8.30	0.282	0.053	-1.076	
8.33	0.283	0.012	-1.198	
8.37	0.283	-0.031	-1.162	
8.40	0.281	-0.069	-0.982	
8.43	0.278	-0.100	-0.681	
8.47	0.274	-0.117	-0.305	
8.50	0.270	-0.119	0.048	
8.53	0.266	-0.112	0.357	
8.57	0.262	-0.096	0.678	
8.60	0.259	-0.072	1.113	
8.63	0.256	-0.017	1.384	
8.67	0.258	0.036	1.192	
8.70	0.260	0.063	0.911	
8.73	0.262	0.093	0.679	
8.77	0.266	0.112	0.359	
8.80	0.270	0.118	0.013	
8.83	0.274	0.114	-0.371	
8.87	0.278	0.094	-0.758	
8.90	0.281	0.060	-1.039	
8.93	0.282	0.021	-1.191	
8.97	0.282	-0.021	-1.240	
9.00	0.281	-0.065	-1.137	
9.03	0.278	-0.110	-0.690	
9.07	0.272	-0.113	-0.174	
9.10	0.271	-0.105	-0.033	
9.13	0.267	-0.124	0.298	
9.17	0.260	-0.093	0.785	
9.20	0.260	-0.052	0.801	
9.23	0.258	-0.043	0.887	
9.27	0.256	-0.006	1.221	
9.30	0.257	0.055	1.131	
9.33	0.261	0.078	0.807	
9.37	0.262	0.095	0.736	
9.40	0.267	0.136	0.406	
9.43	0.273	0.138	-0.309	
9.47	0.277	0.107	-0.822	
9.50	0.280	0.072	-1.038	
9.53	0.282	0.036	-1.139	
9.57	0.282	-0.004	-1.203	
9.60	0.281	-0.046	-1.183	
9.63	0.279	-0.084	-1.060	
9.67	0.276	-0.125	-0.690	
9.70	0.270	-0.140	-0.046	
9.73	0.266	-0.122	0.454	
9.77	0.262	-0.100	0.696	
9.80	0.259	-0.075	0.884	
9.83	0.257	-0.042	1.062	
9.87	0.256	-0.002	1.146	
9.90	0.257	0.037	1.121	
9.93	0.258	0.074	1.027	
9.97	0.262	0.108	0.824	
10.00	0.266	0.137	0.380	
10.03	0.272	0.140	-0.248	
10.07	0.276	0.116	-0.766	
10.10	0.280	0.082	-1.068	
10.13	0.281	0.041	-1.207	
10.17	0.283	-0.006	-1.122	
10.20	0.280	-0.035	-0.951	
10.23	0.280	-0.061	-0.952	
10.27	0.277	-0.109	-0.683	
10.30	0.271	-0.115	-0.172	
10.33	0.269	-0.115	0.232	
10.37	0.263	-0.100	0.616	
10.40	0.262	-0.065	0.730	
10.43	0.260	-0.048	0.761	
10.47	0.258	-0.019	0.906	
10.50	0.259	0.009	1.097	
10.53	0.258	0.059	1.123	
10.57	0.263	0.100	0.704	
10.60	0.266	0.100	0.384	
10.63	0.269	0.119	0.182	
10.67	0.275	0.126	-0.350	
10.70	0.278	0.095	-0.847	
10.73	0.281	0.059	-1.074	
10.77	0.282	0.020	-1.154	
10.80	0.282	-0.019	-1.142	
10.83	0.281	-0.059	-1.022	
10.87	0.278	-0.092	-0.751	
10.90	0.275	-0.111	-0.392	
10.93	0.270	-0.118	-0.003	
10.97	0.266	-0.112	0.393	
11.00	0.263	-0.091	0.732	
11.03	0.260	-0.059	0.942	
11.07	0.259	-0.025	1.039	
11.10	0.258	0.011	1.066	
11.13	0.259	0.049	0.989	
11.17	0.262	0.081	0.785	
11.20	0.265	0.104	0.486	
11.23	0.269	0.115	0.122	
11.27	0.273	0.113	-0.265	
11.30	0.277	0.096	-0.615	
11.33	0.280	0.069	-0.888	
11.37	0.282	0.035	-1.081	
11.40	0.282	-0.006	-1.156	
11.43	0.281	-0.047	-1.052	
11.47	0.279	-0.079	-0.813	
11.50	0.276	-0.103	-0.499	
11.53	0.272	-0.114	-0.144	
11.57	0.268	-0.111	0.188	
11.60	0.264	-0.099	0.479	
11.63	0.261	-0.085	0.886	
11.67	0.257	-0.038	1.191	
11.70	0.259	0.011	1.063	
11.73	0.259	0.027	1.034	
11.77	0.259	0.076	1.045	
11.80	0.264	0.114	0.604	
11.83	0.268	0.117	0.119	
11.87	0.272	0.115	-0.220	
11.90	0.276	0.102	-0.532	
11.93	0.279	0.080	-0.841	
11.97	0.282	0.044	-1.083	
12.00	0.282	0.002	-1.140	
12.03	0.282	-0.035	-1.057	
12.07	0.280	-0.071	-0.867	
12.10	0.277	-0.096	-0.578	
12.13	0.273	-0.111	-0.236	
12.17	0.269	-0.112	0.114	
12.20	0.265	-0.101	0.416	
12.23	0.262	-0.082	0.660	
12.27	0.260	-0.062	0.994	
12.30	0.257	-0.013	1.230	
12.33	0.259	0.036	1.032	
12.37	0.261	0.052	0.853	
12.40	0.262	0.089	0.741	
12.43	0.267	0.115	0.290	
12.47	0.271	0.102	-0.032	
12.50	0.273	0.107	-0.214	
12.53	0.278	0.100	-0.673	
12.57	0.281	0.059	-1.054	
12.60	0.282	0.020	-1.175	
12.63	0.282	-0.022	-1.147	
12.67	0.280	-0.060	-0.973	
12.70	0.278	-0.089	-0.724	
12.73	0.274	-0.109	-0.411	
12.77	0.270	-0.118	-0.030	
12.80	0.266	-0.117	0.461	
12.83	0.261	-0.084	0.848	
12.87	0.261	-0.046	0.880	
12.90	0.259	-0.031	1.010	
12.93	0.257	0.016	1.204	
12.97	0.260	0.064	0.988	
13.00	0.262	0.086	0.647	
13.03	0.266	0.104	0.354	
13.07	0.270	0.110	0.044	
13.10	0.273	0.108	-0.285	
13.13	0.277	0.092	-0.634	
13.17	0.280	0.063	-0.903	
13.20	0.281	0.029	-1.061	
13.23	0.282	-0.011	-1.103	
13.27	0.281	-0.050	-0.987	
13.30	0.278	-0.079	-0.755	
13.33	0.275	-0.101	-0.455	
13.37	0.271	-0.112	-0.087	
13.40	0.267	-0.108	0.291	
13.43	0.264	-0.090	0.600	
13.47	0.261	-0.065	0.821	
13.50	0.259	-0.035	0.987	
13.53	0.259	0.004	1.050	
13.57	0.260	0.039	0.979	
13.60	0.261	0.071	0.820	
13.63	0.264	0.097	0.551	
13.67	0.268	0.110	0.191	
13.70	0.272	0.110	-0.176	
13.73	0.276	0.098	-0.532	
13.77	0.279	0.072	-0.818	
13.80	0.281	0.040	-0.970	
13.83	0.282	0.007	-1.058	
13.87	0.281	-0.033	-1.060	
13.90	0.280	-0.069	-0.892	
13.93	0.276	-0.095	-0.620	
13.97	0.273	-0.110	-0.332	
14.00	0.269	-0.116	-0.038	
14.03	0.265	-0.119	0.420	
14.07	0.260	-0.093	0.978	
14.10	0.258	-0.045	1.289	
14.13	0.257	0.007	1.196	
14.17	0.259	0.035	1.004	
14.20	0.259	0.068	0.902	
14.23	0.264	0.104	0.576	
14.27	0.267	0.109	0.177	
14.30	0.271	0.112	-0.134	
14.33	0.275	0.102	-0.470	
14.37	0.278	0.079	-0.755	
14.40	0.280	0.048	-0.938	
14.43	0.281	0.014	-1.022	
14.47	0.281	-0.022	-1.011	
14.50	0.280	-0.056	-0.880	
14.53	0.277	-0.084	-0.642	
14.57	0.274	-0.102	-0.314	
14.60	0.270	-0.106	0.048	
14.63	0.267	-0.097	0.372	
14.67	0.264	-0.080	0.654	
14.70	0.261	-0.052	0.867	
14.73	0.260	-0.019	0.963	
14.77	0.260	0.014	0.973	
14.80	0.261	0.049	0.886	
14.83	0.263	0.076	0.689	
14.87	0.266	0.096	0.417	
14.90	0.270	0.106	0.089	
14.93	0.274	0.103	-0.267	
14.97	0.277	0.088	-0.612	
15.00	0.280	0.061	-0.891	
15.03	0.281	0.025	-1.046	
15.07	0.281	-0.013	-1.050	
15.10	0.280	-0.048	-0.941	
15.13	0.278	-0.079	-0.730	
15.17	0.275	-0.100	-0.413	
15.20	0.271	-0.108	-0.047	
15.23	0.267	-0.102	0.295	
15.27	0.264	-0.086	0.578	
15.30	0.261	-0.061	0.780	
15.33	0.260	-0.031	0.888	
15.37	0.259	0.000	0.920	
15.40	0.260	0.026	1.017	
15.43	0.260	0.071	0.999	
15.47	0.265	0.107	0.566	
15.50	0.269	0.109	0.088	
15.53	0.272	0.107	-0.242	
15.57	0.276	0.093	-0.545	
15.60	0.279	0.069	-0.796	
15.63	0.281	0.038	-0.986	
15.67	0.282	0.001	-1.077	
15.70	0.281	-0.038	-1.014	
15.73	0.279	-0.070	-0.828	
15.77	0.276	-0.094	-0.583	
15.80	0.273	-0.109	-0.284	
15.83	0.269	-0.121	0.221	
15.87	0.263	-0.094	0.690	
15.90	0.262	-0.058	0.737	
15.93	0.260	-0.052	0.918	
15.97	0.257	-0.004	1.198	
16.00	0.260	0.046	1.006	
16.03	0.262	0.067	0.698	
16.07	0.264	0.087	0.492	
16.10	0.267	0.101	0.241	
16.13	0.271	0.106	-0.092	
16.17	0.275	0.096	-0.444	
16.20	0.278	0.073	-0.707	
16.23	0.280	0.046	-0.890	
16.27	0.281	0.013	-1.014	
16.30	0.281	-0.024	-1.022	
16.33	0.280	-0.059	-0.890	
16.37	0.277	-0.087	-0.650	
16.40	0.273	-0.103	-0.354	
16.43	0.270	-0.110	-0.029	
16.47	0.266	-0.112	0.441	
16.50	0.261	-0.079	0.819	
16.53	0.261	-0.041	0.782	
16.57	0.259	-0.031	0.826	
16.60	0.258	0.003	1.094	
16.63	0.259	0.050	1.143	
16.67	0.261	0.094	0.796	
16.70	0.267	0.104	0.361	
16.73	0.268	0.110	0.106	
16.77	0.274	0.118	-0.305	
16.80	0.277	0.092	-0.744	
16.83	0.280	0.060	-0.967	
16.87	0.281	0.023	-1.050	
16.90	0.281	-0.012	-1.014	
16.93	0.280	-0.046	-0.895	
16.97	0.278	-0.074	-0.690	
17.00	0.275	-0.094	-0.416	
17.03	0.272	-0.104	-0.074	
17.07	0.268	-0.099	0.279	
17.10	0.265	-0.084	0.584	
17.13	0.262	-0.059	0.836	
17.17	0.261	-0.024	0.961	
17.20	0.261	0.009	0.943	
17.23	0.261	0.040	0.849	
17.27	0.263	0.067	0.686	
17.30	0.266	0.088	0.446	
17.33	0.269	0.098	0.148	
17.37	0.273	0.098	-0.158	
17.40	0.276	0.089	-0.481	
17.43	0.279	0.065	-0.779	
17.47	0.281	0.033	-0.954	
17.50	0.281	-0.002	-1.002	
17.53	0.281	-0.035	-0.974	
17.57	0.279	-0.068	-0.865	
17.60	0.276	-0.096	-0.648	
17.63	0.273	-0.120	-0.205	
17.67	0.267	-0.109	0.242	
17.70	0.265	-0.094	0.455	
17.73	0.261	-0.083	0.753	
17.77	0.259	-0.045	1.045	
17.80	0.258	-0.007	1.131	
17.83	0.258	0.034	1.065	
17.87	0.260	0.074	0.727	
17.90	0.264	0.083	0.356	
17.93	0.265	0.084	0.306	
17.97	0.269	0.111	0.082	
18.00	0.274	0.097	-0.343	
18.03	0.275	0.080	-0.597	
18.07	0.280	0.061	-0.922	
18.10	0.281	0.015	-1.115	
18.13	0.280	-0.022	-1.032	
18.17	0.279	-0.055	-0.854	
18.20	0.276	-0.081	-0.601	
18.23	0.273	-0.097	-0.306	
18.27	0.270	-0.101	-0.010	
18.30	0.266	-0.096	0.260	
18.33	0.263	-0.090	0.675	
18.37	0.259	-0.050	1.038	
18.40	0.260	-0.004	0.952	
18.43	0.260	0.009	0.925	
18.47	0.259	0.052	0.997	
18.50	0.264	0.091	0.658	
18.53	0.267	0.098	0.230	
18.57	0.270	0.100	-0.063	
18.60	0.274	0.094	-0.329	
18.63	0.277	0.079	-0.575	
18.67	0.279	0.054	-0.790	
18.70	0.280	0.024	-0.946	
18.73	0.281	-0.010	-1.045	
18.77	0.280	-0.048	-1.015	
18.80	0.277	-0.083	-0.781	
18.83	0.274	-0.110	-0.287	
18.87	0.269	-0.101	0.179	
18.90	0.267	-0.084	0.271	
18.93	0.264	-0.082	0.337	
18.97	0.262	-0.073	0.682	
19.00	0.258	-0.042	1.136	
19.03	0.258	0.018	1.202	
19.07	0.261	0.048	0.965	
19.10	0.261	0.077	0.788	
19.13	0.266	0.108	0.401	
19.17	0.269	0.105	-0.030	
19.20	0.273	0.099	-0.296	
19.23	0.276	0.086	-0.540	
19.27	0.279	0.063	-0.763	
19.30	0.280	0.033	-0.922	
19.33	0.281	-0.001	-0.990	
19.37	0.280	-0.035	-0.973	
19.40	0.279	-0.069	-0.823	
19.43	0.276	-0.093	-0.547	
19.47	0.272	-0.113	-0.073	
19.50	0.267	-0.097	0.368	
19.53	0.266	-0.074	0.439	
19.57	0.263	-0.075	0.655	
19.60	0.259	-0.036	0.972	
19.63	0.261	0.006	0.887	
19.67	0.261	0.019	0.876	
19.70	0.261	0.060	0.917	
19.73	0.265	0.095	0.561	
19.77	0.268	0.099	0.144	
19.80	0.271	0.099	-0.152	
19.83	0.275	0.089	-0.422	
19.87	0.278	0.070	-0.641	
19.90	0.280	0.045	-0.803	
19.93	0.281	0.013	-0.856	
19.97	0.281	-0.017	-0.789	
20.00	0.279	-0.037	-0.701	
