Vernier Format 2
489.6g.txt 6/30/2018 4:49:47
Run 1
Time	Position	Velocity	Acceleration	
T	P	V	A	
s	m	m/s	m/s^2	

0.00	0.275	-0.180	0.296	
0.03	0.269	-0.178	0.618	
0.07	0.262	-0.153	1.070	
0.10	0.258	-0.104	1.448	
0.13	0.255	-0.050	1.630	
0.17	0.255	0.009	1.648	
0.20	0.256	0.064	1.484	
0.23	0.259	0.112	1.149	
0.27	0.264	0.151	0.520	
0.30	0.271	0.148	-0.190	
0.33	0.274	0.131	-0.735	
0.37	0.280	0.103	-1.333	
0.40	0.282	0.039	-1.751	
0.43	0.282	-0.026	-1.768	
0.47	0.280	-0.093	-1.360	
0.50	0.275	-0.121	-0.760	
0.53	0.272	-0.132	-0.386	
0.57	0.267	-0.154	0.159	
0.60	0.260	-0.133	0.961	
0.63	0.257	-0.079	1.480	
0.67	0.255	-0.023	1.646	
0.70	0.255	0.035	1.605	
0.73	0.257	0.088	1.381	
0.77	0.261	0.131	0.970	
0.80	0.266	0.162	0.284	
0.83	0.273	0.157	-0.591	
0.87	0.278	0.114	-1.240	
0.90	0.281	0.063	-1.534	
0.93	0.282	0.007	-1.607	
0.97	0.281	-0.049	-1.483	
1.00	0.279	-0.097	-1.180	
1.03	0.274	-0.131	-0.728	
1.07	0.269	-0.146	-0.191	
1.10	0.264	-0.149	0.489	
1.13	0.258	-0.117	1.228	
1.17	0.256	-0.057	1.645	
1.20	0.255	0.003	1.704	
1.23	0.256	0.061	1.554	
1.27	0.259	0.110	1.232	
1.30	0.263	0.152	0.633	
1.33	0.270	0.161	-0.208	
1.37	0.275	0.133	-0.912	
1.40	0.279	0.092	-1.360	
1.43	0.282	0.037	-1.588	
1.47	0.282	-0.021	-1.567	
1.50	0.280	-0.073	-1.335	
1.53	0.277	-0.114	-0.940	
1.57	0.272	-0.138	-0.429	
1.60	0.267	-0.143	0.128	
1.63	0.262	-0.133	0.765	
1.67	0.257	-0.093	1.400	
1.70	0.255	-0.029	1.698	
1.73	0.256	0.031	1.620	
1.77	0.258	0.083	1.330	
1.80	0.261	0.122	0.911	
1.83	0.266	0.152	0.261	
1.87	0.273	0.141	-0.456	
1.90	0.276	0.114	-0.977	
1.93	0.281	0.077	-1.476	
1.97	0.282	0.011	-1.768	
2.00	0.281	-0.051	-1.683	
2.03	0.279	-0.112	-1.223	
2.07	0.273	-0.144	-0.429	
2.10	0.268	-0.131	0.138	
2.13	0.265	-0.127	0.490	
2.17	0.259	-0.108	1.047	
2.20	0.256	-0.054	1.484	
2.23	0.255	0.002	1.599	
2.27	0.256	0.057	1.510	
2.30	0.259	0.107	1.211	
2.33	0.263	0.147	0.617	
2.37	0.270	0.156	-0.210	
2.40	0.275	0.128	-0.895	
2.43	0.279	0.088	-1.312	
2.47	0.281	0.035	-1.513	
2.50	0.281	-0.019	-1.491	
2.53	0.280	-0.069	-1.285	
2.57	0.276	-0.110	-0.901	
2.60	0.272	-0.132	-0.403	
2.63	0.267	-0.136	0.126	
2.67	0.263	-0.129	0.801	
2.70	0.257	-0.086	1.508	
2.73	0.256	-0.010	1.678	
2.77	0.258	0.043	1.329	
2.80	0.260	0.069	1.124	
2.83	0.261	0.116	0.911	
2.87	0.268	0.147	0.247	
2.90	0.273	0.134	-0.472	
2.93	0.277	0.108	-1.003	
2.97	0.280	0.063	-1.371	
3.00	0.281	0.011	-1.505	
3.03	0.281	-0.042	-1.433	
3.07	0.279	-0.091	-1.148	
3.10	0.274	-0.124	-0.676	
3.13	0.270	-0.137	-0.128	
3.17	0.265	-0.137	0.548	
3.20	0.259	-0.097	1.109	
3.23	0.259	-0.055	1.414	
3.27	0.255	0.000	1.564	
3.30	0.259	0.056	1.433	
3.33	0.259	0.100	1.114	
3.37	0.265	0.139	0.522	
3.40	0.270	0.137	-0.147	
3.43	0.275	0.125	-0.696	
3.47	0.279	0.090	-1.197	
3.50	0.281	0.040	-1.511	
3.53	0.282	-0.016	-1.589	
3.57	0.280	-0.072	-1.402	
3.60	0.277	-0.123	-0.836	
3.63	0.270	-0.130	-0.184	
3.67	0.268	-0.121	0.142	
3.70	0.263	-0.126	0.586	
3.73	0.258	-0.092	1.242	
3.77	0.256	-0.032	1.585	
3.80	0.256	0.025	1.572	
3.83	0.258	0.076	1.356	
3.87	0.261	0.118	0.994	
3.90	0.266	0.151	0.366	
3.93	0.273	0.150	-0.474	
3.97	0.277	0.112	-1.112	
4.00	0.280	0.066	-1.438	
4.03	0.282	0.012	-1.548	
4.07	0.281	-0.044	-1.413	
4.10	0.278	-0.088	-1.089	
4.13	0.275	-0.119	-0.655	
4.17	0.270	-0.133	-0.152	
4.20	0.265	-0.128	0.337	
4.23	0.261	-0.113	0.881	
4.27	0.257	-0.071	1.438	
4.30	0.256	-0.007	1.678	
4.33	0.257	0.052	1.553	
4.37	0.260	0.100	1.226	
4.40	0.263	0.141	0.645	
4.43	0.270	0.151	-0.152	
4.47	0.275	0.126	-0.815	
4.50	0.279	0.088	-1.226	
4.53	0.281	0.039	-1.445	
4.57	0.281	-0.013	-1.466	
4.60	0.280	-0.064	-1.276	
4.63	0.277	-0.103	-0.906	
4.67	0.273	-0.126	-0.458	
4.70	0.268	-0.134	0.025	
4.73	0.263	-0.129	0.637	
4.77	0.258	-0.094	1.280	
4.80	0.256	-0.033	1.609	
4.83	0.256	0.023	1.615	
4.87	0.258	0.077	1.433	
4.90	0.261	0.129	0.898	
4.93	0.268	0.146	0.103	
4.97	0.272	0.129	-0.521	
5.00	0.276	0.105	-0.941	
5.03	0.280	0.066	-1.279	
5.07	0.281	0.015	-1.442	
5.10	0.281	-0.037	-1.364	
5.13	0.278	-0.082	-1.075	
5.17	0.275	-0.112	-0.665	
5.20	0.270	-0.127	-0.195	
5.23	0.266	-0.125	0.319	
5.27	0.262	-0.110	0.931	
5.30	0.258	-0.066	1.542	
5.33	0.256	0.008	1.670	
5.37	0.259	0.062	1.278	
5.40	0.261	0.092	0.835	
5.43	0.265	0.115	0.431	
5.47	0.269	0.124	-0.026	
5.50	0.274	0.115	-0.511	
5.53	0.277	0.089	-0.971	
5.57	0.280	0.048	-1.341	
5.60	0.281	-0.006	-1.506	
5.63	0.280	-0.060	-1.398	
5.67	0.277	-0.105	-1.050	
5.70	0.273	-0.141	-0.381	
5.73	0.266	-0.130	0.291	
5.77	0.264	-0.110	0.684	
5.80	0.259	-0.088	1.121	
5.83	0.257	-0.034	1.462	
5.87	0.257	0.019	1.501	
5.90	0.258	0.072	1.307	
5.93	0.262	0.111	0.916	
5.97	0.266	0.139	0.328	
6.00	0.272	0.138	-0.405	
6.03	0.276	0.106	-0.979	
6.07	0.279	0.066	-1.332	
6.10	0.280	0.014	-1.519	
6.13	0.280	-0.040	-1.500	
6.17	0.278	-0.097	-1.115	
6.20	0.273	-0.125	-0.414	
6.23	0.269	-0.120	0.180	
6.27	0.264	-0.101	0.458	
6.30	0.262	-0.090	0.710	
6.33	0.258	-0.065	1.202	
6.37	0.257	-0.005	1.522	
6.40	0.258	0.056	1.305	
6.43	0.262	0.087	0.897	
6.47	0.264	0.106	0.656	
6.50	0.268	0.138	0.204	
6.53	0.274	0.132	-0.553	
6.57	0.278	0.095	-1.148	
6.60	0.281	0.046	-1.447	
6.63	0.281	-0.009	-1.459	
6.67	0.280	-0.057	-1.264	
6.70	0.277	-0.095	-0.978	
6.73	0.273	-0.123	-0.603	
6.77	0.269	-0.144	0.024	
6.80	0.262	-0.127	0.792	
6.83	0.259	-0.080	1.260	
6.87	0.257	-0.034	1.419	
6.90	0.257	0.017	1.424	
6.93	0.258	0.065	1.264	
6.97	0.262	0.104	0.971	
7.00	0.265	0.138	0.426	
7.03	0.272	0.140	-0.349	
7.07	0.276	0.109	-0.964	
7.10	0.279	0.067	-1.286	
7.13	0.280	0.018	-1.398	
7.17	0.280	-0.031	-1.337	
7.20	0.278	-0.075	-1.130	
7.23	0.275	-0.109	-0.785	
7.27	0.271	-0.136	-0.187	
7.30	0.265	-0.122	0.431	
7.33	0.263	-0.098	0.819	
7.37	0.258	-0.070	1.216	
7.40	0.257	-0.014	1.454	
7.43	0.257	0.037	1.383	
7.47	0.260	0.083	1.136	
7.50	0.263	0.115	0.756	
7.53	0.267	0.140	0.165	
7.57	0.274	0.133	-0.604	
7.60	0.277	0.092	-1.160	
7.63	0.280	0.045	-1.393	
7.67	0.280	-0.005	-1.442	
7.70	0.279	-0.054	-1.335	
7.73	0.277	-0.097	-1.078	
7.77	0.273	-0.135	-0.522	
7.80	0.267	-0.140	0.271	
7.83	0.263	-0.109	0.847	
7.87	0.259	-0.074	1.137	
7.90	0.257	-0.031	1.297	
7.93	0.257	0.015	1.336	
7.97	0.258	0.061	1.232	
8.00	0.261	0.101	0.963	
8.03	0.265	0.134	0.420	
8.07	0.271	0.136	-0.334	
8.10	0.275	0.105	-0.903	
8.13	0.278	0.068	-1.217	
8.17	0.280	0.022	-1.390	
8.20	0.280	-0.028	-1.390	
8.23	0.278	-0.084	-1.004	
8.27	0.273	-0.101	-0.453	
8.30	0.271	-0.102	-0.188	
8.33	0.267	-0.113	0.075	
8.37	0.263	-0.109	0.638	
8.40	0.259	-0.074	1.284	
8.43	0.257	-0.013	1.607	
8.47	0.258	0.051	1.400	
8.50	0.262	0.085	0.984	
8.53	0.263	0.112	0.598	
8.57	0.269	0.132	0.013	
8.60	0.274	0.114	-0.578	
8.63	0.277	0.087	-0.984	
8.67	0.280	0.046	-1.268	
8.70	0.280	-0.002	-1.374	
8.73	0.280	-0.050	-1.294	
8.77	0.277	-0.093	-1.010	
8.80	0.273	-0.128	-0.429	
8.83	0.267	-0.122	0.185	
8.87	0.265	-0.107	0.595	
8.90	0.260	-0.087	1.067	
8.93	0.258	-0.035	1.422	
8.97	0.257	0.025	1.313	
9.00	0.261	0.058	1.014	
9.03	0.262	0.082	0.892	
9.07	0.265	0.125	0.536	
9.10	0.271	0.133	-0.208	
9.13	0.275	0.106	-0.825	
9.17	0.278	0.069	-1.180	
9.20	0.280	0.023	-1.325	
9.23	0.280	-0.024	-1.282	
9.27	0.278	-0.067	-1.069	
9.30	0.275	-0.099	-0.721	
9.33	0.271	-0.117	-0.301	
9.37	0.267	-0.119	0.141	
9.40	0.263	-0.111	0.665	
9.43	0.259	-0.077	1.205	
9.47	0.257	-0.021	1.440	
9.50	0.258	0.028	1.376	
9.53	0.259	0.073	1.176	
9.57	0.263	0.110	0.817	
9.60	0.267	0.136	0.202	
9.63	0.273	0.128	-0.543	
9.67	0.276	0.092	-1.063	
9.70	0.279	0.049	-1.301	
9.73	0.280	0.001	-1.339	
9.77	0.279	-0.045	-1.183	
9.80	0.276	-0.082	-0.873	
9.83	0.273	-0.106	-0.470	
9.87	0.269	-0.114	-0.045	
9.90	0.265	-0.106	0.319	
9.93	0.262	-0.096	0.759	
9.97	0.258	-0.061	1.296	
10.00	0.257	0.001	1.523	
10.03	0.258	0.053	1.358	
10.07	0.261	0.094	1.029	
10.10	0.264	0.128	0.482	
10.13	0.270	0.133	-0.262	
10.17	0.274	0.105	-0.845	
10.20	0.277	0.069	-1.183	
10.23	0.279	0.023	-1.364	
10.27	0.279	-0.026	-1.364	
10.30	0.278	-0.079	-1.040	
10.33	0.273	-0.099	-0.572	
10.37	0.271	-0.113	-0.180	
10.40	0.265	-0.112	0.242	
10.43	0.263	-0.096	0.635	
10.47	0.258	-0.072	1.069	
10.50	0.257	-0.020	1.334	
10.53	0.257	0.026	1.302	
10.57	0.259	0.070	1.129	
10.60	0.262	0.104	0.802	
10.63	0.266	0.131	0.232	
10.67	0.272	0.125	-0.493	
10.70	0.275	0.091	-1.002	
10.73	0.278	0.051	-1.269	
10.77	0.279	0.003	-1.377	
10.80	0.278	-0.045	-1.278	
10.83	0.276	-0.093	-0.856	
10.87	0.271	-0.105	-0.336	
10.90	0.269	-0.103	-0.088	
10.93	0.265	-0.117	0.308	
10.97	0.260	-0.094	0.951	
11.00	0.258	-0.043	1.313	
11.03	0.257	0.004	1.361	
11.07	0.258	0.050	1.252	
11.10	0.261	0.090	0.999	
11.13	0.264	0.125	0.490	
11.17	0.270	0.130	-0.221	
11.20	0.274	0.104	-0.775	
11.23	0.277	0.071	-1.091	
11.27	0.279	0.028	-1.239	
11.30	0.279	-0.016	-1.214	
11.33	0.277	-0.057	-1.053	
11.37	0.275	-0.090	-0.766	
11.40	0.271	-0.111	-0.366	
11.43	0.267	-0.114	0.076	
11.47	0.263	-0.109	0.618	
11.50	0.259	-0.077	1.209	
11.53	0.257	-0.020	1.509	
11.57	0.257	0.040	1.325	
11.60	0.261	0.072	0.974	
11.63	0.262	0.101	0.672	
11.67	0.268	0.125	0.146	
11.70	0.272	0.112	-0.418	
11.73	0.275	0.091	-0.831	
11.77	0.278	0.055	-1.147	
11.80	0.279	0.009	-1.257	
11.83	0.279	-0.034	-1.179	
11.87	0.277	-0.073	-0.961	
11.90	0.274	-0.102	-0.617	
11.93	0.270	-0.115	-0.207	
11.97	0.266	-0.120	0.338	
12.00	0.261	-0.096	0.957	
12.03	0.259	-0.047	1.300	
12.07	0.258	-0.000	1.354	
12.10	0.259	0.046	1.250	
12.13	0.261	0.085	1.007	
12.17	0.264	0.121	0.528	
12.20	0.270	0.128	-0.157	
12.23	0.274	0.106	-0.717	
12.27	0.277	0.073	-1.058	
12.30	0.279	0.031	-1.223	
12.33	0.279	-0.012	-1.224	
12.37	0.278	-0.054	-1.086	
12.40	0.275	-0.089	-0.795	
12.43	0.272	-0.111	-0.382	
12.47	0.268	-0.114	0.064	
12.50	0.264	-0.109	0.599	
12.53	0.259	-0.078	1.178	
12.57	0.258	-0.023	1.489	
12.60	0.258	0.038	1.322	
12.63	0.262	0.070	0.951	
12.67	0.262	0.096	0.637	
12.70	0.268	0.119	0.134	
12.73	0.271	0.108	-0.424	
12.77	0.275	0.086	-0.859	
12.80	0.278	0.047	-1.149	
12.83	0.279	0.005	-1.232	
12.87	0.278	-0.046	-1.007	
12.90	0.274	-0.067	-0.647	
12.93	0.274	-0.078	-0.526	
12.97	0.270	-0.103	-0.340	
13.00	0.266	-0.115	0.229	
13.03	0.261	-0.093	0.933	
13.07	0.259	-0.042	1.310	
13.10	0.258	0.011	1.197	
13.13	0.261	0.040	0.967	
13.17	0.261	0.065	0.939	
13.20	0.264	0.111	0.657	
13.23	0.270	0.124	-0.047	
13.27	0.274	0.104	-0.655	
13.30	0.277	0.072	-1.007	
13.33	0.279	0.032	-1.171	
13.37	0.279	-0.010	-1.177	
13.40	0.278	-0.050	-1.033	
13.43	0.275	-0.082	-0.763	
13.47	0.272	-0.103	-0.419	
13.50	0.268	-0.110	-0.039	
13.53	0.265	-0.110	0.475	
13.57	0.260	-0.083	1.070	
13.60	0.258	-0.030	1.387	
13.63	0.258	0.020	1.370	
13.67	0.260	0.064	1.190	
13.70	0.262	0.106	0.770	
13.73	0.268	0.123	0.129	
13.77	0.271	0.111	-0.421	
13.80	0.275	0.090	-0.807	
13.83	0.278	0.055	-1.065	
13.87	0.279	0.015	-1.173	
13.90	0.279	-0.027	-1.144	
13.93	0.277	-0.065	-0.973	
13.97	0.274	-0.095	-0.676	
14.00	0.270	-0.112	-0.285	
14.03	0.267	-0.120	0.296	
14.07	0.262	-0.098	1.006	
14.10	0.259	-0.045	1.432	
14.13	0.258	0.015	1.342	
14.17	0.261	0.055	0.913	
14.20	0.263	0.065	0.687	
14.23	0.264	0.097	0.551	
14.27	0.270	0.117	0.020	
14.30	0.273	0.099	-0.549	
14.33	0.276	0.072	-0.896	
14.37	0.278	0.036	-1.106	
14.40	0.279	-0.004	-1.182	
14.43	0.278	-0.047	-1.098	
14.47	0.276	-0.082	-0.841	
14.50	0.272	-0.105	-0.485	
14.53	0.269	-0.120	0.043	
14.57	0.263	-0.106	0.675	
14.60	0.261	-0.068	1.084	
14.63	0.259	-0.026	1.235	
14.67	0.259	0.017	1.246	
14.70	0.260	0.058	1.145	
14.73	0.263	0.102	0.770	
14.77	0.268	0.119	0.119	
14.80	0.271	0.105	-0.420	
14.83	0.275	0.085	-0.792	
14.87	0.277	0.052	-1.072	
14.90	0.279	0.010	-1.197	
14.93	0.279	-0.039	-1.013	
14.97	0.275	-0.061	-0.704	
15.00	0.274	-0.076	-0.532	
15.03	0.271	-0.103	-0.402	
15.07	0.267	-0.116	0.161	
15.10	0.262	-0.098	0.871	
15.13	0.259	-0.049	1.294	
15.17	0.258	0.006	1.199	
15.20	0.261	0.035	0.934	
15.23	0.261	0.057	0.891	
15.27	0.264	0.103	0.616	
15.30	0.269	0.108	0.082	
15.33	0.271	0.102	-0.335	
15.37	0.276	0.089	-0.821	
15.40	0.278	0.044	-1.162	
15.43	0.279	0.002	-1.223	
15.47	0.278	-0.041	-1.134	
15.50	0.276	-0.077	-0.884	
15.53	0.273	-0.101	-0.527	
15.57	0.269	-0.120	0.039	
15.60	0.264	-0.105	0.726	
15.63	0.261	-0.055	0.986	
15.67	0.261	-0.029	0.962	
15.70	0.259	-0.002	1.153	
15.73	0.260	0.049	1.250	
15.77	0.262	0.098	0.874	
15.80	0.268	0.117	0.190	
15.83	0.271	0.105	-0.369	
15.87	0.275	0.085	-0.699	
15.90	0.277	0.056	-0.930	
15.93	0.279	0.021	-1.081	
15.97	0.279	-0.018	-1.137	
16.00	0.277	-0.059	-1.035	
16.03	0.274	-0.092	-0.735	
16.07	0.271	-0.117	-0.164	
16.10	0.266	-0.110	0.565	
16.13	0.262	-0.065	0.891	
16.17	0.262	-0.034	0.760	
16.20	0.261	-0.023	0.820	
16.23	0.260	0.010	1.123	
16.27	0.261	0.060	1.157	
16.30	0.264	0.105	0.669	
16.33	0.269	0.115	-0.106	
16.37	0.273	0.083	-0.501	
16.40	0.274	0.071	-0.599	
16.43	0.278	0.054	-0.929	
16.47	0.279	0.008	-1.190	
16.50	0.278	-0.036	-1.140	
16.53	0.276	-0.073	-0.905	
16.57	0.273	-0.098	-0.571	
16.60	0.269	-0.116	-0.074	
16.63	0.264	-0.108	0.555	
16.67	0.261	-0.072	0.985	
16.70	0.259	-0.033	1.140	
16.73	0.259	0.007	1.156	
16.77	0.260	0.045	1.080	
16.80	0.262	0.080	0.905	
16.83	0.265	0.115	0.445	
16.87	0.271	0.120	-0.289	
16.90	0.274	0.089	-0.840	
16.93	0.277	0.053	-1.062	
16.97	0.278	0.009	-0.993	
17.00	0.276	-0.014	-0.876	
17.03	0.277	-0.040	-0.952	
17.07	0.275	-0.083	-0.835	
17.10	0.271	-0.112	-0.254	
17.13	0.266	-0.106	0.479	
17.17	0.263	-0.064	0.782	
17.20	0.262	-0.040	0.724	
17.23	0.261	-0.028	0.922	
17.27	0.259	0.014	1.257	
17.30	0.261	0.074	1.094	
17.33	0.265	0.101	0.498	
17.37	0.269	0.102	-0.029	
17.40	0.272	0.094	-0.423	
17.43	0.275	0.073	-0.744	
17.47	0.277	0.042	-0.964	
17.50	0.278	0.006	-1.081	
17.53	0.278	-0.033	-1.076	
17.57	0.276	-0.071	-0.878	
17.60	0.273	-0.097	-0.487	
17.63	0.269	-0.111	0.098	
17.67	0.264	-0.086	0.571	
17.70	0.264	-0.057	0.639	
17.73	0.262	-0.049	0.812	
17.77	0.259	-0.013	1.206	
17.80	0.260	0.040	1.322	
17.83	0.262	0.091	0.949	
17.87	0.267	0.113	0.255	
17.90	0.271	0.102	-0.308	
17.93	0.274	0.085	-0.635	
17.97	0.276	0.059	-0.866	
18.00	0.278	0.026	-1.020	
18.03	0.278	-0.013	-1.053	
18.07	0.277	-0.050	-0.905	
18.10	0.275	-0.077	-0.606	
18.13	0.272	-0.092	-0.229	
18.17	0.268	-0.092	0.152	
18.20	0.265	-0.081	0.503	
18.23	0.263	-0.057	0.797	
18.27	0.261	-0.030	1.092	
18.30	0.260	0.021	1.182	
18.33	0.263	0.066	0.810	
18.37	0.265	0.076	0.369	
18.40	0.268	0.078	0.200	
18.43	0.270	0.092	-0.026	
18.47	0.275	0.089	-0.569	
18.50	0.277	0.051	-1.017	
18.53	0.278	0.010	-1.149	
18.57	0.278	-0.031	-1.088	
18.60	0.276	-0.065	-0.876	
18.63	0.273	-0.091	-0.558	
18.67	0.270	-0.110	-0.040	
18.70	0.265	-0.100	0.626	
18.73	0.262	-0.053	0.912	
18.77	0.262	-0.029	0.906	
18.80	0.260	-0.006	1.133	
18.83	0.261	0.053	1.125	
18.87	0.264	0.087	0.636	
18.90	0.267	0.093	0.162	
18.93	0.271	0.092	-0.172	
18.97	0.274	0.082	-0.484	
19.00	0.276	0.060	-0.776	
19.03	0.278	0.028	-0.988	
19.07	0.279	-0.010	-1.045	
19.10	0.277	-0.047	-0.906	
19.13	0.275	-0.075	-0.616	
19.17	0.272	-0.090	-0.268	
19.20	0.269	-0.092	0.093	
19.23	0.266	-0.083	0.462	
19.27	0.263	-0.066	0.923	
19.30	0.260	-0.017	1.188	
19.33	0.262	0.031	0.954	
19.37	0.263	0.048	0.644	
19.40	0.265	0.062	0.569	
19.43	0.267	0.090	0.386	
19.47	0.272	0.102	-0.154	
19.50	0.275	0.078	-0.665	
19.53	0.277	0.049	-0.942	
19.57	0.278	0.013	-1.105	
19.60	0.278	-0.028	-1.101	
19.63	0.276	-0.066	-0.884	
19.67	0.274	-0.098	-0.367	
19.70	0.268	-0.091	0.150	
19.73	0.267	-0.073	0.290	
19.77	0.264	-0.070	0.393	
19.80	0.262	-0.058	0.761	
19.83	0.260	-0.022	1.166	
19.87	0.260	0.030	1.258	
19.90	0.262	0.077	0.916	
19.93	0.267	0.091	0.582	
19.97	0.268	0.102	0.576	
20.00	0.273	0.128	0.668	
