380.20	0.016	
381.00	0.016	
381.80	0.016	
382.70	0.016	
383.50	0.016	
384.30	0.016	
385.20	0.016	
386.00	0.017	
386.80	0.016	
387.60	0.016	
388.50	0.016	
389.30	0.016	
390.10	0.016	
391.00	0.016	
391.80	0.016	
392.60	0.017	
393.50	0.017	
394.30	0.017	
395.10	0.016	
395.90	0.016	
396.80	0.017	
397.60	0.018	
398.40	0.017	
399.30	0.017	
400.10	0.016	
400.90	0.016	
401.80	0.016	
402.60	0.017	
403.40	0.017	
404.20	0.016	
405.10	0.016	
405.90	0.016	
406.70	0.016	
407.60	0.016	
408.40	0.016	
409.20	0.016	
410.10	0.016	
410.90	0.016	
411.70	0.017	
412.50	0.017	
413.40	0.017	
414.20	0.017	
415.00	0.016	
415.90	0.016	
416.70	0.016	
417.50	0.016	
418.40	0.017	
419.20	0.016	
420.00	0.017	
420.80	0.016	
421.70	0.017	
422.50	0.016	
423.30	0.017	
424.20	0.017	
425.00	0.018	
425.80	0.017	
426.70	0.017	
427.50	0.016	
428.30	0.016	
429.10	0.017	
430.00	0.016	
430.80	0.017	
431.60	0.017	
432.50	0.018	
433.30	0.017	
434.10	0.017	
435.00	0.017	
435.80	0.017	
436.60	0.017	
437.40	0.017	
438.30	0.017	
439.10	0.017	
439.90	0.017	
440.80	0.017	
441.60	0.018	
442.40	0.017	
443.30	0.017	
444.10	0.017	
444.90	0.017	
445.70	0.018	
446.60	0.017	
447.40	0.017	
448.20	0.016	
449.10	0.016	
449.90	0.016	
450.70	0.016	
451.60	0.016	
452.40	0.017	
453.20	0.017	
454.00	0.017	
454.90	0.017	
455.70	0.017	
456.50	0.017	
457.40	0.017	
458.20	0.017	
459.00	0.017	
459.90	0.017	
460.70	0.017	
461.50	0.016	
462.30	0.017	
463.20	0.017	
464.00	0.017	
464.80	0.017	
465.70	0.016	
466.50	0.017	
467.30	0.016	
468.20	0.016	
469.00	0.016	
469.80	0.017	
470.60	0.016	
471.50	0.017	
472.30	0.017	
473.10	0.016	
474.00	0.016	
474.80	0.016	
475.60	0.017	
476.50	0.018	
477.30	0.019	
478.10	0.019	
478.90	0.020	
479.80	0.019	
480.60	0.020	
481.40	0.020	
482.30	0.020	
483.10	0.020	
483.90	0.020	
484.80	0.020	
485.60	0.020	
486.40	0.020	
487.20	0.020	
488.10	0.019	
488.90	0.017	
489.70	0.016	
490.60	0.017	
491.40	0.018	
492.20	0.017	
493.10	0.017	
493.90	0.016	
494.70	0.016	
495.50	0.016	
496.40	0.016	
497.20	0.016	
498.00	0.017	
498.90	0.017	
499.70	0.017	
500.50	0.016	
501.40	0.016	
502.20	0.016	
503.00	0.016	
503.80	0.016	
504.70	0.017	
505.50	0.016	
506.30	0.016	
507.20	0.016	
508.00	0.016	
508.80	0.016	
509.70	0.015	
510.50	0.016	
511.30	0.016	
512.20	0.016	
513.00	0.017	
513.80	0.016	
514.60	0.017	
515.40	0.017	
516.20	0.017	
517.00	0.017	
517.80	0.017	
518.70	0.016	
519.50	0.016	
520.30	0.016	
521.10	0.016	
521.90	0.017	
522.70	0.017	
523.50	0.018	
524.30	0.017	
525.20	0.016	
526.00	0.016	
526.80	0.016	
527.60	0.016	
528.40	0.016	
529.20	0.016	
530.00	0.016	
530.80	0.016	
531.70	0.016	
532.50	0.016	
533.30	0.016	
534.10	0.016	
534.90	0.017	
535.70	0.017	
536.50	0.017	
537.30	0.017	
538.20	0.016	
539.00	0.016	
539.80	0.016	
540.60	0.016	
541.40	0.016	
542.20	0.017	
543.00	0.016	
543.80	0.016	
544.70	0.016	
545.50	0.016	
546.30	0.017	
547.10	0.016	
547.90	0.016	
548.70	0.016	
549.50	0.016	
550.40	0.016	
551.20	0.016	
552.00	0.016	
552.80	0.016	
553.60	0.016	
554.40	0.016	
555.20	0.016	
556.00	0.017	
556.90	0.016	
557.70	0.016	
558.50	0.017	
559.30	0.017	
560.10	0.017	
560.90	0.016	
561.70	0.017	
562.50	0.018	
563.40	0.018	
564.20	0.018	
565.00	0.017	
565.80	0.017	
566.60	0.017	
567.40	0.017	
568.20	0.018	
569.00	0.018	
569.90	0.017	
570.70	0.017	
571.50	0.017	
572.30	0.017	
573.10	0.019	
573.90	0.019	
574.70	0.020	
575.50	0.019	
576.40	0.019	
577.20	0.018	
578.00	0.019	
578.80	0.019	
579.60	0.019	
580.40	0.019	
581.20	0.018	
582.10	0.018	
582.90	0.019	
583.70	0.019	
584.50	0.018	
585.30	0.017	
586.10	0.017	
586.90	0.018	
587.70	0.019	
588.50	0.019	
589.20	0.019	
590.00	0.018	
590.70	0.018	
591.50	0.018	
592.20	0.018	
593.00	0.018	
593.70	0.018	
594.50	0.018	
595.20	0.018	
596.00	0.018	
596.70	0.018	
597.50	0.018	
598.20	0.018	
599.00	0.017	
599.70	0.018	
600.50	0.018	
601.20	0.019	
602.00	0.018	
602.70	0.018	
603.40	0.018	
604.20	0.019	
604.90	0.019	
605.70	0.019	
606.40	0.019	
607.20	0.019	
607.90	0.018	
608.70	0.018	
609.40	0.017	
610.20	0.017	
610.90	0.017	
611.70	0.017	
612.40	0.018	
613.20	0.018	
613.90	0.017	
614.70	0.017	
615.40	0.017	
616.20	0.018	
616.90	0.017	
617.70	0.018	
618.40	0.018	
619.10	0.017	
619.90	0.018	
620.60	0.018	
621.40	0.018	
622.10	0.018	
622.90	0.018	
623.60	0.018	
624.40	0.018	
625.10	0.017	
625.90	0.017	
626.60	0.017	
627.40	0.017	
628.10	0.017	
628.90	0.017	
629.60	0.017	
630.40	0.017	
631.10	0.018	
631.90	0.017	
632.60	0.017	
633.40	0.017	
634.10	0.017	
634.80	0.018	
635.60	0.018	
636.30	0.018	
637.10	0.018	
637.80	0.018	
638.60	0.018	
639.30	0.018	
640.10	0.018	
640.80	0.018	
641.60	0.018	
642.30	0.017	
643.10	0.017	
643.80	0.017	
644.60	0.018	
645.30	0.018	
646.10	0.019	
646.80	0.019	
647.60	0.020	
648.30	0.021	
649.10	0.021	
649.80	0.021	
650.50	0.022	
651.30	0.023	
652.00	0.026	
652.80	0.034	
653.50	0.083	
654.30	0.198	
655.00	0.290	
655.80	0.328	
656.50	0.255	
657.30	0.174	
658.00	0.094	
658.80	0.052	
659.50	0.033	
660.30	0.025	
661.00	0.022	
661.80	0.020	
662.50	0.020	
663.30	0.019	
664.00	0.019	
664.80	0.019	
665.50	0.018	
666.20	0.018	
667.00	0.018	
667.80	0.019	
668.50	0.018	
669.20	0.018	
670.00	0.018	
670.70	0.018	
671.50	0.018	
672.20	0.017	
672.90	0.017	
673.70	0.018	
674.40	0.017	
675.20	0.017	
675.90	0.017	
676.70	0.017	
677.40	0.017	
678.10	0.017	
678.90	0.017	
679.60	0.017	
680.40	0.017	
681.10	0.017	
681.90	0.017	
682.60	0.017	
683.30	0.016	
684.10	0.016	
684.80	0.016	
685.60	0.016	
686.30	0.016	
687.10	0.016	
687.80	0.016	
688.50	0.016	
689.30	0.016	
690.00	0.016	
690.80	0.017	
691.50	0.017	
692.30	0.017	
693.00	0.017	
693.70	0.016	
694.50	0.017	
695.20	0.017	
696.00	0.017	
696.70	0.017	
697.50	0.016	
698.20	0.016	
698.90	0.016	
699.70	0.016	
700.40	0.015	
701.20	0.015	
701.90	0.015	
702.70	0.016	
703.40	0.016	
704.10	0.016	
704.90	0.016	
705.60	0.017	
706.40	0.017	
707.10	0.016	
707.90	0.016	
708.70	0.015	
709.50	0.015	
710.20	0.015	
711.00	0.016	
711.80	0.016	
712.60	0.017	
713.30	0.017	
714.10	0.017	
714.90	0.017	
715.60	0.016	
716.40	0.016	
717.20	0.016	
718.00	0.016	
718.70	0.016	
719.50	0.016	
720.30	0.016	
721.10	0.016	
721.80	0.016	
722.60	0.016	
723.40	0.015	
724.20	0.015	
724.90	0.016	
725.70	0.016	
726.50	0.017	
727.30	0.017	
728.00	0.017	
728.80	0.016	
729.60	0.016	
730.40	0.016	
731.10	0.015	
731.90	0.016	
732.70	0.016	
733.40	0.016	
734.20	0.015	
735.00	0.015	
735.80	0.016	
736.50	0.016	
737.30	0.016	
738.10	0.016	
738.90	0.016	
739.60	0.016	
740.40	0.016	
741.20	0.016	
742.00	0.016	
742.70	0.017	
743.50	0.017	
744.30	0.017	
745.10	0.016	
745.80	0.016	
746.60	0.016	
747.40	0.016	
748.10	0.015	
748.90	0.015	
749.70	0.015	
750.50	0.016	
751.20	0.016	
752.00	0.016	
752.80	0.016	
753.60	0.016	
754.30	0.017	
755.10	0.016	
755.90	0.016	
756.70	0.015	
757.40	0.016	
758.20	0.016	
759.00	0.017	
759.80	0.016	
760.50	0.016	
761.30	0.016	
762.10	0.016	
762.90	0.016	
763.60	0.016	
764.40	0.016	
765.20	0.016	
765.90	0.016	
766.70	0.016	
767.50	0.016	
768.30	0.016	
769.00	0.015	
769.80	0.016	
770.60	0.016	
771.40	0.017	
772.10	0.016	
772.90	0.017	
773.70	0.017	
774.50	0.016	
775.20	0.016	
776.00	0.016	
776.80	0.017	
777.60	0.016	
778.30	0.016	
779.10	0.015	
779.90	0.016	
780.60	0.016	
781.40	0.016	
782.20	0.015	
783.00	0.016	
783.70	0.016	
784.50	0.016	
785.30	0.016	
786.10	0.016	
786.80	0.016	
787.60	0.016	
788.40	0.016	
789.20	0.016	
789.90	0.016	
790.70	0.016	
791.50	0.016	
792.30	0.015	
793.00	0.015	
793.80	0.016	
794.60	0.016	
795.40	0.016	
796.10	0.016	
796.90	0.015	
797.70	0.015	
798.40	0.016	
799.20	0.016	
800.00	0.015	
800.80	0.016	
801.50	0.016	
802.30	0.016	
803.10	0.016	
803.90	0.016	
804.60	0.016	
805.40	0.016	
806.20	0.015	
807.00	0.015	
807.70	0.015	
808.50	0.015	
809.30	0.016	
810.10	0.016	
810.80	0.016	
811.60	0.015	
812.40	0.015	
813.10	0.016	
813.90	0.016	
814.70	0.016	
815.50	0.015	
816.20	0.016	
817.00	0.016	
817.80	0.016	
818.60	0.015	
819.30	0.016	
820.10	0.016	
820.90	0.016	
821.70	0.015	
822.40	0.015	
823.20	0.015	
824.00	0.015	
824.80	0.015	
825.50	0.015	
826.30	0.016	
827.10	0.015	
827.80	0.015	
828.60	0.015	
829.40	0.015	
830.20	0.015	
830.90	0.015	
831.70	0.015	
832.60	0.015	
833.40	0.015	
834.30	0.016	
835.10	0.016	
836.00	0.016	
836.80	0.016	
837.70	0.015	
838.50	0.015	
839.40	0.015	
840.20	0.015	
841.10	0.015	
841.90	0.015	
842.80	0.016	
843.60	0.016	
844.50	0.017	
845.30	0.017	
846.20	0.016	
847.00	0.016	
847.90	0.015	
848.70	0.016	
849.60	0.016	
850.40	0.016	
851.30	0.016	
852.10	0.016	
853.00	0.016	
853.80	0.015	
854.70	0.015	
855.50	0.015	
856.40	0.015	
857.20	0.015	
858.10	0.015	
858.90	0.014	
859.80	0.014	
860.60	0.014	
861.50	0.014	
862.30	0.015	
863.20	0.015	
864.00	0.015	
864.90	0.015	
865.70	0.016	
866.60	0.016	
867.40	0.016	
868.30	0.016	
869.10	0.015	
870.00	0.016	
870.80	0.016	
871.70	0.016	
872.50	0.016	
873.40	0.016	
874.20	0.016	
875.10	0.015	
875.90	0.015	
876.80	0.015	
877.60	0.016	
878.50	0.015	
879.30	0.016	
880.20	0.015	
881.00	0.014	
881.90	0.014	
882.70	0.015	
883.60	0.016	
884.40	0.015	
885.30	0.014	
886.10	0.015	
887.00	0.015	
887.80	0.015	
888.70	0.015	
889.50	0.015	
890.40	0.015	
891.20	0.015	
892.10	0.015	
892.90	0.016	
893.80	0.016	
894.60	0.016	
895.50	0.015	
896.30	0.015	
897.20	0.015	
898.00	0.015	
898.90	0.015	
899.70	0.016	
