380.20	0.019	
381.00	0.019	
381.80	0.019	
382.70	0.019	
383.50	0.019	
384.30	0.019	
385.20	0.019	
386.00	0.019	
386.80	0.019	
387.60	0.019	
388.50	0.019	
389.30	0.020	
390.10	0.020	
391.00	0.021	
391.80	0.022	
392.60	0.022	
393.50	0.023	
394.30	0.023	
395.10	0.023	
395.90	0.023	
396.80	0.023	
397.60	0.023	
398.40	0.023	
399.30	0.023	
400.10	0.022	
400.90	0.022	
401.80	0.022	
402.60	0.023	
403.40	0.023	
404.20	0.022	
405.10	0.023	
405.90	0.022	
406.70	0.023	
407.60	0.022	
408.40	0.023	
409.20	0.023	
410.10	0.024	
410.90	0.023	
411.70	0.023	
412.50	0.023	
413.40	0.023	
414.20	0.022	
415.00	0.022	
415.90	0.023	
416.70	0.023	
417.50	0.023	
418.40	0.022	
419.20	0.023	
420.00	0.023	
420.80	0.024	
421.70	0.026	
422.50	0.029	
423.30	0.032	
424.20	0.034	
425.00	0.035	
425.80	0.034	
426.70	0.033	
427.50	0.033	
428.30	0.033	
429.10	0.033	
430.00	0.033	
430.80	0.032	
431.60	0.032	
432.50	0.033	
433.30	0.034	
434.10	0.035	
435.00	0.035	
435.80	0.037	
436.60	0.036	
437.40	0.038	
438.30	0.035	
439.10	0.035	
439.90	0.034	
440.80	0.032	
441.60	0.030	
442.40	0.027	
443.30	0.025	
444.10	0.023	
444.90	0.022	
445.70	0.022	
446.60	0.021	
447.40	0.021	
448.20	0.021	
449.10	0.020	
449.90	0.019	
450.70	0.019	
451.60	0.019	
452.40	0.019	
453.20	0.019	
454.00	0.019	
454.90	0.019	
455.70	0.019	
456.50	0.019	
457.40	0.019	
458.20	0.020	
459.00	0.019	
459.90	0.019	
460.70	0.019	
461.50	0.018	
462.30	0.018	
463.20	0.018	
464.00	0.019	
464.80	0.019	
465.70	0.019	
466.50	0.020	
467.30	0.019	
468.20	0.018	
469.00	0.018	
469.80	0.017	
470.60	0.018	
471.50	0.018	
472.30	0.019	
473.10	0.018	
474.00	0.018	
474.80	0.018	
475.60	0.019	
476.50	0.020	
477.30	0.019	
478.10	0.019	
478.90	0.018	
479.80	0.019	
480.60	0.019	
481.40	0.019	
482.30	0.019	
483.10	0.018	
483.90	0.018	
484.80	0.018	
485.60	0.018	
486.40	0.019	
487.20	0.019	
488.10	0.019	
488.90	0.018	
489.70	0.018	
490.60	0.019	
491.40	0.018	
492.20	0.018	
493.10	0.018	
493.90	0.019	
494.70	0.019	
495.50	0.018	
496.40	0.018	
497.20	0.018	
498.00	0.018	
498.90	0.018	
499.70	0.018	
500.50	0.018	
501.40	0.018	
502.20	0.017	
503.00	0.018	
503.80	0.018	
504.70	0.018	
505.50	0.018	
506.30	0.018	
507.20	0.018	
508.00	0.018	
508.80	0.018	
509.70	0.018	
510.50	0.018	
511.30	0.019	
512.20	0.018	
513.00	0.019	
513.80	0.019	
514.60	0.019	
515.40	0.019	
516.20	0.019	
517.00	0.019	
517.80	0.019	
518.70	0.019	
519.50	0.019	
520.30	0.019	
521.10	0.019	
521.90	0.020	
522.70	0.019	
523.50	0.020	
524.30	0.019	
525.20	0.019	
526.00	0.019	
526.80	0.019	
527.60	0.020	
528.40	0.020	
529.20	0.020	
530.00	0.020	
530.80	0.020	
531.70	0.020	
532.50	0.020	
533.30	0.020	
534.10	0.021	
534.90	0.022	
535.70	0.023	
536.50	0.024	
537.30	0.025	
538.20	0.027	
539.00	0.031	
539.80	0.037	
540.60	0.055	
541.40	0.116	
542.20	0.258	
543.00	0.378	
543.80	0.385	
544.70	0.249	
545.50	0.112	
546.30	0.041	
547.10	0.028	
547.90	0.026	
548.70	0.025	
549.50	0.023	
550.40	0.023	
551.20	0.022	
552.00	0.022	
552.80	0.022	
553.60	0.021	
554.40	0.021	
555.20	0.021	
556.00	0.020	
556.90	0.020	
557.70	0.020	
558.50	0.020	
559.30	0.020	
560.10	0.020	
560.90	0.020	
561.70	0.020	
562.50	0.021	
563.40	0.021	
564.20	0.021	
565.00	0.021	
565.80	0.021	
566.60	0.021	
567.40	0.020	
568.20	0.021	
569.00	0.021	
569.90	0.022	
570.70	0.022	
571.50	0.023	
572.30	0.025	
573.10	0.029	
573.90	0.043	
574.70	0.077	
575.50	0.101	
576.40	0.115	
577.20	0.108	
578.00	0.091	
578.80	0.066	
579.60	0.038	
580.40	0.026	
581.20	0.022	
582.10	0.021	
582.90	0.021	
583.70	0.020	
584.50	0.020	
585.30	0.020	
586.10	0.020	
586.90	0.019	
587.70	0.020	
588.50	0.019	
589.20	0.019	
590.00	0.020	
590.70	0.020	
591.50	0.020	
592.20	0.020	
593.00	0.019	
593.70	0.019	
594.50	0.019	
595.20	0.018	
596.00	0.018	
596.70	0.018	
597.50	0.019	
598.20	0.019	
599.00	0.019	
599.70	0.018	
600.50	0.018	
601.20	0.019	
602.00	0.019	
602.70	0.020	
603.40	0.019	
604.20	0.019	
604.90	0.019	
605.70	0.019	
606.40	0.018	
607.20	0.017	
607.90	0.017	
608.70	0.018	
609.40	0.019	
610.20	0.018	
610.90	0.018	
611.70	0.018	
612.40	0.018	
613.20	0.018	
613.90	0.018	
614.70	0.018	
615.40	0.018	
616.20	0.018	
616.90	0.018	
617.70	0.018	
618.40	0.018	
619.10	0.018	
619.90	0.018	
620.60	0.018	
621.40	0.018	
622.10	0.018	
622.90	0.018	
623.60	0.018	
624.40	0.018	
625.10	0.018	
625.90	0.018	
626.60	0.018	
627.40	0.018	
628.10	0.017	
628.90	0.017	
629.60	0.017	
630.40	0.018	
631.10	0.018	
631.90	0.018	
632.60	0.018	
633.40	0.017	
634.10	0.017	
634.80	0.017	
635.60	0.018	
636.30	0.018	
637.10	0.018	
637.80	0.017	
638.60	0.018	
639.30	0.018	
640.10	0.019	
640.80	0.018	
641.60	0.018	
642.30	0.017	
643.10	0.017	
643.80	0.017	
644.60	0.017	
645.30	0.017	
646.10	0.017	
646.80	0.018	
647.60	0.018	
648.30	0.017	
649.10	0.018	
649.80	0.018	
650.50	0.018	
651.30	0.018	
652.00	0.017	
652.80	0.017	
653.50	0.018	
654.30	0.018	
655.00	0.018	
655.80	0.018	
656.50	0.018	
657.30	0.017	
658.00	0.017	
658.80	0.017	
659.50	0.018	
660.30	0.018	
661.00	0.017	
661.80	0.018	
662.50	0.019	
663.30	0.019	
664.00	0.018	
664.80	0.018	
665.50	0.018	
666.20	0.019	
667.00	0.019	
667.80	0.019	
668.50	0.019	
669.20	0.019	
670.00	0.019	
670.70	0.019	
671.50	0.019	
672.20	0.019	
672.90	0.019	
673.70	0.020	
674.40	0.019	
675.20	0.020	
675.90	0.019	
676.70	0.020	
677.40	0.019	
678.10	0.019	
678.90	0.019	
679.60	0.019	
680.40	0.019	
681.10	0.019	
681.90	0.019	
682.60	0.020	
683.30	0.020	
684.10	0.020	
684.80	0.020	
685.60	0.021	
686.30	0.021	
687.10	0.022	
687.80	0.022	
688.50	0.022	
689.30	0.023	
690.00	0.023	
690.80	0.024	
691.50	0.025	
692.30	0.028	
693.00	0.033	
693.70	0.062	
694.50	0.153	
695.20	0.227	
696.00	0.254	
696.70	0.210	
697.50	0.167	
698.20	0.132	
698.90	0.091	
699.70	0.060	
700.40	0.041	
701.20	0.033	
701.90	0.031	
702.70	0.031	
703.40	0.034	
704.10	0.049	
704.90	0.081	
705.60	0.107	
706.40	0.109	
707.10	0.090	
707.90	0.070	
708.70	0.060	
709.50	0.049	
710.20	0.040	
711.00	0.033	
711.80	0.029	
712.60	0.028	
713.30	0.027	
714.10	0.027	
714.90	0.027	
715.60	0.026	
716.40	0.025	
717.20	0.024	
718.00	0.023	
718.70	0.022	
719.50	0.022	
720.30	0.022	
721.10	0.022	
721.80	0.022	
722.60	0.022	
723.40	0.021	
724.20	0.022	
724.90	0.023	
725.70	0.024	
726.50	0.024	
727.30	0.025	
728.00	0.025	
728.80	0.025	
729.60	0.026	
730.40	0.025	
731.10	0.025	
731.90	0.025	
732.70	0.025	
733.40	0.026	
734.20	0.026	
735.00	0.028	
735.80	0.030	
736.50	0.032	
737.30	0.034	
738.10	0.036	
738.90	0.038	
739.60	0.042	
740.40	0.045	
741.20	0.047	
742.00	0.048	
742.70	0.048	
743.50	0.046	
744.30	0.040	
745.10	0.035	
745.80	0.033	
746.60	0.033	
747.40	0.036	
748.10	0.041	
748.90	0.053	
749.70	0.085	
750.50	0.137	
751.20	0.184	
752.00	0.194	
752.80	0.181	
753.60	0.169	
754.30	0.172	
755.10	0.178	
755.90	0.176	
756.70	0.165	
757.40	0.140	
758.20	0.111	
759.00	0.087	
759.80	0.079	
760.50	0.078	
761.30	0.092	
762.10	0.127	
762.90	0.177	
763.60	0.310	
764.40	0.431	
765.20	0.484	
765.90	0.465	
766.70	0.451	
767.50	0.511	
768.30	0.534	
769.00	0.528	
769.80	0.482	
770.60	0.421	
771.40	0.332	
772.10	0.254	
772.90	0.214	
773.70	0.198	
774.50	0.181	
775.20	0.160	
776.00	0.151	
776.80	0.177	
777.60	0.183	
778.30	0.185	
779.10	0.158	
779.90	0.131	
780.60	0.100	
781.40	0.069	
782.20	0.051	
783.00	0.038	
783.70	0.032	
784.50	0.028	
785.30	0.027	
786.10	0.027	
786.80	0.026	
787.60	0.027	
788.40	0.027	
789.20	0.028	
789.90	0.029	
790.70	0.030	
791.50	0.032	
792.30	0.036	
793.00	0.042	
793.80	0.046	
794.60	0.050	
795.40	0.058	
796.10	0.076	
796.90	0.097	
797.70	0.111	
798.40	0.121	
799.20	0.141	
800.00	0.161	
800.80	0.176	
801.50	0.186	
802.30	0.219	
803.10	0.252	
803.90	0.272	
804.60	0.269	
805.40	0.273	
806.20	0.290	
807.00	0.297	
807.70	0.285	
808.50	0.274	
809.30	0.277	
810.10	0.286	
810.80	0.278	
811.60	0.284	
812.40	0.306	
813.10	0.349	
813.90	0.365	
814.70	0.378	
815.50	0.363	
816.20	0.355	
817.00	0.367	
817.80	0.362	
818.60	0.365	
819.30	0.314	
820.10	0.287	
820.90	0.248	
821.70	0.225	
822.40	0.194	
823.20	0.156	
824.00	0.125	
824.80	0.097	
825.50	0.079	
826.30	0.062	
827.10	0.052	
827.80	0.048	
828.60	0.048	
829.40	0.049	
830.20	0.050	
830.90	0.053	
831.70	0.054	
832.60	0.058	
833.40	0.060	
834.30	0.061	
835.10	0.061	
836.00	0.060	
836.80	0.058	
837.70	0.055	
838.50	0.054	
839.40	0.056	
840.20	0.055	
841.10	0.055	
841.90	0.058	
842.80	0.064	
843.60	0.067	
844.50	0.069	
845.30	0.071	
846.20	0.072	
847.00	0.073	
847.90	0.069	
848.70	0.066	
849.60	0.066	
850.40	0.066	
851.30	0.067	
852.10	0.066	
853.00	0.065	
853.80	0.063	
854.70	0.060	
855.50	0.055	
856.40	0.052	
857.20	0.046	
858.10	0.044	
858.90	0.040	
859.80	0.038	
860.60	0.036	
861.50	0.033	
862.30	0.031	
863.20	0.029	
864.00	0.027	
864.90	0.025	
865.70	0.025	
866.60	0.024	
867.40	0.024	
868.30	0.024	
869.10	0.023	
870.00	0.023	
870.80	0.022	
871.70	0.022	
872.50	0.021	
873.40	0.021	
874.20	0.021	
875.10	0.021	
875.90	0.020	
876.80	0.020	
877.60	0.020	
878.50	0.020	
879.30	0.020	
880.20	0.020	
881.00	0.020	
881.90	0.019	
882.70	0.019	
883.60	0.019	
884.40	0.019	
885.30	0.019	
886.10	0.019	
887.00	0.019	
887.80	0.018	
888.70	0.018	
889.50	0.018	
890.40	0.018	
891.20	0.019	
892.10	0.019	
892.90	0.018	
893.80	0.018	
894.60	0.018	
895.50	0.017	
896.30	0.017	
897.20	0.017	
898.00	0.017	
898.90	0.018	
899.70	0.018	
